10063848
10567559
10819047
11168135
11714556
12172899
12433684
12518207
12645603
12710482
13121357
13212642
13377024
13403990
13584524
13612925
13649511
13714596
13820977
13915956
13985416
14337698
14574053
14779805
14876983
14991695
15219428
15311498
15495658
15657151
15767880
16504686
16673167
16681783
16764545
16800932
17169787
17334503
17589023
17589753
17961408
18359672
18459871
18626286
18656726
19063128
19993902
20125048
20375982
20380667
20551923
20615656
20947073
21016800
21078750
21135997
21260932
21365899
21519501
21693130
21722072
21925214
21928766
21942885
22008909
22089406
22329562
22388882
22443423
22464642
22524144
22737039
22755151
22909918
23112720
23147151
23330139
23448988
23492965
23556330
23803233
24166715
24293645
24359373
24515281
24615933
24648057
24688908
25114679
25184968
25295271
25578394
25579987
25666580
25710877
25732273
25788633
25851978
25876669
26252065
26260552
26491036
26634322
27032391
27092708
27506547
27593313
27661484
27906854
27958931
28062737
28087211
28293667
28459885
28774389
28872399
28968313
29545650
29927313
30334128
30437485
30496726
30650305
30774793
30926764
30995634
31212099
31375513
31482799
31979873
32122830
32628476
32701165
32711781
32871291
32884715
33026852
33150920
33249174
33370992
33421795
33467109
33582322
33636360
34161800
34211038
34410653
34679665
35687052
35823024
36191523
36744622
37028848
37116868
37472808
37491854
37659913
37685322
37690159
37777093
38005407
38011150
38109152
38279451
38613587
38750781
38802792
38986984
39031428
39113159
39113940
39461686
39659591
39744796
39797355
39952535
39971769
40075026
40482335
40608284
41239424
41353337
41402236
41411233
41460404
41488249
41521712
41754621
41791800
41874721
42022211
42022981
42085719
42250319
42463134
42517375
42808254
43019007
43121200
43191015
43282613
43351125
43410046
43521457
43564245
43575628
43611110
44179934
44240323
44319738
44333407
44387624
44486904
44786795
45433357
45587349
46116444
46297758
46317436
46433005
46623556
46712122
46812083
46836525
46889090
47291279
47417579
47527960
47607478
47814081
47870885
47987040
48030299
48109152
48375714
48545101
48607718
48635336
48660538
48739821
49304867
49425346
49593618
49781854
49812545
50406165
50614738
51322873
51557113
51703421
52332405
52795046
53018543
53947200
53994022
54209552
54262538
54471652
54979875
55122216
55235568
55651076
55657024
55774093
56177651
56615781
56723973
56996802
57091207
57446736
57590481
57806867
57926273
58098368
58149217
58323391
58388514
58421291
58468737
58516644
58931387
59035167
59101097
59173063
59248748
59269345
59479780
59757115
59875605
59904416
59958961
60028498
60030107
60716960
60907470
60924850
61827020
61833351
62391595
62463787
62635100
62731784
62824595
63978433
64086033
64199257
64595982
64605076
64625533
64915378
64965675
65059285
65470077
65520473
65679444
66020352
66943659
66990401
67474199
67561515
67791600
67971033
67972339
68045363
68152590
68767167
68806047
68857190
69308843
69381947
69401407
69409761
69434612
69658953
69662207
69782586
70068833
70126952
70478514
70874530
71292817
71440461
71636854
71864345
72058754
72235080
72448039
72478147
72846452
72871760
72940219
73332517
73608534
73690810
73852400
74004115
74015290
74148467
74364121
74820368
75021033
75196368
75289185
75631385
75687046
75942090
76305233
76406818
76642750
76792928
76940373
76987636
77079654
77193377
77440925
77507640
77547513
77591403
78125026
78496696
78704298
79027646
79102042
79136243
79254786
79699162
79774286
79849001
80159895
80280623
80419039
80558997
80948547
80970812
80990363
81053267
81321056
81371251
81485332
81522758
81539072
81859226
81897121
82126604
82158363
82596880
82748192
82922113
83447197
83488287
83701568
83838533
84191479
84318182
84498201
85163211
85769440
85800593
86036936
86431549
86661230
86716609
86986387
87015331
87912758
88040210
88099150
88549050
88860655
88899922
89003762
89033607
89160788
89394473
89649109
90094470
90169514
90251893
90284665
90335502
90431049
90738226
90783899
90839351
90956253
91041674
91259299
91463166
91677472
91758709
92065311
92345407
92403161
92477094
92522895
92558354
93138095
93188467
93308160
93422260
93756515
93782724
94158927
94164912
94565215
94686790
94790916
94992064
95247384
95313401
95314390
95355053
95396479
95660392
95752314
95792283
95820313
96077929
96104255
96445241
96663128
96742339
97138577
97307121
97486300
97592668
97755628
97969367
98120221
98431651
98531517
98960686
99186608
99320025
99726866
99821180
99887392
99901679
99974758
100064475
100173257
100222042
100280891
100680303
100735656
100846958
100898558
102106533
102663433
102780083
102789574
102942570
102951438
102960421
103227657
103371214
103482172
103490079
103529065
103727837
103841374
103861012
103898297
103935315
104394787
104467262
104671820
104776536
104949908
105016749
105028343
105414273
105546359
105706212
105739760
105959176
106059789
106244089
106392283
106410884
106453196
106524565
107351768
107675968
108508697
108661943
109050980
109052907
109164583
109325714
109570123
109851034
110256938
110259888
110299949
110406212
110534717
110580011
110814637
110990636
110999336
111250210
111300330
111366278
111506445
111574394
112355081
112421274
112805349
113011752
113202617
113233460
113676441
114049108
114262088
114387577
114426034
114540652
114862361
115068479
115204719
115280212
115773555
116111555
116196324
116271776
116303109
116340143
116757832
117436827
117455391
117867502
118314352
118322031
118589631
119072646
119212223
119584415
119618641
119626611
119660578
119911827
120122890
120261597
120439650
120513426
120856505
120875943
121123618
121137981
121488050
121502303
121508095
121631794
121728258
121904638
122035252
122367824
122417461
123005541
123157082
123418015
123596402
123620671
123688526
124111973
124327242
124408113
124804134
125650529
125889725
126431196
126749431
126887041
126914469
126923692
127267476
127303598
127577741
127922877
127963045
128177732
128229008
128379086
128456284
128478980
128612815
128820432
129195704
129221483
129293612
130047847
130494467
130514879
131065409
131398923
131557882
132171686
132200048
132229227
132535916
132843657
132885400
132929879
133075819
133325624
134038677
134633118
134993923
135228169
135285693
135311186
135423166
135425894
135511749
135699484
135818984
136613477
136635901
136646861
136868765
137233087
137586506
138762761
138917209
139009401
139564194
139577175
139771324
140233966
140353023
140476220
140489105
140563390
140747186
140763083
140865916
141197502
141234559
141709790
141800718
141974992
142173274
142252062
142259934
142435754
142439380
142448178
142700333
142971039
143087107
143155304
143459796
143570402
143693801
144096684
144191494
144474888
144551174
144580703
144675902
144729024
145036935
145161622
145187460
145405721
145428441
146681207
146705264
147309039
148128792
148140832
148228018
148269685
148358029
148434737
148532404
148622435
149001241
149153092
149353019
149535099
149827147
150045994
150146268
150380540
150411858
150578850
150772491
150797127
150807146
150933030
151074685
151100723
151447670
151451460
151566681
151748731
151856186
152153533
152196552
152204949
152392702
152403902
152593520
152599283
152703709
153598636
153649698
153926448
153964171
153976032
154152912
154314662
154392457
154423603
154787335
154954032
155306228
155329368
155755324
155901049
155951411
156243474
156455818
156897603
157612976
157814695
157903195
157920396
158672154
158742347
158745533
159093940
159572817
159698644
160014197
160292061
160388520
160498789
160871073
161042971
161212509
161506207
161725610
162021049
162073326
162086191
162362288
162404734
162522202
162652530
162768644
162811913
162823180
163508271
163793113
163940764
164060980
164175621
164302750
164451725
164526208
164795447
164797924
165235876
165263089
165370284
165377427
165865195
166960489
166991979
167051849
167130926
167204129
167569599
167589564
167673540
167787778
167807670
167894103
168027303
168255639
168530499
168566416
168711808
168777523
168853144
169043221
169113398
169375224
169481249
169732884
169743571
170175691
170446122
170591025
170672091
170720303
170783394
171187557
171329102
171480585
171542067
172185516
172273755
172316035
172329850
172412573
172645224
172781930
172857557
172878517
173026861
173172989
173341021
173363929
173877925
174274149
174304953
174349882
174429089
174642136
174689969
174896984
174991184
175182737
175201265
175321977
175586146
175635793
176141982
176320521
176477110
176720525
176804310
177577839
177755435
178167732
178186601
178234636
178313217
178347689
178384905
178555295
178672894
178677519
178699193
179056561
179122795
179173143
179198807
179488077
179574048
180112431
180187679
180242122
180311042
180370533
180448295
180460139
180774211
181203919
181526860
181568647
181787985
182229260
182634381
182717250
182810629
182852035
182867880
183183788
183224522
183320015
183507846
183730455
183746785
183860566
183938349
184112839
184147970
184350068
184471759
184543775
184821603
184852207
185158377
185161110
185635890
185752994
185768918
185998740
186088353
186293101
186315379
186487448
186628780
186636875
186774110
187164466
187266583
188029888
188600243
188612504
188820091
189059628
189159348
189555265
189769500
190159049
190350923
190367956
190460386
190875876
190994193
191007016
191092587
191129592
191134393
191161823
191533072
192632716
192777357
193110824
193201965
193530384
193668329
193718227
193794370
194032399
194051176
194103067
194258496
194310750
194322754
194513932
194595692
194618225
194895249
194896738
194960018
195044335
195059982
195104766
195494641
195785489
195924938
196212766
196423314
196471744
197054495
197090915
197163765
197351844
197498507
197650548
197709583
197726290
198325952
198364346
198374715
198534799
198603705
199031834
199077538
199139954
199147281
199224486
199308894
199828475
199893149
