15071878
15956856
18074842
21008901
25013310
25571246
28445602
28549989
31441457
31673941
35381389
36605665
40829716
44947512
45838756
51345430
53884901
53978968
57753582
58811995
58859186
58954879
62744236
64899322
65051268
69919070
70188135
72831808
74276101
77734069
78190930
78914761
79126512
81829610
82624501
86964335
89535797
90196277
94159880
95050808
95736253
97252553
101882389
102437703
104208407
107176071
108476095
109640812
109763771
110163536
111294237
112747312
113398544
113645492
113884018
113997572
119216770
120590389
121367913
121640376
123696372
124144718
125391678
130151602
131498252
132713860
134435016
136218259
137819966
142497283
145112022
145492596
149971870
151098996
152335964
156258877
159042143
159269457
159445869
159858444
160524574
162277819
163262629
167427494
168970226
169940375
170148109
172466835
174412813
181404510
184728293
186299390
187531451
187942144
189262369
191682538
197836362
198670827
199687761
