10057858
10134661
10143018
10167159
10381585
10446569
10609838
10870379
10885666
11013411
11106978
11124922
11130524
11154359
11356158
11366073
11405270
11592351
11626532
11859211
11954067
12012123
12036500
12099296
12106336
12277602
12315041
12467153
12469619
12530412
12666417
12709637
12809298
12949272
12982982
12992796
13029136
13083862
13334708
13369133
13386954
13470117
13518981
13571052
13604919
13614301
13633446
13650088
13690185
13869799
13964576
14192099
14463729
14575804
14652848
14816105
14999596
15159325
15163577
15185030
15203799
15290200
15349745
15365509
15442819
15452863
15459142
15541296
15566954
15678845
15696618
15745366
15812237
15827827
15829720
15849212
15896912
15915543
15919578
16028187
16045750
16051633
16091671
16235868
16269077
16284223
16312914
16366113
16377629
16771986
16808887
16823513
16870109
17038782
17118880
17128894
17257444
17338301
17487762
17670775
17673289
17698418
17875911
17883283
17900905
17931343
17998305
18105041
18129410
18222522
18300635
18316748
18461421
18487271
18582059
18600095
18627364
18682585
18927871
19013710
19133567
19180824
19208443
19379157
19630327
19676693
19682056
19849723
20014109
20065042
20093728
20109456
20195291
20298001
20361212
20381719
20444668
20459686
20521023
20551355
20656218
20662150
20826211
20847813
20869425
20874293
20932252
21025794
21041914
21104893
21146940
21221844
21291635
21480204
21718748
21780751
21818822
21947116
22032805
22097988
22141322
22189818
22215641
22281005
22310086
22323430
22356260
22419059
22428285
22794454
22865484
22867424
22992252
23222517
23275082
23329300
23458236
23557126
23700776
23716495
23899330
24101528
24157059
24199036
24215387
24261668
24363884
24425597
24504319
24700050
24931402
25075389
25144258
25392344
25476931
25625768
25752822
25783375
25843496
25959822
25962788
26257554
26363757
26402418
26446537
26546683
26572457
26721865
26808300
26815481
26935961
26987372
27072581
27102787
27206865
27353108
27395333
27395950
27519896
27558410
27592353
27728333
27780423
27799219
27843008
27943163
27973887
28070348
28072858
28104532
28118399
28200446
28252034
28253848
28296897
28343986
28373672
28379480
28402033
28487889
28573028
28621037
28780687
28796400
28970918
28990902
29018913
29143126
29164338
29219420
29346337
29396768
29539877
29612242
29692254
29816410
29928021
30053971
30081405
30114250
30118647
30195334
30244661
30648572
30651165
30751445
31120927
31142288
31168048
31280176
31287871
31310660
31334909
31628615
31736086
31893533
31932343
31988889
32183564
32201682
32248188
32548943
32587691
32616324
32640006
32683095
32838710
32853708
32893372
32932906
32940336
33058958
33570976
33728858
33742183
33783730
33878591
33887824
33892973
34002324
34019032
34162854
34253299
34306727
34388220
34574365
34757300
34895844
34973197
35117302
35295398
35390086
35405046
35438651
35464713
35511266
35683463
35845639
35920446
35984593
36137406
36156914
36210777
36236209
36632223
36754923
36933894
36959376
37071934
37093158
37153681
37173367
37176421
37217642
37356282
37362117
37393508
37419623
37422399
37445512
37527338
37584864
37798752
37991526
38017702
38137858
38147049
38157865
38402731
38590568
38601639
38651195
38663178
38665406
38706941
38743250
38877030
39134235
39156591
39200747
39266065
39294376
39350983
39443455
39558385
39644604
39646493
39681653
39706126
39771821
39811109
39968203
39974435
40025375
40051816
40061674
40102059
40160469
40196763
40265579
40270243
40308494
40415925
40451359
40474458
40617865
40667402
40826520
40878157
40941872
40970254
41016351
41030033
41113660
41115351
41142726
41199586
41220233
41289173
41291765
41437371
41498281
41609532
41696073
41778125
41856432
41864306
41948501
41970087
42172903
42200970
42296249
42314709
42358800
42434808
42437189
42491115
42517615
42681676
42853740
42873616
43112828
43120404
43154536
43297725
43602073
43664560
43780372
43786935
43910558
43997839
44051728
44097437
44116591
44231294
44264986
44339343
44360031
44483298
44653966
44886993
44961628
45088796
45138324
45455468
45504915
45512018
45790307
45824951
45845862
45917040
46010975
46167614
46217496
46218942
46335634
46447995
46501528
46607869
46694651
46785594
46944035
46963165
46968358
47106675
47148460
47184479
47258472
47316329
47348813
47399064
47447883
47465167
47473661
47524679
47676801
47733570
47787029
47847614
47951369
48002064
48023357
48192362
48224630
48265118
48291810
48372455
48508268
48508891
48603088
48821500
48833850
48927508
48981762
49043013
49091019
49185980
49249932
49251188
49253466
49257701
49316816
49341912
49428563
49549985
49584105
49673063
49848395
49861659
49977174
50022158
50084891
50120254
50120589
50216622
50321451
50383483
50557682
50576886
50676013
50705913
50743456
50750587
50780909
50946643
50960531
51000011
51019906
51027482
51075233
51087485
51137527
51292051
51669034
51679963
51808588
51820152
51858497
51991016
52053728
52118577
52178930
52213013
52272459
52353387
52512183
52517478
52525648
52602176
52777120
52864282
52897265
52943745
52982767
52988354
53010830
53069110
53137880
53158329
53245177
53269515
53272011
53304059
53318572
53473906
53523850
53740359
53831308
53874460
53928648
53979750
54004949
54149320
54209024
54305383
54421516
54645976
54738259
54789556
54792592
54991328
55193437
55250945
55289392
55324142
55444775
55486631
55608357
55611160
55708161
55723565
55928222
56181503
56193077
56203717
56217159
56304640
56395763
56634399
56685997
56772626
56813216
56860668
56884511
56933017
56938097
56967895
57052807
57102435
57284373
57358345
57459511
57459864
57548541
57608242
57613882
57654008
57658326
57678066
57812928
57871321
57885804
57934472
58005473
58013377
58052795
58107110
58154759
58282468
58285637
58505197
58580311
58703363
58852374
58877330
59159720
59186950
59231403
59268474
59382016
59417690
59544368
59592120
59649258
59728717
59772054
59947547
59971116
60020313
60036799
60118200
60202819
60315105
60491424
60522538
60580739
60681486
60712505
60775645
60839783
60863290
60899685
60986681
60991813
61000041
61031481
61145167
61149106
61242463
61296636
61465339
61553868
61762267
61778020
61890199
61909451
62116193
62135604
62165583
62183090
62330403
62341073
62452786
62458736
62610311
62635658
62667768
62669949
62679021
62882285
63000301
63080032
63086293
63128692
63181191
63235318
63266920
63374718
63678830
63816694
63891968
64038149
64084385
64628531
64747587
64758734
64807143
64964787
65045801
65067090
65176227
65251146
65261483
65280449
65304535
65417162
65437582
65637570
65688900
65772020
65897093
66094988
66101807
66138350
66152003
66573134
66583219
66632727
66752607
66780265
66878571
66963494
67116680
67190809
67419937
67422371
67487530
67541736
67597327
67664779
67726495
67797025
67887774
67926354
67964233
68021018
68049602
68145258
68152611
68226330
68301384
68548546
68583399
68709200
68789032
68815571
69005446
69238797
69241261
69277204
69305573
69338425
69368384
69395229
69442562
69483212
69513802
69522356
69704511
69728274
69799194
69804320
69807009
69924726
70019151
70121813
70130848
70287064
70667900
70785061
71001481
71070666
71080413
71122273
71272423
71299231
71499891
71623643
71646064
71952519
71978801
71997376
72045999
72158522
72267724
72288837
72365513
72563753
72570239
72688994
72928804
72934537
73084543
73094728
73128529
73326338
73385648
73438327
73505478
73526900
73568147
73569242
73591919
73612651
73619179
73620433
73622740
73685401
73685445
73777157
73791742
73983983
74003322
74051891
74054655
74080172
74171578
74212800
74454833
74653870
74666965
75011156
75064444
75073948
75131976
75150359
75205360
75224016
75261803
75296874
75367212
75467877
75481364
75511726
75516218
75565204
75611381
75973466
75975572
75987002
76213883
76359176
76390508
76524344
76544322
76592730
76719144
76850467
76876397
76915107
76953591
77082251
77138594
77263937
77400093
77457038
77543509
77693676
77724522
77807901
77833411
77964408
77971666
77984954
78268514
78279117
78516423
78554411
78670902
78696500
78783543
78839307
79002667
79128651
79321353
79334356
79480386
79585108
79622186
79649352
79662580
79670047
79702541
79716352
79823852
79846964
79908790
79976838
80055173
80129870
80205176
80222738
80452203
80498137
80683273
80707322
80937988
80951519
81035477
81239441
81297207
81469470
81498416
81513505
81550257
81620755
81771488
81772064
81777256
81804581
81855956
82044628
82166255
82180808
82397647
82517714
82593322
82626772
82718530
82763824
82796079
82806281
82827073
82958889
83003781
83052619
83265362
83322022
83385341
83417073
83474519
83480071
83483845
83683451
83694132
83821426
83931004
83974260
84008029
84026223
84078938
84162012
84253691
84278705
84371045
84443240
84476753
84683714
84705143
84744544
84760881
84847353
84920994
85015312
85151308
85157060
85238001
85322630
85451349
85486753
85519650
85667882
85716397
85762798
85763109
85817232
86016580
86052196
86070573
86179119
86274339
86432427
86578114
86599465
86622814
86797153
86958577
86996765
87049607
87195038
87198464
87203624
87218196
87408492
87475218
87515750
87550484
87616921
87644708
87722935
87744714
87882903
87920883
88231361
88351727
88466699
88594694
88840249
88856865
88895129
89063377
89162231
89452003
89558563
89587502
89635717
89668145
89719683
89753538
89820275
89855705
89883366
89936263
90092782
90168411
90183347
90282788
90450911
90471200
90562579
90565046
90584357
90610360
90940294
91168794
91177860
91192729
91321505
91399942
91488727
91491980
91497469
91578556
91596399
91775516
91790270
91831101
91891224
91969039
92016335
92077944
92226207
92226817
92251503
92324126
92345907
92398946
92408649
92435415
92505503
92507036
92617155
92655509
92706928
92766304
92862140
92890718
93006327
93099792
93151658
93217698
93289813
93421342
93468967
93491178
93493972
93842262
93846379
93889978
93957935
94012058
94020080
94092564
94103408
94128058
94129431
94154754
94182064
94201996
94253021
94342186
94368293
94506098
94522776
94673632
94760214
94845688
94902270
94959191
95055974
95100383
95189979
95270225
95516324
95536522
95539203
95565806
95627269
95749547
95809040
95849556
96147104
96202028
96302853
96355375
96433465
96534048
96572267
96581819
96738952
96774294
96796554
96872308
96896447
97030742
97050324
97060893
97125238
97157287
97196636
97198677
97263461
97292163
97374275
97410855
97433141
97445859
97516081
97556243
97574698
97754266
97766619
98003446
98092856
98159762
98287689
98428716
98518474
98522528
98545701
98760149
98871607
98888119
99156079
99182946
99288799
99541100
99542579
99546411
99566156
99653825
99712618
99735847
99770139
99890069
99915573
99925069
99952499
100020138
100063087
100090232
100145867
100182676
100207173
100207811
100260194
100294376
100366117
100406204
100411173
100437683
100478229
100673180
100735042
100776114
100928154
100962524
101023657
101038019
101100394
101212106
101320002
101647612
101701651
101711977
101770096
101778667
101876383
102005903
102039941
102283485
102309449
102388472
102747076
102866064
103065174
103128696
103141474
103293699
103312704
103374489
103412595
103595880
103605138
103730605
103738341
103794058
103923579
103948620
103952126
103998371
104066472
104068934
104324312
104355873
104376295
104423950
104525877
104552854
104634197
104689551
105094034
105243812
105372027
105390417
105484667
105524540
105539425
105571652
105652089
105668926
105681341
105683500
105727057
105786270
105838165
105911725
106058376
106061893
106078487
106187098
106285219
106377788
106548207
106563238
106621696
106717032
106927190
106980617
107032294
107109741
107113396
107150309
107254587
107348744
107522374
107665774
107740847
107848595
107885330
107908669
108026088
108147004
108364251
108369076
108423658
108523832
108554647
108618149
108621484
108645474
108763333
109190709
109238928
109355288
110018397
110098604
110155391
110182504
110191380
110323308
110365681
110431082
110524185
110562102
110655912
110726878
110781639
110861164
111034379
111119118
111246807
111269508
111638972
111774196
111800813
111920200
111925921
111963513
112226563
112277375
112284142
112305745
112415714
112512236
112583378
112636543
112664937
112935477
112987746
113005798
113097184
113109594
113186787
113254599
113440253
113846006
113864945
113901794
114183170
114188156
114243575
114326676
114365215
114372586
114518834
114631952
114930316
114950225
114972250
115028898
115029459
115085967
115097031
115119512
115135225
115210705
115299654
115529470
115637643
115642517
115746368
115932618
115973453
116026902
116088569
116151030
116153935
116187751
116258220
116275595
116369363
116379704
116460313
116480934
116486485
116622745
116678737
116691208
116718565
116842742
116950209
116990997
116997912
117090689
117137581
117191094
117362489
117374809
117518662
117588751
117719621
117866518
117902373
117925698
118077302
118080582
118149444
118160717
118200406
118227725
118431836
118525196
118697762
118706869
118713983
118749099
118926163
118996420
119079929
119143037
119149811
119198342
119357204
119392525
119458830
119483165
119504170
119727365
119748585
119797301
119800770
119818483
120056412
120059444
120157414
120220141
120254126
120388236
120474734
120497369
120547517
120552605
120571177
120667750
120746939
120840107
120944642
120995599
121106039
121172366
121249801
121338187
121367738
121601373
121640837
121650143
121727462
121837966
121856733
121981414
122040357
122235556
122255355
122414304
122423011
122444416
122506586
122512796
122521074
122582896
122760253
122768365
122783277
122920327
122927991
123058945
123160110
123252705
123329117
123335236
123465787
123567236
123600951
123609144
124010170
124077671
124176676
124182284
124250166
124265306
124287711
124406601
124438559
124450004
124573691
124576775
124587544
124653025
124750948
124799920
124862743
125116033
125176401
125220880
125231321
125371771
125379081
125514037
125555971
125586473
125588928
125608442
125685865
125878435
125884313
125898608
126002774
126037796
126118117
126171178
126175041
126186821
126194187
126629208
126633046
126770741
126890790
126925813
126936733
126956594
126959700
126962902
127001144
127160393
127392035
127564273
127590549
127667600
127859295
127953345
127986610
128003154
128177753
128197818
128199291
128199939
128528556
128565259
128832870
128904905
128918966
128946089
129043531
129079160
129093846
129145622
129160825
129415360
129457970
129477312
129494434
129633352
129730059
129861418
129912264
130028022
130034647
130072420
130083568
130185303
130211737
130248577
130292718
130319478
130338360
130425420
130496599
130632923
130699956
130792610
130844045
130872929
130960970
131277830
131448251
131580107
131652392
131736928
131904723
131917775
131962424
131976854
132049533
132055821
132056938
132093054
132201166
132313424
132385807
132439449
132492911
132536204
132538648
132650594
132674584
132692074
132701368
132815886
133108439
133119461
133284697
133581493
133621028
133681013
133761331
134111124
134151405
134170693
134190079
134231551
134235856
134317803
134319270
134414483
134482151
134489302
134491688
134578343
134660060
134695047
134713141
134758497
134859121
135020115
135169416
135194679
135251492
135351017
135352326
135482307
135510434
135628267
135656296
135773359
135875749
135928207
136048667
136123234
136240782
136338367
136352659
136376081
136387960
136460614
136538253
136652309
136670065
136687889
136798398
136858203
136998093
137059040
137275014
137339687
137394282
137396261
137936771
137949059
137972020
138209393
138230322
138272002
138369972
138403478
138483214
138784566
138788519
138796293
138926771
139014196
139032529
139274923
139527867
139572582
139687634
139717625
139823156
139905633
139932490
140073199
140131350
140271632
140586001
140647545
140716989
140796133
140853949
140897251
140967452
141009376
141075550
141090729
141142115
141161250
141163329
141247638
141280782
141290643
141428919
141444335
141610097
141796787
141993094
142048278
142079454
142215563
142253939
142405036
142472009
142488564
142512781
142685223
142710187
142723074
142778396
142914763
142954722
142992177
143098795
143148865
143166440
143260912
143301787
143402537
143440342
143456885
143483735
143701971
143803182
143827891
143835091
143875324
144068648
144106826
144175233
144179553
144270474
144282547
144332977
144563510
144570944
144693300
144737448
144885477
145095660
145116215
145123449
145351920
145397962
145427911
145634689
145643805
145647088
145687050
145743063
145810551
146305774
146370643
146440819
146523663
146551123
146657224
146659203
146691907
146701345
146708241
146789608
146826048
146875562
146880021
146905687
147154192
147266652
147395460
147476940
147584356
147776473
147869907
147948685
148047656
148133277
148210315
148267281
148321687
148474367
148599070
148751320
149056738
149169886
149181277
149328827
149361877
149489174
149502631
149562558
149599553
149675335
149690043
149752089
149772918
150002671
150087676
150127589
150298568
150351485
150657957
150856348
150867509
150912988
151130999
151202717
151203555
151266226
151375177
151389349
151392559
151444794
151456170
151485400
151731071
151780487
151853128
151910827
151970060
152066819
152093394
152193143
152230578
152436087
152500191
152605442
152683865
152762012
152974336
153013585
153073479
153106824
153186499
153217621
153289907
153297235
153339420
153351580
153416393
153520962
153523300
153819953
153878909
153897393
154169188
154262516
154272852
154414595
154494678
154743869
154934545
154957586
154963894
155001367
155031528
155108144
155188210
155204076
155338076
155380873
155455744
155641659
155689416
155880304
155947718
155991020
155992805
156018758
156036522
156062466
156116063
156166178
156356853
156506955
156583912
156595647
156605187
156803132
156922392
156927764
156930128
157081967
157215302
157309389
157466072
157490720
157534763
157603143
157615713
157648900
157828496
157924609
157940269
158033318
158075199
158358580
158383358
158389099
158446495
158458218
158463773
158471074
158496379
158548378
158550938
158637637
158712799
158779814
158824577
158847142
158850397
158865405
158874337
158923665
159084110
159514597
159536105
159539332
159646024
159646467
159691447
159786029
159829277
159848072
159933908
160007138
160072551
160141426
160173400
160261304
160323406
160338459
160341155
160497398
160926298
160973453
160988794
161034154
161060319
161098012
161135958
161142505
161171388
161199694
161202983
161272677
161326078
161395909
161404607
161695886
161746670
161751350
161755958
161773425
161800635
161929723
162151421
162614844
162799937
162936888
162941415
162986119
162990339
163019026
163072829
163182570
163267798
163274677
163279799
163301195
163377192
163388195
163408290
163437759
163438400
163493762
163721529
163867154
163937034
164047818
164095282
164180206
164191443
164195170
164240454
164278299
164334123
164393932
164503741
164511655
164569807
164697412
164721726
164773433
164963045
165057230
165082332
165131816
165134720
165213078
165337944
165356829
165575301
165620493
165625156
165707677
165714912
165911441
165926344
166022525
166031796
166078698
166175024
166192210
166215954
166317513
166371159
166374566
166481512
166550516
166714401
166742023
166789220
166910270
166974021
166988269
167028897
167029307
167067677
167072357
167094941
167209569
167270500
167399995
167463797
167645259
167671666
167704481
167856112
167937985
167948899
168098868
168272316
168422301
168460050
168532025
168597119
168622464
168626381
168773768
168779319
168797348
168862479
168899342
168931522
168937184
169104526
169116108
169132421
169205118
169226533
169366590
169524450
169525227
169543449
169591250
169628088
169697718
169698834
169711039
169726129
169738311
169780718
169916981
169931060
169952395
169980185
170047259
170122355
170188655
170290914
170319853
170328829
170359163
170394878
170428845
170437205
170548833
170655184
170725896
170762194
170774151
170804413
170894817
170916554
170991742
171206922
171211397
171225279
171265888
171340689
171463440
171491235
171566966
171588680
171624967
171701843
171742455
171993130
172104678
172149691
172173845
172209000
172226125
172253398
172275634
172336972
172370718
172463979
172464670
172478864
172486255
172664270
172692097
172697771
172763967
172766435
172769262
173019164
173119100
173240996
173257115
173433396
173488427
173519933
173550167
173621782
173720125
173864849
173952911
174147627
174227724
174272804
174313608
174320537
174482434
174500843
174733811
174992227
175074518
175161974
175358319
175483955
175516570
175568150
175629439
175672139
175672479
175678660
175810691
175938686
175974368
176005321
176048186
176146412
176147903
176161046
176255115
176259470
176326074
176356106
176384549
176608457
176617445
176714591
176733187
176767377
176806110
176963934
176980802
177062607
177262017
177271189
177334257
177415616
177424601
177438625
177559585
177588647
177598237
177666679
177690634
177700860
177865413
177911141
177969745
178067266
178099128
178140399
178143616
178443988
178458847
178591332
178734360
178824738
178870250
178874604
178898027
179043958
179044137
179082516
179176705
179275965
179302853
179303732
179529805
179548434
179580249
179668884
179736016
179883424
179967593
180018543
180098895
180158621
180227827
180378473
180398314
180474926
180564107
180746886
180752629
180995434
181158829
181188690
181216440
181300098
181320938
181464266
181636934
181654468
181773040
181782367
181827162
182007065
182066698
182108779
182179660
182277684
182284274
182309008
182476107
182878024
182904402
182989936
182990151
183008747
183182767
183274022
183286150
183292651
183347174
183413138
183538324
183718184
183918794
184039448
184069517
184125179
184218870
184233426
184255909
184291999
184398429
184402912
184499007
184710110
184734961
184740459
184756221
184904944
184939014
184972945
185044293
185061301
185104749
185122953
185248274
185321668
185444147
185446100
185543286
185564267
185647035
185756977
185919563
185997272
186032631
186087289
186088621
186106963
186115683
186344851
186489194
186493956
186580582
186679011
186741437
186754294
186775170
186786911
186949468
186987847
187119665
187175760
187246155
187385228
187449877
187467115
187470329
187495435
187498909
187543060
187558431
187644780
187674433
187687815
187700419
187748101
187812412
187952821
188077645
188363400
188449940
188518817
188578840
188579108
188601037
188611444
188673655
188733448
188745553
188820168
188834788
188876407
189041658
189198634
189229661
189269187
189436402
189485650
189540472
189614882
189621510
189627934
189695399
189792400
189973614
190194309
190205557
190209942
190335173
190416910
190556686
190648880
190654130
190693264
190870099
190916184
190965019
191063174
191093122
191141248
191215518
191363958
191484496
191510073
191587133
191609403
191765781
191887114
191923045
191968704
192094741
192139640
192255484
192309015
192352510
192502204
192598471
192650093
192693670
192720109
192954999
192976491
193072638
193235152
193321727
193342953
193360317
193491071
193497259
193504256
193591333
193638453
193708498
193951020
193977055
193979222
194045075
194066699
194259236
194264377
194294282
194423118
194644594
194646625
194742385
194813325
194873075
194908189
195063874
195221208
195603977
195665798
195703901
196025944
196042295
196050375
196104033
196206260
196242879
196256421
196294250
196944786
196956763
196997422
197004274
197034049
197050562
197119558
197147590
197284665
197479425
197531374
197649865
197846465
197869577
197912570
197921489
197922898
198043449
198101311
198264652
198395546
198500900
198509546
198510458
198588704
198694666
198837197
198895512
198908452
198915983
198928361
198963435
199126408
199143342
199301287
199411010
199657052
199658450
199707169
199789393
199834840
199835157
199867338
