200023114
200086739
200120839
200137364
200309666
200511008
200564177
200614530
200846284
201010589
201041669
201223753
201314036
201330473
201405267
201561801
201565579
201626379
201737821
201801177
201986999
202069202
202084037
202095206
202127698
202223214
202421050
202476989
202772883
203160298
203278392
203303030
203401568
203535117
203691473
203703250
203755900
203924715
203939418
203985995
204048659
204096644
204222707
204471313
204510067
204575562
204576334
204605397
204730114
204746888
204870925
204978534
205093505
205157079
205292313
205404390
205421855
205462767
205559449
205565129
205600122
205622420
205722112
205864324
206078633
206315286
206356338
206361934
206379630
206592361
206831948
206888227
206933904
206952618
207083962
207132096
207348549
207381599
207408460
207596474
207729466
207928731
207931308
208103996
208266724
208470224
208555189
208559753
208595046
208697383
208852561
209022125
209037174
209100649
209268087
209343009
209474881
209573390
209625594
209638777
209872027
210026468
210102153
210191205
210200744
210296481
210371437
210488627
210548128
210629973
210642786
210822571
210914663
210944331
210946964
211075844
211210082
211320230
211380811
211575675
211605661
211667820
211795264
211817862
211825389
211831841
211898278
211905505
212200790
212349282
212381606
212593899
212739968
212846904
212901425
213016868
213041656
213065611
213096427
213304374
213581416
213634340
213754186
213798329
214099177
214230115
214408205
214865865
215079638
215159774
215432958
215961680
216016722
216179722
216220651
216387143
216479821
216516758
216594076
216647602
216969310
217104321
217138743
217572955
217630095
217652150
217654407
217750241
217786238
217836875
218238556
218276407
218380444
218383435
218383771
218505223
218528726
218658328
218661105
218730186
218955357
219055162
219130689
219162255
219256695
219362457
219489812
219512226
219590572
219620965
219636801
219697636
219709769
219814976
219861185
219909068
220015743
220030080
220145920
220219763
220242304
220265277
220420335
220705718
220758959
220823170
220841407
220929999
221066502
221274368
221430422
221674580
221834688
221897248
221943975
222177539
222193688
222224982
222229079
222239981
222283829
222394800
222398904
222573856
222629676
222904759
222920781
223042214
223072801
223161391
223279579
223470210
223604003
223724759
223835294
223892877
223898635
224329764
224445216
224466895
224474467
224497807
224612190
224702400
224819484
225145973
225194373
225305434
225350733
225468534
225543387
225558921
225575105
225626633
225770562
225869974
225993458
226002850
226264565
226271672
226395617
226436286
226510532
226570269
226815350
226823459
226873582
226893023
226893397
227010417
227073120
227100281
227139105
227194708
227202246
227251598
227256839
227347322
227578081
227823369
227971435
227998791
228217155
228354192
228449032
228865762
228939263
229050338
229246205
229273723
229402790
229412130
229615060
229900476
229917151
229967955
230045779
230162200
230162470
230169385
230179121
230257233
230270668
230492610
230919062
230974923
231062583
231076382
231147883
231160878
231186145
231331909
231335510
231351688
231478903
231595382
231807191
231812865
232066401
232198338
232351705
232380228
232648254
232656727
232715426
232970653
233076679
233548141
233595750
233696727
233765653
233951297
234153397
234231109
234341230
234378196
234563375
234682998
234690369
234865488
234904463
234965763
235049532
235116530
235149154
235439246
235557984
235581666
235607559
235640648
235776800
235789977
235944798
236041627
236104177
236125877
236287822
236424822
236456580
236577466
236629034
236652849
236741847
236797361
236800715
236846049
236864610
236985627
237000389
237128796
237133222
237221574
237224966
237259516
237456936
237511504
237593278
237802165
237896963
238131906
238372430
238452636
238530068
238583866
238628451
238819898
239084354
239221292
239232993
239262815
239268298
239616413
239631139
239659861
239734565
240004034
240055276
240236311
240648141
240738339
240766963
240834080
241030060
241031966
241137640
241165282
241275635
241380665
241489039
241512553
241598130
241624849
241681799
241883725
242031180
242208800
242259272
242283304
242298278
242438424
242639743
242997459
243149510
243205547
243367803
243370464
243392571
243399528
243792061
243799530
244103449
244125031
244133656
244189167
244315775
244420295
244439998
244451942
244583340
244584649
244756665
244798012
244863878
244932988
245102502
245359865
245711874
245857169
245988934
246246765
246407318
247102637
247278974
247511836
247593325
247606742
247708664
247758863
248010956
248083917
248087214
248150278
248207068
248250925
248294165
248316164
248328003
248575135
248587340
248677951
248765888
249328015
249330865
250063778
250145747
250305191
250305862
250327374
250435544
250581848
250713707
250732472
250805811
251195180
251565554
251689720
251759535
251766716
251786617
251803686
251892178
251907281
251955631
252014920
252211655
252314302
252642607
252674293
252730390
252855622
252977954
253033394
253076141
253385953
253434709
253444080
253577917
253586495
253649663
253706022
253818353
253831890
253955229
254058056
254097315
254121162
254217485
254239330
254297467
254593099
254625022
254677940
254730945
254796321
255160764
255326181
255450550
255473268
255678361
255710653
255768878
255872719
255926855
256157812
256160742
256186966
256374598
256571152
256584263
256872572
256938992
256946481
257278857
257293197
257380163
257437049
257473390
257483669
257581164
257714826
257783926
258047480
258097567
258135933
258260857
258396350
258463431
258558336
258698475
258739610
258988896
259008673
259099273
259173034
259173935
259305709
259448279
259523529
259717916
259990416
260125150
260204600
260247474
260314251
260338049
260357634
260378214
260457109
260535142
260976600
261044272
261219866
261499416
261609118
261769750
261941068
261942115
261992400
262029854
262092624
262133100
262199796
262330344
262351260
262408610
262512539
262605092
262637816
263023282
263245938
263312223
263566617
263682563
263733360
263785673
263828661
263841710
264026088
264138023
264330046
264468300
264616080
264664453
264679198
264702129
264734970
264809087
264940824
264957674
265104128
265114366
265319266
265493227
265569995
265617869
265637164
265704624
265753488
265845320
265875971
265947841
265951117
265988591
266154772
266468917
266469824
266524016
266693858
266756348
266792564
266818638
266863631
266937021
267060926
267084250
267135773
267137812
267167720
267296468
267422148
267528177
267709050
267717044
267736411
267739458
267819056
268042927
268156876
268200608
268425429
268487523
268497811
268767103
268787557
268888563
269001021
269011646
269052885
269276415
269407750
269466308
269513948
269586883
269645767
269682033
269789920
269916382
269959078
270045665
270229824
270380145
270438861
270752357
270912534
270929203
270984037
271136803
271170487
271456498
271585579
271811180
271872846
271917621
272265332
272280359
272447520
272507111
272561733
272571564
272762803
272981135
273004075
273006049
273187375
273465496
273552787
273561655
273753027
273767313
273803837
273807398
273819350
273852222
273884242
273913420
274017956
274069747
274080420
274141798
274215988
274514983
274586728
274588145
274702962
274738475
274740660
274890848
274940157
275007063
275026822
275184455
275185166
275272541
275339108
275392138
275947339
276062636
276076246
276225169
276326884
276390785
276469809
276506870
276796111
276796635
276849312
276871431
277086306
277116509
277149650
277172494
277220515
277342695
277352700
277375262
277453349
277566640
277625951
277719730
277738877
278027436
278067392
278084320
278088355
278138666
278355205
278558730
278724685
278983925
279107729
279116755
279124396
279451966
279463656
279514496
279576008
279729634
279833732
279888625
280127263
280339198
280499787
280522467
280695440
280898373
280908286
280957585
281130761
281433992
281640570
281717238
281842480
282006348
282133626
282359664
282368949
282434712
282435196
282517895
282541827
282577609
282640554
282709036
282874182
283010864
283036678
283181366
283201351
283434189
283841222
283968726
283974863
284158579
284232058
284467061
284505794
284532827
284553577
284642290
284755786
284889649
285161039
285166360
285180070
285282153
285324744
285487602
286152362
286256428
286364848
286422027
286549131
286692972
286970508
287235490
287324761
287390580
287759508
287810697
287919552
287993213
287995106
288187182
288757857
288865556
289049345
289082950
289244193
289258850
289524252
289589196
289673230
289797903
289856779
290103968
290258534
290306144
290397327
290403383
290448177
290575066
290634307
290714104
290720423
290967248
290969863
291307562
291363497
291401705
291408541
291762554
292010568
292057296
292067817
292115667
292137283
292319264
292319653
292331645
292375768
292421975
292468506
292593348
292603709
292632425
292680176
292788539
293052979
293085200
293499380
293518839
293733675
293944700
294138911
294255932
294330210
294470126
294495359
294544668
294549455
294693199
294796096
294857234
294882059
294882266
294892335
294975456
295092004
295117336
295192382
295270851
295483521
295536648
295602179
295782269
296232286
296291540
296323998
296405460
296421174
296477490
296503484
296546105
296604956
296622224
296707048
296789899
296875740
296878300
297049870
297230682
297258234
297270961
297412627
297432546
297451262
297453632
297590692
297652591
297684968
297743699
297747536
297812034
297816469
297818596
297895666
297902577
298056610
298057862
298168186
298221540
298430359
298544428
298638950
298640606
298692947
298744094
298855077
298883086
299004367
299050993
299096041
299182196
299209259
299255311
299334565
299345570
299346933
299588378
299661009
299726858
299750045
299750687
299793892
299854980
299946361
300103449
300246909
300298117
300724737
300808652
300828198
300840317
301008079
301319926
301417925
301497329
301589628
301590935
301636812
301749970
301769928
301846690
301924582
301966908
302047962
302101569
302110500
302322655
302493281
302747416
302968908
302993547
303059760
303165418
303219485
303220372
303258802
303302880
303376763
303458718
303543678
303567314
303612240
303781064
303801815
303855765
304024336
304070162
304097291
304108285
304108324
304156939
304437166
304486517
304498556
304523864
304607703
304608255
304668746
304931032
305116199
305118191
305170710
305215664
305404907
305594231
305649840
305700137
306046338
306221882
306254756
306285563
306331037
306368843
306413202
306471135
306513652
306570830
306643057
306652821
306705820
306733057
306761836
306791728
306903285
307448307
307470449
307605158
307726110
307763855
307929379
308522030
308644385
308648518
308816468
308879759
308915535
309021762
309175715
309324310
309367782
309517283
309728819
309910687
309981756
310005618
310154414
310330446
310396357
310417504
310673490
311075443
311141310
311169637
311375854
311543412
311586590
311634457
311710875
311780912
311809366
311994606
312038988
312072583
312095457
312236132
312252278
312268852
312583626
312621246
312629701
312652004
312712233
312862181
312923083
312948292
312954551
312969661
313163643
313175606
313248345
313368727
313384820
313421734
313452667
313511918
313564552
313655746
313727481
313869460
313963923
313982102
313986155
314103395
314131894
314163103
314430731
314594677
314635200
314724479
314846966
314955707
315001781
315022257
315266962
315410374
315471603
315609715
315679940
316128691
316176481
316180052
316410315
316471949
316479409
316762357
316906413
316955228
317119384
317136808
317156558
317414730
317598447
317691183
317951496
317991576
317999007
318082624
318232683
318242209
318322395
318332502
318332522
318367977
318433241
318467460
318554825
318717848
318871961
318897903
318904394
318914781
318981178
319040255
319186680
319511056
319533922
319593223
319595019
319629172
319686669
320055156
320066247
320219872
320409165
320579046
320649244
320953125
320997698
321094166
321109307
321359266
321481885
321525467
321554536
321667661
321866199
321883663
321933051
322079329
322174028
322194898
322325679
322505952
322595213
322682517
322702680
322729610
323016265
323021566
323044423
323185135
323229960
323235392
323252946
323312148
323318373
323336816
323367168
323594747
323652528
323738239
323851689
323882008
323984203
324051744
324095957
324110699
324230626
324238436
324282137
324338673
324343943
324489008
324691491
324943231
325122014
325216165
325226691
325293851
325388311
325446816
325455325
325508727
325641831
325806390
325836201
325986556
326159571
326340307
326420450
326474385
326574428
326654852
326928737
326956458
327050788
327071009
327078398
327307100
327332677
327409027
327536151
327587583
327664565
327671616
327722685
327764613
327767794
327814833
327891208
327966161
327990836
328029853
328094949
328127499
328418648
328434502
328562557
328578986
328613849
328772973
328787758
328847375
328857240
328915603
328946523
328999468
329334167
329447804
329504569
329532332
329568007
329605761
329697062
329753602
329831276
329929973
329938547
329989319
330038507
330147833
330189594
330195462
330259061
330265877
330395618
330397318
330488333
330512599
330557279
330621413
330726006
330727899
331030179
331287114
331332370
331382125
331389928
331591592
331642946
331643359
331671562
331728396
331895012
332009351
332136490
332310414
332470008
332527434
332531010
332630367
332773278
332824934
332902507
332910426
332913084
333256556
333312936
333416230
333612888
333622350
334206296
334397455
334462610
334503867
334615018
334655522
334820821
334821142
334989413
335105103
335479555
335510595
335537479
335568643
335672171
335785404
335897276
336134731
336179447
336269271
336732425
336748377
336862292
336928832
336974658
336986734
337128301
337197034
337200265
337699257
337854138
337861912
338086324
338195864
338497125
338650295
338702793
338773562
338897751
338995803
339071373
339230124
339230667
339360239
339596355
339806500
339852852
339951766
340146628
340172120
340328980
340407267
340429362
340463411
340663880
340726369
340783558
340820486
340962735
340972215
341000385
341001675
341032049
341164773
341188479
341289809
341343929
341351058
341537965
341725487
341752407
341862186
341881705
342017620
342255693
342264203
342421641
342837491
342955389
343085698
343298553
343388209
343471041
343603520
343754138
344080566
344197957
344283932
344306028
344411642
344438256
344440275
344472280
344487881
344555807
344660035
344719863
345085694
345263447
345418741
345625459
345887161
345895349
345901299
345960375
345964533
346063423
346215989
346307755
346308245
347042505
347099855
347251245
347429088
347763274
347775107
347838112
347992659
348005646
348107762
348278506
348377950
348519476
348554696
348603299
348636429
348641505
348682165
348687968
348725983
348726773
348797306
348822727
348849684
349097486
349296739
349358704
349423941
349742408
349763670
349802288
349889710
350258207
350271757
350432293
350473256
350673049
350688565
350733564
351146054
351189744
351272967
351356124
351392067
351416991
351485893
351674649
351772089
351854417
352137212
352179463
352200251
352264027
352353257
352384307
352458345
352470178
352499733
352697762
352720892
352796141
352837377
352876339
352882606
352957396
353118612
353140767
353179839
353198542
353252206
353341981
353472633
353521247
353538004
353676754
353870791
353874781
353929366
353929499
354180643
354207023
354393145
354451505
354473277
354480514
354482518
354483013
354717870
354818115
354825255
354887387
355008795
355031450
355452180
355538990
355552908
355612190
355645064
355757034
355889249
356023145
356123429
356272778
356291216
356294808
356343922
356377859
356409208
356536930
356555456
356797218
356917486
357010554
357343313
357407170
357418942
357481828
357538063
357577992
357837414
357853357
357876225
357969845
357980555
358130862
358250574
358437915
358564643
358598188
358609114
358797828
358892249
358894543
359434301
359717898
359904235
359973882
359982747
360061249
360185076
360262240
360283438
360301575
360355839
360407427
360542751
360647086
360758281
360896453
360949691
360951695
361002473
361061788
361157058
361261286
361287101
361659537
361682948
361748312
361805764
361887398
361892833
362185047
362192084
362232040
362413580
362495861
362532089
362558576
362627497
362947956
363067689
363105121
363126244
363288379
363497361
363539517
363584922
363607129
363743120
363785788
363986404
364014047
364056122
364138820
364205769
364331680
364339033
364369639
364548639
364739485
364776915
364797073
364809089
364832233
365099399
365213663
365235315
365348011
365351131
365401996
365448134
365469087
365552324
365563312
365683391
365888920
366056999
366101892
366131257
366422368
366567900
366861659
366956953
367095564
367214417
367344306
367349869
367621092
367642333
367839922
368079208
368103437
368498802
368533622
368614430
368621387
368622664
368943752
368996930
369034072
369243649
369330044
369443819
369509145
369530614
369618952
369649590
369675091
369678688
369733583
369830997
369833959
369970335
369975526
369976401
370159051
370172613
370501009
370550108
370559518
370764899
370861287
370864113
370870090
370891918
371110901
371344230
371357651
371444649
371534807
371590343
372040100
372070507
372422447
372452317
372511667
372519892
372733252
372751626
373102819
373105792
373150704
373258436
373564238
373676671
373713155
373733944
373774808
373868654
373994795
373997111
374169318
374189870
374557111
374643015
374656233
374740755
374802864
375041636
375045877
375051294
375111412
375131427
375198494
375321714
375485614
375676231
375816428
375853063
375955439
375991478
376093819
376230019
376375590
376386862
376478408
376761915
376812692
376955110
377164927
377331777
377452342
377503389
377539580
377645766
377659798
377677401
377832717
378044820
378049532
378193438
378244627
378292016
378357780
378440950
378493945
378734972
378857782
378927608
379004915
379283703
379470381
379487106
379661024
379779735
379960451
379968633
380083263
380131506
380557160
380580913
380791891
380812914
380820581
380847410
381006402
381175808
381417819
381741073
381887702
381918107
381957980
382197000
382611554
382698298
382991846
383082132
383117504
383153731
383213829
383217022
383510389
383512867
383675188
383761285
383848751
383950670
383972753
384279415
384371890
384395645
384572084
384609987
384637836
384723529
384725007
384958248
385163721
385243119
385458831
385576892
385709487
385736610
385756852
385855360
385896282
385923532
385936595
385969411
386021481
386114501
386169679
386210428
386228128
386235339
386363562
386571502
386592450
386593191
386641636
386773425
387037724
387191730
387203458
387306258
387390845
387396374
387494261
387506571
387523050
387643496
387751658
387823874
387956043
388364337
388414767
388572905
388771104
388842982
388909020
388937384
388946704
389176979
389310089
389447304
389546634
389554054
389676292
389706630
389722519
389955590
390132508
390141154
390267683
390357113
390416398
390422481
390759385
390780974
390878692
391044770
391200308
391290684
391404745
391738906
391945452
392075809
392104533
392151057
392373395
392446121
392566249
392704820
393064004
393099934
393140287
393157768
393189570
393201848
393478434
393584487
393631097
393950292
393993636
394115349
394402274
394894699
395112093
395147213
395208752
395270780
395323323
395369348
395394100
395832047
395880358
396126595
396162783
396196240
396323859
396403259
396467606
396770350
396867026
397272893
397300804
397427254
397586961
397669243
397695142
397812863
397868391
397904380
397989298
398004569
398080260
398294675
398517678
398626958
398697803
398704190
399102108
399122485
399162092
399310302
399509573
399588168
399758104
399835634
399945796
400035001
400169147
400231389
400333561
400338652
400371741
400557047
400804274
400862780
400924546
401180819
401181241
401190101
401520670
401572462
401739096
402530919
402531249
402605353
402612164
402625526
402866090
402884334
402916418
402919542
402959600
403148559
403246203
403301637
403554506
403580407
403841953
403883527
403886929
403928149
404094467
404153583
404198578
404236945
404254731
404317396
404377910
404649251
404860515
404884764
404978571
405063271
405087834
405111075
405232154
405269391
405441970
405494057
405507399
405633887
405686115
405926889
406034551
406087914
406137780
406290127
406400898
406443094
406590672
406713267
406813695
406899700
406996276
407104208
407156421
407387309
407505511
407754352
407983572
408020189
408078177
408135955
408245316
408302571
408362311
408549222
408670340
408793682
408820311
408885350
408907468
408965922
409199644
409204947
409260475
409289604
409349279
409517216
409676913
410063245
410094948
410105973
410171851
410369099
410394065
410569408
410668872
410920645
410947401
410969123
410972412
411177226
411249937
411289435
411356519
411457383
411509124
411751842
412087883
412345846
412426094
412438590
412443832
412654761
412874697
412917625
412954454
413018751
413128364
413276804
413359990
413482603
413596917
413998259
414094080
414559506
414591405
414904533
414913670
414924378
415155940
415284136
415404895
415513837
415547065
415623393
415758940
415825518
416059370
416249859
416396648
416500136
416510218
416575109
416615721
416705664
417021033
417401814
417443673
417620454
417831817
417946006
418216267
418228660
418246729
418315475
418429767
418448599
418568836
418579499
418617425
418695964
418924551
419113547
419621687
419652588
419705399
420024531
420334731
420428746
420448560
420488972
420675158
420985928
421182411
421429263
421507300
421617729
421861176
422067570
422090811
422186146
422203011
422340092
422541183
422566011
422617928
422665024
422741602
422866009
422917626
422918869
422920158
423082596
423132999
423154921
423163128
423212548
423383813
423539410
423572533
423734306
423813573
423818187
424146531
424323058
424387646
424411928
424424710
424830769
424855850
424856874
425025604
425108859
425250517
425253982
425443449
425753166
425767820
426014514
426046630
426063145
426361858
426522001
426774192
426795305
426863726
426869412
426872294
426915441
426927293
426981097
427013745
427067489
427081439
427097336
427141468
427343336
427487645
427633760
427696641
427895677
427952797
428129034
428215669
428388543
428433530
428669939
428740103
428848018
428880740
428891015
428955355
429092286
429169527
429291355
429426546
429446587
429523345
429596217
429824409
429834541
429838871
429942578
430052416
430193099
430226948
430462309
430578406
430764885
430864266
430877754
430889806
430896193
431091398
431475270
431796428
431853932
432022462
432165892
432203614
432292314
432316324
432326788
432367606
432612566
432753744
432756992
432803281
433103696
433266660
433278567
433317299
433365982
433424154
433581577
433709782
433742501
433790119
434474113
434571093
434759645
434900207
435100411
435410205
435433775
435647885
435918618
435950194
435954332
436093996
436366310
436388355
436799248
436802656
436830094
436963396
437231239
437239210
437246864
437248792
437326167
437386693
437514471
437562942
437609064
437720444
437777990
438007194
438133149
438259341
438403160
438441720
438479267
438497592
438504082
438541255
438684293
438809674
438866305
438928762
438988898
439069815
439083284
439275513
439290048
439299653
439421524
439439241
439462393
439492653
439818278
439868994
439885528
440290584
440368259
440400057
441094883
441140947
441207839
441281574
441416240
441472130
441493368
441565760
441588392
441728675
441902542
441903059
441960986
442096566
442108319
442151871
442250950
442466166
442703596
442801706
443120112
443133853
443281469
443297402
443330797
443334840
443383979
443523924
443698563
443727259
443914938
443936962
443947592
443952760
444557513
444587593
444689308
444844671
444886538
444955110
445000816
445032777
445117506
445213312
445234390
445278967
445566585
445660830
445744243
445789499
445994620
446065308
446176387
446189306
446259157
446321439
446411425
446429260
446502455
446686564
446805919
446816365
446818498
446910438
446992751
447033008
447097504
447140131
447205374
447208710
447455327
447586379
447680278
447684745
447790011
447846760
447887281
448021740
448051070
448134411
448174634
448670492
448695121
448839982
449015039
449221522
449307764
449494405
449620900
449861553
450246162
450270892
450343457
450462547
450490566
450579526
450638369
450760447
451096773
451173125
451184126
451198887
451380982
451479763
451507559
451549618
451690487
451733372
451888661
452004298
452143635
452169935
452194817
452251450
452445521
452496622
452545086
452729822
452761834
452863111
452933720
453020448
453278937
453661029
453687558
453753349
454043738
454081523
454206687
454294910
454360019
454488488
454587536
454738475
454824746
454877645
454887765
455078550
455138629
455222429
455247017
455446575
455557986
455655283
456010248
456089499
456240168
456427649
456487447
456596988
456726943
456728970
456908173
456911242
456971084
457064221
457161944
457338726
457343824
457374755
457423640
457507207
457929470
457968725
458142263
458286127
458585326
458625364
458730244
458842280
458953890
459185469
459358544
459642637
459765090
459773874
459776226
459988989
460106277
460259541
460437528
460463078
460468854
460508528
460518722
460960384
460969641
461032366
461041038
461231697
461240490
461325216
461343246
461375293
461433890
461786348
461985377
462166059
462215460
462463048
462593220
462835946
463214279
463412507
463546060
463725282
463992607
463993910
464039205
464287633
464351601
464360179
464385894
464404238
464459777
464551472
464576284
464590720
464600124
464725259
464761403
464788078
465114445
465141471
465268945
465297652
465684510
466187255
466212324
466308249
466331858
466476635
466482188
466500607
466538440
466562934
466605246
466702793
466780930
466895772
466910626
467027372
467161554
467192829
467280715
467345945
467526078
467591021
467595407
467663144
467863552
467885394
468031933
468039820
468065427
468284313
468351986
468460990
468552080
468617099
468621796
468698127
469237041
469268888
469302474
469307699
469341476
469354437
469647776
469736291
469818506
469898998
470100425
470111665
470543481
470599406
470636666
470659592
470670924
470717700
470806091
470853356
471006385
471397962
471521050
471567999
471591665
471605639
471648078
471663039
471678955
471936622
472080485
472116941
472265310
472272058
472343096
472398580
472480128
472542542
472647384
472681302
472740084
472767546
472841537
472927516
473040938
473190994
473210968
473397646
473399066
473785959
473813053
474026489
474031524
474042672
474233521
474382358
474412472
474447702
474699079
474817993
474836662
474863331
475450415
475456113
475513637
475530132
475547611
475591516
475620278
475660417
475778836
475820387
475940196
475999814
476104309
476221791
476403518
476423395
476532944
476544688
476589501
476623014
476658869
476676977
476786177
476946498
477107812
477280061
477340602
477543365
477555809
477838039
477886860
477901582
478168045
478321983
478330588
478644810
478738798
478765802
478850950
479023619
479263456
479364062
479393952
479491766
479548865
479632320
479732607
479858347
479887536
479908045
479934145
480165746
480292852
480381486
480429392
480538315
480563088
480700961
480944089
480978593
480991795
481125732
481137009
481186321
481289821
481616301
481842365
481926022
481979765
482063918
482064724
482084692
482167860
482263329
482320096
482350450
482373132
482422888
482569352
482692972
482693656
482737440
482766336
482982749
483103482
483177379
483309398
483449295
483488192
483532852
483569670
483583418
483645722
483748112
483763178
483844643
483852604
484159593
484326265
484469748
484640111
485019236
485034648
485197343
485411339
485413606
485556960
485621505
485682829
485766850
485790034
485792788
485910649
485977242
486077909
486208408
486339561
486675735
486735821
486825887
486983578
487644080
487647414
487830652
487873387
487913322
487919426
487941578
488147212
488155704
488250372
488362773
488367914
488371520
488384791
488442004
488460430
488557035
488590180
488796521
488812150
488891124
488962075
488962751
489014601
489111332
489142624
489153164
489184418
489247819
489309138
489425034
489529803
489807164
489900822
489966343
489967172
490003419
490083072
490098108
490373618
490528442
490551777
490557917
490574953
490650185
490796949
490840246
490891202
490968361
491022961
491060661
491063717
491093153
491126338
491145166
491460477
491482644
491888910
492021073
492170770
492400657
492523460
492555442
492567832
492655015
492704599
492713574
492769006
492798864
492823282
492874407
492964332
493032764
493087487
493309381
493361840
493575600
493809981
493866592
493934110
494056188
494095691
494117752
494138371
494159963
494234086
494576133
494640849
494671515
494677501
494784821
494812780
494923267
495372684
495426689
495593476
495876370
495924184
495956601
496109468
496132674
496268998
496269521
496291181
496309528
496480705
496756673
497069678
497143129
497175950
497212727
497466463
497717454
497743991
497824508
498105927
498182145
498210637
498279265
498339982
498541565
498630223
498744810
498765311
498951842
499110020
499210637
499293025
499345144
499418311
499554898
499698157
499865751
499975367
500090125
500106890
500261256
500325417
500371864
500444644
500456043
500470916
500488597
500613488
500705416
500813458
500876988
500901260
500977165
500993400
501042140
501172536
501259072
501423622
501527413
501565115
501603629
501629785
501678273
501744382
501820585
501975462
502067404
502141094
502141396
502173163
502236107
502262192
502378567
502393965
502437707
502750985
502879089
502980794
502998167
503017047
503107854
503178791
503252076
503323160
503577666
503591684
503680278
503891251
503991716
504420867
504437790
504447914
504537838
504556274
504584619
504617755
504698290
504724245
504737847
504742617
504763935
504884110
505037377
505106880
505227647
505316726
505321579
505389438
505392056
505646563
505765834
505919369
505937275
505972853
505981394
506153644
506283806
506497155
506597000
506651939
506673387
506743742
506811379
506885125
506895259
506957175
506971933
507366766
507454384
507462126
507655454
507716900
507832798
507915705
507934567
508029467
508042453
508315181
508319236
508441685
508547649
508596385
508627521
508826890
508971306
509099357
509100813
509305450
509329741
509453728
509632746
509650142
509703924
509707334
509888534
510035222
510136054
510154578
510156112
510382763
510501475
510685360
510704798
510781264
511009649
511089575
511215725
511435771
511541888
511717076
511779493
511893645
512047513
512090891
512119501
512229965
512341967
512401900
512485616
512533959
512588652
512741797
512966152
513292576
513426463
513561593
513580259
513668677
513669396
513713597
513769448
513919710
513996720
514085748
514425518
514479884
514581057
514657121
514842947
515415047
515451270
515486934
515490045
515565743
515694700
515702605
515827135
515848958
515937719
516234352
516252223
516302523
516348471
516418283
516421791
516628125
516707041
516770341
516801587
516961760
517006930
517015806
517060497
517164548
517494459
517765921
517881395
517910104
518036585
518203466
518212199
518591992
518683437
518739769
519033583
519041954
519061658
519079482
519339214
519414527
519479577
519600519
519798700
519868343
519888831
519923718
520023584
520150081
520390400
520455279
520547128
520642755
521119583
521212159
521370989
521381617
521613257
521684331
521745931
521822615
521857804
521907691
521914622
521960645
522043571
522096728
522140872
522186674
522307683
522385797
522461561
522800508
523398354
523457023
523495667
523507264
523529203
523771259
523906514
523914700
524088212
524094667
524607817
524631326
524690798
524799590
524886325
524953047
524972828
525032212
525039135
525050694
525086165
525121096
525124185
525370787
525441988
525455897
525523642
525538534
525803436
525969774
525991500
526467816
526543936
526649353
526674570
526767210
526802747
526896180
527031648
527133993
527154367
527250459
527409222
527604496
527610230
527652451
527723154
527761788
527769370
527826359
528081259
528153324
528167397
528235581
528244022
528262979
528313073
528589544
528698824
528728978
528763397
528825307
528951608
529013062
529080778
529552418
529577222
529625013
529840790
530012670
530117754
530132223
530279933
530366771
530438502
530489260
530697122
530739251
4000214667
4000216897
4000323203
4000394226
4000508865
4000587018
4000665957
4000736931
4000877176
4000935119
4000967703
4000975303
4000984647
4001068300
4001151754
4001192896
4001281698
4001600533
4001742359
4001782281
4001796357
4001843050
4001919322
4002227503
4002253091
4002310831
4002527926
4002606133
4002673370
4002739202
4002740363
4002837796
4002892524
4002913700
4003232732
4003251396
4003439106
4003668947
4003673314
4003700367
4003820375
4003821625
4003873224
4003933017
4004215431
4004412994
4004429275
4004456817
4004469938
4004548878
4004599235
4004725206
4004782484
4004814615
4004961891
4004984568
4005078278
4005118320
4005194999
4005557463
4005569575
4005699348
4005707864
4005708946
4005745074
4005811788
4005974330
4005994139
4006039268
4006083382
4006432688
4006526029
4006950906
4007086200
4007258029
4007736079
4007766363
4007799453
4007880743
4008223519
4008227681
4008323183
4008333728
4008544840
4008709323
4008745113
4008763343
4008777394
4008871846
4009162683
4009542481
4009679318
4009738440
4009744543
4009831433
4009892451
4010061682
4010069156
4010195572
4010281242
4010463844
4010507168
4010511639
4010594086
4010600525
4010802220
4010863973
4010928004
4010950806
4010966538
4011098979
4011273543
4011492443
4011620419
4011690022
4012090523
4012095684
4012167690
4012206971
4012424005
4012466012
4012578115
4012634185
4012796690
4012998155
4013171726
4013246519
4013263750
4013484138
4013513598
4013649076
4013771128
4013931969
4013945834
4014003974
4014093191
4014134342
4014154966
4014211396
4014243324
4014247361
4014266235
4014316411
4014379685
4014429152
4014474773
4014718570
4014730483
4014800339
4014835860
4014856971
4015047813
4015126918
4015285781
4015386063
4015540814
4015723626
4015817146
4015870882
4015886734
4016093198
4016111732
4016113314
4016323112
4016329690
4016336281
4016689138
4016693306
4016944643
4016982939
4017010791
4017321292
4017375690
4017392416
4017533859
4017549679
4017622260
4017733940
4017818329
4017886529
4017914017
4017922597
4018395175
4018454284
4018523530
4018861443
4018890900
4018896222
4018910661
4019042253
4019052171
4019290777
4019315543
4019316233
4019482202
4019506978
4019544668
4019742044
4019852701
4019884113
4019912795
4019916353
4019945737
4020124015
4020279570
4020499166
4020542605
4020640753
4020986808
4021116948
4021197836
4021427807
4021580953
4021602062
4021875193
4021987625
4021989560
4022153540
4022212739
4022219007
4022219533
4022253671
4022347079
4022507562
4022579332
4022653189
4022706429
4022706521
4022749684
4022769496
4022783478
4022797979
4022847888
4022881131
4022927417
4023016114
4023114810
4023120338
4023120393
4023202479
4023408467
4023501280
4023589279
4023699720
4023733161
4023766033
4023892874
4023920395
4024055193
4024177919
4024206256
4024214773
4024222205
4024317326
4024343532
4024379046
4024495346
4024692816
4024902991
4024970653
4024992442
4025090676
4025367598
4025417180
4025460800
4025626944
4025654031
4025811597
4026348506
4026413247
4026454842
4026587819
4026748001
4026888659
4026979705
4027117206
4027297941
4027405641
4027598416
4027628290
4027634375
4027728637
4027760186
4027789229
4027835835
4027874653
4028093094
4028208468
4028433624
4028504537
4028594462
4028658474
4028659178
4028723872
4028798445
4028894505
4029007514
4029035066
4029102052
4029155530
4029187060
4029195700
4029279767
4029441700
4029584936
4029699767
4029790368
4029792284
4029898597
4029953517
4030149639
4030272864
4030410693
4030492481
4030633072
4030641188
4030682873
4030863571
4030905461
4030927423
4031188790
4031211076
4031332046
4031342785
4031588198
4031645251
4031878662
4031966274
4032218374
4032259563
4032438374
4032470387
4032923895
4033343221
4033416924
4033469759
4033469949
4033520312
4033573708
4033603243
4033680859
4033804647
4033881652
4033944054
4034186269
4034209763
4034575121
4034614049
4034656245
4034675872
4034883348
4034904814
4035450133
4035595466
4035596348
4035608463
4035728466
4035772273
4035822788
4035859466
4035863380
4035907143
4035949294
4035998950
4036114136
4036217505
4036297391
4036359011
4036551179
4036695466
4036705754
4036744699
4036751221
4036870261
4036985431
4036994827
4037060812
4037090943
4037093358
4037151779
4037207679
4037269489
4037313418
4037334312
4037345797
4037533997
4037615416
4038070683
4038317836
4038319166
4038344032
4038344194
4038825899
4038957923
4038984973
4039032275
4039205793
4039272892
4039274818
4039283291
4039561787
4039696666
4039700757
4039808115
4040260656
4040345594
4040375410
4040486161
4040562424
4040590918
4040628307
4040673221
4040840497
4040948893
4041162260
4041697873
4041784736
4041838199
4042286638
4042299266
4042712844
4042933699
4042949489
4042987467
4043137769
4043356333
4043468952
4043528237
4043780482
4043842398
4043903691
4043934304
4043983118
4044075592
4044107319
4044152045
4044259159
4044363172
4044598916
4044671787
4044742305
4044766046
4045041608
4045065815
4045089481
4045155073
4045475382
4045536739
4045707363
4045793174
4045920323
4046166455
4046176016
4046364187
4046367074
4046449097
4046535880
4046618107
4046641387
4046664389
4046796948
4046971020
4047087746
4047320435
4047432611
4047598174
4047707237
4047807995
4047828447
4048009447
4048057117
4048110765
4048139582
4048237691
4048280009
4048337830
4048508809
4048546991
4048591057
4048709777
4048725728
4048818674
4049044111
4049054416
4049223514
4049346232
4049415244
4049860400
4049961365
4049976171
4050050961
4050137701
4050589973
4050843843
4050990512
4050991160
4051089185
4051119211
4051318033
4051335522
4051426247
4051550566
4051660336
4051666902
4051747396
4051925545
4051959864
4051989706
4052064367
4052125166
4052283670
4052318858
4052430073
4052442492
4052828834
4052841449
4053064350
4053079839
4053246115
4053247354
4053629318
4053631644
4053725446
4053771560
4053798703
4053850273
4053878592
4053955484
4054212701
4054303613
4054315487
4054402352
4054434210
4054446433
4054560952
4054657857
4054727314
4054740030
4054749833
4054944734
4055026725
4055055127
4055111479
4055190227
4055258986
4055270097
4055345380
4055369643
4055499375
4055500654
4055576207
4055605234
4055747510
4055803537
4055832200
4056140551
4056142854
4056175271
4056215096
4056235523
4056320235
4056374441
4056381370
4056384173
4056430257
4056497482
4056648218
4056736318
4057205719
4057258572
4057279741
4057576206
4057648074
4057760951
4057815561
4057987172
4058067625
4058333832
4058504066
4059067722
4059119018
4059166192
4059231060
4059326839
4059349538
4059362828
4059441268
4059859142
4059946193
4060041118
4060383603
4060543711
4060812709
4060876596
4060920617
4061090979
4061166083
4061183609
4061325015
4061335485
4061511420
4061721779
4061785081
4061874556
4061892422
4061893805
4061924229
4062140253
4062168263
4062183161
4062190473
4062344948
4062353701
4062471317
4062580055
4062609504
4062675292
4062739574
4062798696
4063006680
4063043391
4063140965
4063187598
4063199728
4063412091
4063550378
4063880656
4064007652
4064029822
4064189568
4064231402
4064272130
4064273112
4064328216
4064735146
4064875190
4065111661
4065216399
4065305764
4065355249
4065536847
4065550748
4065666745
4065699575
4065918121
4066068427
4066069213
4066123977
4066203580
4066303994
4066407787
4066539475
4066794486
4066883601
4067135470
4067230353
4067412771
4067426836
4067480321
4067574687
4067737171
4067872797
4067921727
4068089699
4068493833
4068646511
4068730451
4068758936
4069032352
4069044684
4069091878
4069192523
4069254128
4069260581
4069268821
4069333474
4069368200
4069408125
4069437097
4069467888
4069885077
4069990148
4070072133
4070231650
4070303028
4070396947
4070570984
4070604031
4070626671
4070746057
4070943839
4070948355
4071117937
4071217333
4071263974
4071288480
4071323206
4071361489
4071441068
4071449358
4071968703
4072001428
4072002629
4072428703
4072729040
4072937621
4073027415
4073044730
4073328712
4073478768
4073479029
4073700009
4073743865
4073904095
4074005820
4074020205
4074102283
4074119721
4074263407
4074314572
4074385644
4074429505
4074474253
4074558426
4074616241
4074644288
4074743133
4074800014
4074814064
4074845365
4074889838
4075037233
4075178399
4075195271
4075267382
4075313776
4075343656
4075456159
4075477095
4075543265
4075630161
4075649185
4075661984
4075855033
4075936571
4075951696
4076013844
4076208333
4076499321
4076509470
4076532943
4076564602
4076575700
4076628069
4076733144
4076938419
4076967596
4076969712
4077223263
4077286354
4077315192
4077372775
4077495608
4077562871
4077618732
4077704891
4077772932
4077950762
4078035209
4078068885
4078235612
4078237512
4078259128
4078268619
4078344397
4078349566
4078580719
4078582265
4078609055
4078619482
4078622131
4078689128
4078725334
4078800957
4078815504
4078875642
4079047625
4079091843
4079249565
4079257534
4079359842
4079539375
4079596045
4079621659
4079673263
4079831058
4079837645
4079845024
4079865440
4080321165
4080939174
4080951234
4081009567
4081010388
4081058607
4081165619
4081325681
4081471832
4081835635
4081896177
4081957923
4081965239
4082028637
4082137203
4082228174
4082252343
4082365621
4082416815
4082427171
4082470773
4082548241
4082613577
4082758694
4082849547
4082955002
4082983093
4083075989
4083152805
4083157188
4083313971
4083379326
4083393622
4083401926
4083531853
4083568026
4083617391
4083788347
4083831654
4083963912
4084072407
4084194141
4084202459
4084306531
4084317486
4084386713
4084500360
4084696190
4084844163
4084982723
4085014148
4085043563
4085263013
4085421035
4085446260
4085630414
4085670675
4085716618
4085845142
4085925601
4085955452
4086114863
4086122545
4086233888
4086258749
4086302736
4086335904
4086355488
4086377605
4086382617
4086398727
4086542146
4086576579
4086653537
4086792272
4086899423
4087021611
4087040103
4087240981
4087323571
4087711051
4087753733
4087763994
4087901051
4087955815
4088120214
4088489048
4088536329
4088547652
4088556925
4088822635
4088853533
4088928631
4089085007
4089134263
4089219562
4089454107
4089521517
4089606828
4089611744
4089770076
4089993063
4090048521
4090066159
4090083370
4090088183
4090106140
4090214097
4090538149
4090730778
4090750226
4091037173
4091115263
4091238173
4091247888
4091403790
4091514796
4091816538
4091882087
4091886460
4091907907
4091939899
4092275858
4092413696
4092425306
4092832300
4092973115
4093141453
4093192023
4093198467
4093275164
4093292534
4093376195
4093505563
4093784242
4093875398
4094083131
4094177016
4094203592
4094243369
4094296109
4094427179
4094556453
4094599503
4094815223
4094835106
4095122856
4095226909
4095250738
4095346045
4095418390
4095549423
4095599619
4095725578
4095730883
4095966206
4096555601
4096569838
4096684964
4096687476
4096795845
4097021711
4097065444
4097096887
4097201611
4097344154
4097359722
4097369664
4097395620
4097494283
4097593249
4097614890
4097764741
4097769404
4097844842
4098035902
4098119968
4098162837
4098483560
4098634902
4098841049
4098847007
4099100964
4099414769
4099464576
4099503397
4099530600
4099678661
4099878100
4099878762
4099908934
4100053692
4100069276
4100115859
4100254616
4100391966
4100545166
4100611765
4100641087
4100686931
4100823306
4101002386
4101130158
4101143479
4101186784
4101383588
4101411772
4101469773
4101535614
4101583244
4101616270
4101704712
4101793144
4102168858
4102419830
4102617925
4102962818
4102994332
4103125941
4103133130
4103428712
4103449315
4103502136
4103563755
4103564613
4103574123
4103654527
4103730415
4103786295
4103833517
4103928416
4104038407
4104178787
4104260534
4104446676
4104510718
4104597962
4104612490
4104669288
4104686517
4104802920
4104870933
4104934079
4105000512
4105011457
4105162226
4105261779
4105334406
4105477615
4105821663
4105889174
4106040763
4106085543
4106092329
4106147920
4106196318
4106225155
4106286203
4106320054
4106360430
4106428946
4106443580
4106475437
4106679422
4106977199
4106997593
4107157752
4107197569
4107255726
4107378202
4107400079
4107438948
4107448194
4107687056
4107784265
4107873185
4107962754
4108114632
4108196502
4108253557
4108323141
4108369793
4108399215
4108443168
4108567996
4108666839
4108675468
4108877162
4108959309
4108976958
4109041588
4109239971
4109255634
4109263933
4109357278
4109500268
4109606508
4109615973
4109632779
4109652101
4109823051
4109982376
4110076819
4110102640
4110122736
4110130183
4110200734
4110344714
4110393199
4110502209
4110782808
4110923094
4111133714
4111251512
4111312489
4111494772
4111669709
4111800377
4111967239
4112149679
4112206225
4112412369
4112430198
4112442907
4112537018
4112601076
4112620463
4112667427
4112689250
4112756599
4112884494
4112942767
4113257109
4113331678
4113399759
4113435795
4113825255
4113925391
4114002122
4114048619
4114206418
4114217748
4114218512
4114304045
4114396847
4114436769
4114714836
4115088313
4115106097
4115208559
4115426128
4115537973
4115608921
4115680332
4115854296
4115934169
4116071418
4116163710
4116247109
4116269553
4116388373
4116430548
4116678608
4116736025
4116922952
4116971331
4116990408
4117260960
4117285742
4117448969
4117828066
4117868273
4117940680
4118267221
4118283560
4118387492
4118466436
4118476817
4118539491
4118589353
4118611087
4118736412
4118984703
4119397050
4119466790
4119550918
4119666893
4119889019
4120008345
4120010973
4120277325
4120292094
4120293623
4120454155
4120499416
4120560526
4120615639
4120621152
4121012292
4121252306
4121331297
4121487314
4121739608
4121807966
4121998179
4122024651
4122234083
4122244321
4122346300
4122402679
4122589759
4122770144
4122934448
4123532034
4124046010
4124165961
4124471607
4124554872
4124613051
4124657397
4124776909
4124901584
4125077909
4125388013
4125485258
4125535070
4125604052
4125747386
4125767969
4125781762
4125842553
4125933596
4125943632
4125999209
4126003859
4126208088
4126218769
4126240812
4126264915
4126370965
4126440333
4126465340
4126582450
4126701143
4126821261
4126922916
4127014354
4127347031
4127394754
4127803882
4127872148
4128111002
4128250759
4128454086
4128473205
4128647640
4128693185
4128714608
4128782761
4128821895
4128908320
4128939316
4129071812
4129338357
4129368278
4129470170
4129967667
4129987079
4129993952
4130083861
4130135176
4130213232
4130299936
4130590795
4130663558
4130713822
4130751269
4130761043
4130963811
4131034537
4131069655
4131160920
4131172508
4131181304
4131296096
4131470915
4131497495
4131561043
4131669642
4131749278
4131795802
4132005884
4132126568
4132211780
4132240773
4132273209
4132362783
4132373264
4132616228
4132736381
4132875897
4133006225
4133010329
4133031646
4133286369
4133461992
4133614333
4133632614
4133748654
4133844553
4134031795
4134064760
4134107746
4134109544
4134189544
4134262455
4134264040
4134537534
4134554849
4134659113
4134742528
4134821925
4134841165
4134919030
4134963357
4134970769
4135020384
4135104191
4135207284
4135228565
4135307607
4135317346
4135416744
4135456765
4135568827
4135663623
4135895841
4135913047
4135992069
4136131832
4136155822
4136277765
4136349249
4136492482
4136500473
4136517028
4136548428
4136579051
4136606075
4136664740
4136728265
4136952218
4137280161
4137347682
4137474574
4137516698
4137833198
4137851021
4137855198
4137928711
4138038833
4138048934
4138075567
4138089211
4138177077
4138224972
4138297982
4138500164
4138631705
4138662873
4138722824
4138848523
4138942474
4138964620
4138999319
4139000879
4139082126
4139463915
4139604812
4139728251
4139732021
4139738955
4139740857
4139742259
4139879415
4139905231
4140019927
4140144570
4140144995
4140225689
4140372330
4140476376
4140563912
4140651677
4140866839
4140990596
4141099505
4141143389
4141220995
4141322083
4141399808
4141484003
4141550840
4141569396
4141638741
4141690263
4141714677
4141834485
4141964504
4142360836
4142478462
4142630608
4142690675
4142730704
4142890091
4143041731
4143172453
4143196836
4143432741
4143599684
4143614112
4143629035
4143629854
4143975286
4144047832
4144067038
4144154799
4144192662
4144323193
4144465429
4144478300
4144568436
4144675844
4144741710
4144916962
4144956429
4145051909
4145144156
4145152156
4145185797
4145256342
4145290662
4146092379
4146153261
4146349996
4146350995
4146508909
4146681557
4146745375
4146985228
4147033847
4147141096
4147268635
4147418358
4147427587
4147530816
4147545896
4147627226
4147651080
4147753181
4147961101
4147990889
4148053435
4148448208
4148630663
4148750440
4148768455
4148787841
4148811327
4149020534
4149187894
4149324664
4149350508
4149473549
4149855105
4150114101
4150212123
4150288325
4150512005
4150588961
4150751110
4150849241
4150976897
4151232432
4151256359
4151267056
4151505286
4151669895
4151815784
4152055699
4152180261
4152218762
4152297391
4152371495
4152715190
4152719047
4152777937
4152935390
4153014759
4153017899
4153470270
4153562261
4153667222
4153715299
4153742326
4153785055
4153877654
4154095740
4154149204
4154235532
4154304382
4154317891
4154512957
4154641806
4154727106
4154771690
4154809477
4154811743
4154861238
4154936382
4155059670
4155068852
4155237192
4155435869
4155557344
4155623272
4155671890
4155811723
4155891295
4156264354
4156300355
4156314594
4156331682
4156392074
4156463837
4156537036
4156580813
4156592613
4156647639
4156673335
4156744044
4156843068
4156869722
4157011054
4157170932
4157192828
4157231409
4157256828
4157278071
4157464042
4157642403
4157699769
4157811306
4157890934
4158121704
4158175668
4158185580
4158234169
4158246320
4158299212
4158345183
4158369276
4158713679
4159000026
4159077132
4159111052
4159140499
4159283949
4159457248
4159642810
4159756788
4159826822
4159915710
4160060087
4160078025
4160151068
4160325141
4160393824
4160498155
4160727153
4160748225
4160804323
4160985958
4161190399
4161197577
4161239278
4161320200
4161329913
4161366771
4161411973
4161441990
4161562874
4161761889
4161784995
4161916290
4162205557
4162235990
4162267578
4162414150
4162489551
4162657475
4162697460
4162724280
4162727408
4162759619
4162802394
4162980038
4163075233
4163436825
4163503427
4163504554
4163610236
4163614367
4163720646
4163741836
4163749880
4164083606
4164209296
4164224068
4164291694
4164384439
4164453577
4164550784
4164700584
4164724952
4164983530
4165070612
4165089561
4165099017
4165119049
4165137539
4165241074
4165262190
4165346099
4165351985
4165370107
4165411202
4165439927
4165442512
4165599543
4165972704
4166066439
4166152912
4166169962
4166623476
4166634257
4166778547
4166855858
4166907179
4166962581
4167250728
4167299342
4167334494
4167544833
4167637402
4167692882
4167704743
4167830571
4167875812
4167983169
4167998897
4168198785
4168220183
4168503670
4168549234
4168569634
4168592479
4168771147
4168865819
4168896140
4169160087
4169376989
4169387472
4169427701
4169680959
4169683254
4169762021
4169799383
4169889880
4169915574
4169927653
4169946759
4170115797
4170359141
4170361624
4170633330
4170752328
4170829577
4170848368
4171400998
4171404676
4171446610
4171481773
4171490078
4171576731
4171669940
4171729975
4171786601
4171974868
4172027866
4172053572
4172082558
4172084789
4172252327
4172315423
4172323329
4172385807
4172457816
4172674485
4172744194
4172865329
4172950978
4173125366
4173412708
4173561029
4173647239
4173667142
4173861749
4174035845
4174058673
4174093849
4174173328
4174347124
4174409590
4174443743
4174523685
4174689026
4174755180
4174959107
4175007509
4175007971
4175238783
4175785758
4175885786
4175954439
4176047101
4176063241
4176104967
4176187952
4176197539
4176277120
4176402309
4176509826
4176574585
4176587925
4176627385
4176832889
4176899252
4176948052
4177006138
4177034379
4177054436
4177097585
4177104216
4177135173
4177153991
4177164460
4177230781
4177399225
4177597182
4177751617
4178029479
4178058285
4178246906
4178353217
4178385731
4178581805
4178733814
4178750655
4178930236
4178989843
4179101580
4179117058
4179126209
4179199718
4179345151
4179542238
4179604180
4179633880
4179665215
4179666201
4179709320
4179711380
4179739685
4179836202
4179875252
4179970601
4179992151
4180181148
4180213025
4180342425
4180353926
4180363868
4180379902
4180469092
4180562132
4180588658
4180598747
4180748117
4180820593
4180827754
4180920911
4181099895
4181100963
4181151464
4181223251
4181238354
4181303865
4181442740
4181530841
4181542866
4181708781
4181936370
4181975124
4182038377
4182056459
4182125242
4182539804
4182676040
4182841022
4182874527
4182929025
4183086290
4183088437
4183136337
4183187648
4183268450
4183418378
4183497400
4183554966
4183636966
4183694819
4183723302
4183730378
4184003004
4184126980
4184177166
4184282037
4184427181
4184670443
4184863594
4184944827
4184962668
4185107556
4185151835
4185176521
4185251377
4185315150
4185374671
4185467294
4185515095
4185532444
4185617151
4185727832
4185750728
4185751530
4185789003
4185915633
4185952721
4186345532
4186576627
4186709092
4186775206
4186908594
4186940642
4187051615
4187164758
4187299499
4187380634
4187413637
4187512163
4187517292
4187661936
4187719484
4187858434
4187918862
4188182377
4188294467
4188432919
4188489028
4188705827
4188730123
4188947934
4189085531
4189105843
4189211087
4189424691
4189481154
4189561376
4189597929
4189601932
4189650577
4189700582
4189909237
4189965438
4190064717
4190149727
4190168758
4190209441
4190223530
4190383287
4190575891
4190653900
4190749576
4190854866
4190888875
4190954035
4191084360
4191136847
4191398000
4191507028
4191542499
4191628711
4191724119
4191736875
4191760536
4191901005
4192087040
4192198547
4192217084
4192254496
4192575938
4192662219
4193063181
4193067078
4193320784
4193327741
4193328529
4193338321
4193537994
4193581950
4193627269
4193710068
4193739131
4193781441
4193932852
4193971074
4193994588
4194027658
4194042849
4194051252
4194153331
4194157068
4194219555
4194411361
4194472652
4194553444
4194555208
4194558783
4194577667
4194818604
4194849912
4194988748
4195052210
4195098886
4195511285
4195534179
4195709767
4195753098
4195777897
4195784515
4195852748
4195963788
4195970708
4196175626
4196382319
4196415605
4196437740
4196630269
4196789462
4196948854
4197068236
4197152976
4197203880
4197247016
4197472330
4197710918
4198134886
4198208135
4198336584
4198362235
4198812986
4198859495
4198966757
4198987746
4199089511
4199095640
4199251280
4199341630
4199364362
4199380765
4199567685
4199657967
4200107006
4200217784
4200429479
4200548619
4200571946
4200674886
4201033001
4201204273
4201341313
4201482875
4201723197
4201745805
4201975621
4202003238
4202018119
4202391812
4202443916
4202444809
4202533153
4202566040
4202714943
4202717884
4202992818
4203078946
4203109719
4203164947
4203200350
4203491771
4203568870
4203915145
4204084882
4204095959
4204128751
4204328745
4204547475
4204825898
4204946621
4204960876
4204974936
4204990861
4205034151
4205236601
4205265395
4205462274
4205471792
4205642634
4205825655
4205865461
4205908726
4206041969
4206080875
4206314645
4206446494
4206481549
4206602444
4206739355
4207044696
4207070346
4207090321
4207153118
4207331597
4207352985
4207482595
4207516663
4207537537
4207751519
4207811957
4207832606
4207840504
4207892252
4207901412
4207919031
4208053997
4208274931
4208382215
4208646589
4208934617
4208941183
4208944391
4209144811
4209227083
4209319048
4209352334
4209366853
4209375085
4209386865
4209752157
4209782653
4209832329
4209840622
4210138191
4210302733
4210359283
4210555110
4210701545
4210864207
4210934887
4210995793
4211077382
4211077412
4211450688
4211533479
4211691919
4211732127
4211806847
4211848326
4211995069
4212037829
4212064087
4212250018
4212363220
4212366003
4212448734
4212572898
4212653118
4212663589
4212691806
4212781131
4212784247
4212845199
4212959509
4212969757
4213151845
4213173814
4213206056
4213290213
4213371137
4213378070
4213544006
4213805984
4213811166
4213936888
4214000017
4214410023
4214516841
4214768670
4214877060
4214899593
4214952209
4214976418
4215035642
4215097207
4215191835
4215343478
4215469779
4215494392
4215520160
4215524854
4215543941
4215548984
4215554624
4215717532
4215928225
4215934765
4216278092
4216280567
4216312803
4216383992
4216452463
4216467002
4216472571
4216569846
4216658420
4216845542
4217172004
4217172492
4217251081
4217351279
4217493681
4217725261
4217766342
4217908657
4218021719
4218074860
4218158048
4218261112
4218392963
4218460839
4218493216
4218580556
4218768666
4218821664
4218854749
4219004860
4219072620
4219182704
4219225617
4219363124
4219511959
4219527941
4219820896
4219850862
4219940415
4219963627
4219980484
4220098618
4220165367
4220248524
4220297784
4220321103
4220479075
4220490631
4220630167
4220704218
4220831050
4221024277
4221025898
4221103284
4221190823
4221270592
4221296719
4221363847
4221379768
4221516694
4221564150
4221617192
4221728452
4221897466
4221984626
4222007936
4222027211
4222069302
4222224210
4222256574
4222468546
4222596457
4222596494
4222624209
4222700601
4222745845
4222841291
4222961271
4223030319
4223162959
4223221311
4223578522
4223974285
4224065454
4224081762
4224150497
4224419525
4224590136
4224784916
4224845210
4224853018
4225016091
4225127016
4225199701
4225237082
4225376136
4225439770
4225601300
4225618054
4225631205
4225761349
4225794250
4226209594
4226213707
4226215159
4226319394
4226569051
4226608353
4226706838
4226721365
4226760197
4226937506
4227110716
4227157416
4227320449
4227335609
4227348255
4227355766
4227441018
4227478340
4227503658
4227603013
4227625859
4227922801
4228048607
4228194903
4228304468
4228472917
4228510437
4228657804
4228715547
4228721777
4228803510
4228822055
4228900746
4229049924
4229234023
4229472179
4229499864
4229515138
4229536939
4229742208
4229886329
4230141944
4230173078
4230323679
4230404288
4230441988
4230496388
4230549032
4230589072
4230622928
4231024648
4231064169
4231072850
4231273550
4231293062
4231324783
4231605309
4231804195
4231836731
4231954134
4231994630
4232023839
4232036294
4232193606
4232219347
4232254390
4232328076
4232400513
4232423390
4232437069
4232557095
4232579349
4232594274
4232817525
4232886667
4232892864
4233214475
4233236123
4233275293
4233332765
4233402442
4233446038
4233680210
4233862542
4234003470
4234003680
4234051520
4234092677
4234183407
4234322022
4234331659
4234347774
4234535061
4234603873
4235130160
4235140805
4235196114
4235418172
4235450007
4235450626
4235749661
4235805143
4235932285
4236027728
4236127424
4236157536
4236385239
4236503973
4236675731
4236874322
4236902642
4236944734
4237048670
4237122407
4237240489
4237424570
4237436808
4237534164
4237630726
4237652309
4237782636
4237786179
4237975828
4238014078
4238028530
4238061988
4238098800
4238204215
4238262226
4238354899
4238409603
4238474240
4238512747
4238545221
4238770030
4238800124
4238983346
4239067828
4239124194
4239235067
4239342020
4239351238
4239715144
4239716808
4239720508
4239723553
4239856473
4240079830
4240105146
4240115873
4240222020
4240424863
4240506416
4240608518
4240676435
4240684123
4240731521
4240930136
4241043400
4241256539
4241498255
4241527900
4241569000
4241673130
4241736985
4242317240
4242354630
4242606997
4242609179
4242644745
4242737203
4243083012
4243347311
4243464475
4243510204
4243523103
4243649662
4243780802
4243890003
4243894633
4244006733
4244008280
4244157319
4244215826
4244283854
4244291237
4244341580
4244376874
4244420216
4244707598
4244711831
4244766255
4244798497
4245201572
4245330683
4245557249
4245571824
4245631130
4246197952
4246212966
4246315278
4246336489
4246398537
4246444352
4246551765
4246559108
4246637558
4247065310
4247196874
4247242659
4247426931
4247625284
4247704383
4247713963
4247719706
4247876193
4247996560
4248124885
4248202955
4248336957
4248367807
4248629830
4248706027
4248882433
4248916748
4248921914
4248978506
4249172984
4249276322
4249523166
4249638448
4249770388
4249972638
4250157165
4250328637
4250531392
4250734087
4250786075
4250884529
4250914692
4250922085
4251004030
4251162958
4251214530
4251252823
4251443453
4251559091
4251576185
4251731970
4251739869
4252009912
4252017240
4252020350
4252141642
4252236666
4252293920
4252548082
4252690210
4252743952
4252785958
4252921386
4253049405
4253091967
4253188934
4253189179
4253252815
4253578465
4253735236
4254049050
4254073138
4254144684
4254154963
4254182033
4254281693
4254314204
4254488539
4254613786
4254632352
4254783909
4254904556
4255164638
4255231295
4255363972
4255554709
4255640291
4255660177
4255687612
4255926715
4256001134
4256066891
4256273631
4256346172
4256428841
4256844245
4256928861
4257060362
4257250173
4257286721
4257313169
4257329516
4257368103
4257551039
4257585766
4257640942
4257704764
4258134474
4258400935
4258427226
4258492452
4258862506
4258874978
4258933797
4258987537
4259139030
4259218515
4259371403
4259454722
4259479961
4259523025
4259594878
4259656383
4259688190
4259815460
4259941324
4260000451
4260138280
4260142156
4260226832
4260248180
4260276682
4260291001
4260497076
4260633974
4260875148
4260938346
4260942242
4260968533
4261331526
4261356267
4261428092
4261488945
4261490455
4261523142
4261652308
4261770183
4261820010
4261945780
4262115533
4262360801
4262371326
4262429924
4262642769
4262676015
4262769011
4262772150
4262824644
4262832126
4262977844
4263191300
4263407589
4263422311
4263602212
4263656492
4263716237
4263736434
4263742097
4263784910
4263822979
4263851496
4263981217
4264018960
4264043655
4264450759
4264620621
4264665157
4264759037
4264782023
4264960490
4265284719
4265353034
4265490747
4265638339
4265684886
4265835727
4265844650
4265855395
4265928208
4266141226
4266196145
4266199409
4266383548
4266483644
4266511440
4266540142
4266558422
4266738733
4266747626
4267054709
4267060169
4267104444
4267372920
4267380246
4267546956
4267586441
4267607059
4267823621
4267857629
4268344651
4268353140
4268496136
4268501549
4268684576
4268718120
4269004177
4269047690
4269117700
4269258270
4269299578
4269385427
4269463504
4269546836
4269548647
4269965290
4270102964
4270108718
4270114267
4270156391
4270302364
4270373406
4270440809
4270453810
4270459650
4270536408
4270540003
4270651857
4270665814
4270757094
4270830603
4271051683
4271146943
4271503223
4271585088
4271635212
4271655718
4271699574
4271712572
4271804668
4271820173
4271925978
4272039992
4272113586
4272140325
4272206905
4272332584
4272519819
4272527214
4272773527
4272853368
4273140658
4273226439
4273295344
4273379859
4273450051
4273457675
4273668519
4273688679
4273733732
4273789626
4273893152
4273978059
4273999555
4274210665
4274233809
4274265317
4274376787
4274449483
4274721787
4274773779
4274840078
4275012654
4275024630
4275031621
4275037032
4275073708
4275148143
4275181815
4275426808
4275450059
4275632638
4275634411
4275773870
4275781946
4275868656
4275967065
4276101042
4276104516
4276147592
4276151622
4276280674
4276356567
4276408783
4276557793
4276585070
4276800829
4277077119
4277193312
4277215818
4277318625
4277476623
4277548366
4277718933
4277906714
4278028203
4278094158
4278157635
4278220257
4278342012
4278391206
4278617273
4278792526
4279000107
4279000640
4279128084
4279163687
4279440640
4279610262
4279927219
4279995951
4280089801
4280097974
4280134520
4280164895
4280259871
4280307453
4280331409
4280339682
4280360402
4280444794
4280794804
4280894617
4281145895
4281741670
4282087121
4282243941
4282446916
4282539923
4282582632
4282606957
4282704921
4282809966
4283004272
4283079573
4283215548
4283324328
4283367211
4283538911
4283563069
4283622233
4283640355
4283724180
4283738617
4283801797
4283881164
4283883172
4283929894
4284104497
4284179292
4284305965
4284550789
4284656768
4284657307
4284670481
4284701224
4285025498
4285098676
4285132393
4285171275
4285192339
4285334283
4285461448
4285552131
4285553604
4285634469
4285639728
4285702476
4285804028
4286188074
4286309176
4286414305
4286496021
4286621044
4286853196
4286989676
4287064091
4287190662
4287430121
4287957702
4287987810
4288033090
4288194755
4288504496
4288708545
4288757269
4289120762
4289325375
4289334830
4289359672
4289387056
4289424651
4289445403
4289452629
4289572366
4289595623
4289647808
4289669043
4289689201
4289725602
4289734436
4289819678
4289915381
4290008807
4290145487
4290280110
4290438769
4290440296
4290490345
4290552840
4290568472
4290631896
4291009522
4291073301
4291095375
4291123700
4291237704
4291404071
4291589202
4291650421
4291815502
4291943392
4291980758
4292048449
4292143473
4292148399
4292276880
4292304365
4292317098
4292424213
4292733006
4292770475
4292855618
4292935947
4292948263
4293043574
4293061304
4293121240
4293201614
4293252749
4293310011
4293461809
4293480454
4293556159
4293627929
4293689240
4293786030
4293942973
4294235399
4294361669
4294444978
4294487502
4294530135
4294599030
4294701078
4294847646
4294848421
4294937561
4294938172
4295021341
4295082460
4295092127
4295282599
4295289753
4295434138
4295464820
4295557952
4295594928
4295809476
4295871454
4295903324
4296068109
4296075353
4296103310
4296138363
4296157250
4296243817
4296281460
4296614040
4296619258
4296682211
4296735570
4296766604
4296774003
4296811823
4296955573
4296963158
4297094235
4297103886
4297200836
4297215780
4297481196
4297551263
4297790741
4297888613
4297959950
4297979210
4298023996
4298063113
4298090452
4298265622
4298297288
4298553673
4298727841
4298959526
4298996923
4299218561
4299329084
4299807803
4299998010
4300034396
4300111375
4300266946
4300288703
4300445543
4300509332
4300544817
4300560071
4300666064
4300738965
4301064710
4301338562
4301468099
4301475302
4301523648
4301545868
4301684256
4301696221
4301742268
4302009610
4302022459
4302089955
4302125861
4302178541
4302269609
4302376285
4302448829
4302729744
4302920386
4302929232
4302932455
4302936119
4303067895
4303407274
4303473972
4303510300
4303639552
4303810828
4303886874
4303929236
4303965087
4304345542
4304421017
4304740971
4304837096
4304894080
4304959189
4305178889
4305183890
4305281201
4305554809
4305651776
4305728964
4305801658
4306029118
4306055186
4306142286
4306161353
4306282797
4306436684
4306519927
4306534510
4306611157
4306617243
4306666624
4306710856
4306714079
4306732894
4307113095
4307208872
4307319564
4307495012
4307584559
4307601639
4307705190
4307792552
4307851843
4307966870
4308041534
4308154478
4308182600
4308353259
4308370567
4308381007
4308557089
4308562891
4308619586
4308657096
4308785742
4309053316
4309059292
4309522831
4309703981
4309855697
4309981922
4310093603
4310201938
4310212104
4310309792
4310342316
4310349157
4310386910
4310542910
4310739656
4310751729
4310851675
4310899990
4311023200
4311078450
4311406457
4311437062
4311510871
4311516433
4311663606
4311722022
4311878712
4311906767
4311970923
4312086153
4312461743
4312759972
4312792561
4312833466
4313313304
4313318165
4313352742
4313426773
4313501555
4313512809
4313665443
4313738048
4313797817
4313839354
4313861472
4313950485
4314128726
4314374850
4314379717
4314457936
4314460258
4314490370
4314622484
4314793665
4314900523
4314935205
4314975644
4315048670
4315213465
4315223903
4315300674
4315314081
4315403462
4315535273
4315602506
4315654776
4315834764
4315867741
4315993842
4316204776
4316354384
4316357307
4316478958
4316517187
4316549424
4316759172
4316760618
4316995737
4317146388
4317208960
4317237568
4317324236
4317331719
4317355805
4317445799
4317505767
4317517103
4318075466
4318113658
4318333780
4318353898
4318382073
4318701017
4318809313
4319230148
4319284181
4319423892
4319459927
4319464399
4319513287
4319531581
4319750853
4319892760
4320085337
4320291315
4320336829
4320412298
4320468056
4320645187
4320870811
4320897515
4320973893
4320980075
4321175277
4321210893
4321280623
4321355515
4321495122
4321712842
4321783215
4321818625
4321939272
4322020413
4322259230
4322500506
4322721312
4322758770
4322894868
4322940450
4323000839
4323048480
4323224835
4323336893
4323398831
4323569620
4323577792
4323598918
4323758289
4323767691
4323830727
4324015264
4324116975
4324149590
4324385546
4324422353
4324469705
4324525090
4324543646
4325032410
4325048688
4325368998
4325369361
4325392782
4325445033
4325789866
4325931990
4325990690
4325993997
4326104954
4326208481
4326417472
4326570098
4326643815
4327245012
4327322120
4327482082
4327605905
4327643153
4327646207
4327766934
4327832803
4327835970
4328105927
4328160246
4328168373
4328547285
4328775787
4328837670
4329094274
4329213963
4329268574
4329357776
4329431783
4329524714
4329534540
4329802557
4329861368
4329953224
4330104619
4330446685
4330532335
4331032610
4331094590
4331297811
4331562873
4331615010
4331740539
4331970489
4332261723
4332272831
4332396992
4332441978
4332489718
4332508559
4332698542
4332712331
4332728604
4332779132
4332789976
4333011355
4333092077
4333210132
4333663107
4333876031
4334089025
4334130501
4334152579
4334293636
4334295163
4334624779
4334763746
4334766402
4334810212
4334918765
4335056815
4335069315
4335078235
4335173724
4335229629
4335306230
4335444684
4335495791
4335536206
4335558295
4335655141
4336013934
4336129067
4336202827
4336222108
4336246239
4336335570
4336387195
4336582765
4336613102
4336625990
4336702753
4336728802
4336829049
4336830670
4336931837
4337032541
4337059773
4337161896
4337442499
4337500361
4337575218
4337821756
4337994236
4338098557
4338231476
4338400249
4338439753
4338824743
4339105498
4339244951
4339296718
4339330866
4339418414
4339425235
4339854829
4339926877
4340087083
4340254823
4340268570
4340535053
4340609146
4340677760
4340764633
4340862471
4341074605
4341167480
4341195468
4341214295
4341412716
4341499229
4341561676
4341694886
4341771996
4341786854
4341855887
4341865767
4342168867
4342313690
4342367679
4342381701
4342695158
4342825629
4342855998
4343056691
4343095066
4343147416
4343233386
4343395197
4343576817
4343612331
4343708456
4343807078
4343922348
4343951374
4343956289
4344180160
4344198764
4344449845
4344495582
4344539243
4344556748
4344603833
4344644387
4344858223
4344935156
4344965325
4345021269
4345070516
4345086637
4345377885
4345401536
4345487799
4345568011
4345653844
4345727403
4345754426
4346088307
4346312860
4346325872
4346384889
4346451486
4346508780
4346584487
4346592890
4346727556
4346990049
4347112686
4347152141
4347360316
4347393107
4347465638
4347505924
4347524974
4347619094
4347825590
4347839367
4347872241
4347934812
4348276434
4348280502
4348324648
4348354454
4348417335
4348640139
4348711889
4348856778
4349056134
4349100418
4349139945
4349376974
4349494312
4349654995
4349818694
4349834602
4350008289
4350182805
4350193614
4350320138
4350333752
4350487068
4350497930
4350594514
4350709665
4350846405
4351236261
4351276348
4351286663
4351325899
4351396281
4351397779
4351413129
4351546345
4351777814
4351823098
4352041437
4352173935
4352229494
4352303749
4352964429
4353067183
4353262863
4353398912
4353411661
4353439316
4353674021
4354005133
4354144853
4354192757
4354315833
4354367926
4355029609
4355034492
4355152073
4355163771
4355250403
4355292250
4355307535
4355418669
4355420462
4355655424
4355985389
4356025963
4356134950
4356151835
4356810874
4356878198
4357031338
4357054651
4357138701
4357375549
4357441276
4357687258
4357818598
4357930140
4357985606
4358063525
4358081990
4358264838
4358371011
4358385326
4358472121
4358547703
4358745167
4358829789
4358927637
4358958049
4358980637
4359308299
4359359249
4359439333
4359567228
4359811511
4359940936
4359953777
4360163547
4360365885
4360415463
4360478311
4360611993
4360631766
4360665969
4360789981
4360806599
4360809225
4360915216
4361001347
4361139895
4361178307
4361300323
4361321328
4361351499
4361375738
4361391587
4361405311
4361423416
4361494284
4361553855
4361567878
4361596595
4361624815
4361648104
4361891320
4361928061
4362176487
4362389386
4362447725
4362499394
4362515017
4362643724
4362736123
4362771975
4362913231
4362948072
4362991688
4363069604
4363132524
4363286183
4363286614
4363484809
4363836017
4363851066
4364037674
4364184946
4364233848
4364432011
4364494136
4364533876
4364586136
4364611295
4364639655
4364667553
4364805804
4364877814
4364954637
4364997847
4365291238
4365462586
4365514965
4365641257
4365659683
4365666291
4365744381
4365884364
4365926673
4366256791
4366257259
4366586518
4366627430
4366854538
4366942581
4366975880
4367172008
4367395882
4367411465
4367520171
4367566431
4367569317
4367791779
4367889929
4367962939
4368248871
4368391580
4368509073
4368581626
4368751491
4368770428
4368796322
4369017576
4369038491
4369094969
4369158714
4369171698
4369264629
4369288615
4369833304
4369866236
4369935028
4369956473
4370248496
4370355101
4370382382
4370424662
4370513574
4370678182
4370692894
4370786385
4370908696
4370970216
4370975996
4371104760
4371391008
4371430136
4371443007
4371521257
4371536346
4371822555
4371988560
4371995495
4372004609
4372076965
4372314790
4372348414
4372376678
4372498348
4372499337
4372658923
4372726321
4372930175
4373071517
4373175804
4373278976
4373289675
4373298857
4373325059
4373416130
4373550884
4373934305
4373941976
4373942046
4374010396
4374091853
4374127122
4374166794
4374219986
4374254485
4374271280
4374294087
4374364420
4374394166
4374476243
4374949903
4375100711
4375261563
4375488539
4375576908
4375773798
4375903956
4375978848
4376094224
4376134843
4376215122
4376607225
4376734743
4376735725
4376945419
4377025721
4377318045
4377359451
4377426289
4377502555
4377698100
4377909257
4377987661
4378041552
4378065978
4378222371
4378251405
4378325578
4378355362
4378652567
4378675935
4378683979
4378705275
4378741558
4378808843
4378921101
4379211305
4379224721
4379270048
4379378693
4379445995
4379543482
4379546575
4379693385
4380013525
4380028376
4380135459
4380543350
4380717737
4380917388
4381071517
4381321841
4381375459
4381421098
4381611351
4381715589
4381860752
4382053224
4382420744
4382760589
4382832900
4382977885
4383140109
4383352612
4383491904
4383679434
4384005119
4384244272
4384262436
4384462921
4384550205
4384766914
4384804808
4384847010
4385052689
4385063970
4385429866
4385483756
4385547077
4385582607
4385613138
4385660577
4385843774
4385913840
4386085634
4386140977
4386154491
4386191289
4386250017
4386253627
4386261530
4386316756
4386369343
4386710357
4386813875
4386849187
4386886567
4386926599
4386981071
4387033470
4387093759
4387098489
4387127545
4387172909
4387233329
4387269517
4387380651
4387514291
4387691736
4387719144
4388049647
4388064938
4388068911
4388125374
4388285129
4388376843
4388528434
4388613582
4388775648
4388971293
4389331453
4389888249
4389917538
4389959253
4389970649
4389987487
4390325490
4390340948
4390349362
4390370665
4390453269
4390539765
4390664002
4390812097
4390838175
4390974807
4391037258
4391205881
4391300403
4391352855
4391433317
4391465264
4391662288
4391769334
4391873533
4391958546
4391981861
4392098268
4392313972
4392656563
4392699817
4392850590
4392975201
4393084105
4393220654
4393317488
4393399581
4393568901
4393571585
4393717254
4393785114
4393826236
4393858225
4393865346
4394314700
4394424806
4394529933
4394704311
4395138122
4395365716
4395375222
4395375878
4395425797
4395426252
4395469072
4395505926
4395557960
4395911474
4396029572
4396067353
4396306245
4396450730
4396481337
4396532040
4396580598
4396907973
4396940143
4397137505
4397172438
4397195450
4397246202
4397286961
4397348065
4397352837
4397577607
4397594224
4397606325
4397629225
4397755282
4397756194
4397779472
4397890919
4397906381
4398027452
4398086557
4398100257
4398176050
4398293376
4398331188
4398428756
4398459111
4398504531
4398654866
4398821448
4398828982
4399002494
4399095845
4399122170
4399330805
4399652272
4399779186
4399786686
4399914243
4800147367
4800232684
4800235083
4800274486
4800282922
4800330990
4800616792
4800668681
4800708618
4800728677
4800761649
4800845314
4800857146
4800877156
4800883785
4800924579
4801011782
4801112445
4801369184
4801392141
4801567085
4801710528
4801921497
4802159145
4802238472
4802298571
4802321475
4802401834
4802470768
4802557881
4802565181
4802648922
4803071630
4803094913
4803322590
4803360861
4803388631
4803425056
4803432176
4803575588
4803693065
4803888433
4804032119
4804116669
4804135548
4804295414
4804314638
4804329727
4804437218
4804456140
4804476649
4804546221
4804581858
4804643077
4804667558
4804696804
4804856800
4804871320
4804981281
4805023131
4805394197
4805399900
4805545959
4805557864
4805690095
4805957860
4806059991
4806081047
4806171157
4806251639
4806317551
4806431545
4806509978
4806541672
4806604266
4806678763
4806767160
4806852798
4806855558
4807012070
4807032722
4807135448
4807164768
4807170166
4807294260
4807497900
4807603448
4807747148
4807825931
4807838496
4807905943
4808045668
4808066004
4808259867
4808282054
4808402830
4808502126
4808521060
4808780934
4808782048
4808866789
4808924563
4809021943
4809189673
4809275158
4809339063
4809653957
4809757347
4809844397
4809869987
4809952905
4810129462
4810286235
4810366188
4810417263
4810440351
4810455418
4810679272
4810715085
4810803635
4810915023
4810925931
4811052444
4811085909
4811208006
4811254657
4811302482
4811318494
4811336530
4811348150
4811501249
4811509283
4811684309
4811723610
4811913018
4812056404
4812291844
4812337152
4812502715
4812671709
4813027875
4813109190
4813140990
4813339732
4813355928
4813359456
4813432228
4813529876
4813655653
4813855263
4814012740
4814090504
4814095246
4814223970
4814359557
4814450020
4814883144
4814990594
4815171422
4815213208
4815499837
4815500885
4815976837
4815988230
4816054912
4816065174
4816083498
4816129126
4816166339
4816250470
4816386551
4816587658
4816597570
4816643201
4816651577
4816821783
4816852990
4816861897
4816899580
4816963689
4816980768
4817055882
4817083870
4817203848
4817388938
4817569348
4817594351
4817665468
4817686584
4817688450
4817769688
4817800649
4817819831
4817833887
4817843950
4817853385
4818166744
4818373651
4818489610
4818543428
4818644914
4818765631
4818828694
4818943572
4819048502
4819187277
4819327015
4819538222
4819563018
4819996006
4820169653
4820260934
4820517514
4820681889
4820797363
4820818586
4820834970
4820960377
4820991901
4821138867
4821160770
4821180520
4821219151
4821285231
4821396810
4821436608
4821456574
4821486835
4821565213
4821768371
4821912469
4821934689
4821984066
4822083794
4822117315
4822213702
4822268906
4822297964
4822302530
4822309295
4822336329
4822355088
4822588778
4822627937
4822833306
4823077643
4823140764
4823177912
4823286083
4823312234
4823314584
4823420722
4823511035
4823545109
4823666139
4823922730
4824060636
4824061276
4824140997
4824282745
4824283520
4824382496
4824416853
4824456457
4824506683
4825026692
4825312126
4825351602
4825505920
4825645512
4826005582
4826387531
4826413934
4826504276
4826658219
4826682471
4826705336
4826770041
4826782285
4826855596
4826892164
4827013145
4827049756
4827205990
4827213096
4827224836
4827321358
4827326057
4827352503
4827525729
4827591865
4827824285
4827967967
4828112140
4828363807
4828468110
4828538395
4828560050
4828840868
4828966441
4828974284
4829189265
4829422007
4829506382
4829567002
4829568588
4829713783
4829722604
4829777235
4829828092
4829892827
4829924321
4830061242
4830068030
4830138618
4830147046
4830162645
4830230822
4830250863
4830281782
4830432023
4830435213
4830549635
4830734036
4830910652
4830979667
4831033016
4831193649
4831194007
4831217022
4831413626
4831535239
4831574688
4831617566
4831719317
4831828142
4831925283
4831944022
4832331513
4832423808
4832521254
4832603965
4832668083
4832729319
4833224378
4833230288
4833262453
4833337275
4833439669
4833462153
4833513538
4833523306
4833570872
4833687773
4833719850
4833771351
4833872171
4833873371
4834041356
4834382319
4834428271
4834589358
4834871368
4835097115
4835147371
4835374437
4835419584
4835425833
4835455853
4835638991
4835743965
4835765145
4835884340
4836118770
4836123679
4836179994
4836185573
4836437891
4836481044
4836593637
4836722268
4836736238
4836782440
4836950533
4837008414
4837403723
4837427848
4837693682
4837704138
4838095577
4838136803
4838205485
4838237277
4838279838
4838437203
4838551023
4838554864
4838643693
4838697817
4838776034
4838851485
4839077636
4839256811
4839280422
4839282820
4839375151
4839444172
4839471756
4839547122
4839610726
4839619435
4839666850
4839707701
4839728648
4839762910
4839762932
4839827782
4839849023
4840044725
4840087542
4840098598
4840257713
4840287357
4840372665
4840384053
4840488073
4840493923
4840566147
4840607736
4840664493
4840684093
4840928285
4841031115
4841033127
4841074375
4841151192
4841543451
4841565955
4841637011
4841656213
4841668958
4841841691
4841860661
4841958781
4842103618
4842188605
4842203125
4842214381
4842257905
4842270198
4842535419
4842639759
4842716945
4843230593
4843725275
4843729745
4843846959
4843853494
4843898592
4844027487
4844060207
4844071504
4844094396
4844454723
4844548801
4844644517
4844736838
4844921691
4844936176
4844965162
4844975307
4845174491
4845408005
4845494074
4845690658
4845813221
4845845655
4845857373
4845940902
4845982294
4846027643
4846045970
4846151211
4846180426
4846487236
4846589734
4846647167
4846737634
4846811261
4847213672
4847353470
4847476246
4847512595
4847592101
4847605914
4847606079
4847614478
4847661835
4847856157
4848041481
4848110237
4848153900
4848416101
4848561606
4848567717
4848688083
4848695320
4848710618
4849310118
4849335810
4849353365
4849595594
4849603130
4849606006
4849607289
4849623438
4849752627
4849965610
4850114359
4850200579
4850239490
4850291037
4850461819
4850669159
4850789062
4850811314
4851020048
4851048755
4851198119
4851434892
4851511104
4851667162
4851680929
4851757015
4852052984
4852065822
4852130062
4852187167
4852402023
4852410380
4852562143
4852676939
4852730699
4852822379
4853032015
4853071473
4853130247
4853214236
4853217345
4853242241
4853318551
4853376928
4853380264
4853388334
4853400680
4853539392
4853692775
4853717706
4853745382
4853991687
4854002182
4854070676
4854091473
4854443760
4854453788
4854547009
4854592809
4855261406
4855514036
4855622536
4855644461
4855723041
4855800335
4855874586
4855997730
4856002471
4856017022
4856070998
4856115496
4856197647
4856219769
4856412929
4856456662
4856662996
4856683664
4856752400
4856788897
4856800098
4856845529
4856973226
4857108262
4857184445
4857229624
4857274955
4857286964
4857358643
4857407066
4857456735
4857506986
4857611835
4858241056
4858292288
4858297175
4858322360
4858349226
4858490805
4858513400
4858633198
4858718632
4858761442
4858792330
4858961489
4859001233
4859112025
4859197102
4859279762
4859295486
4859323018
4859419887
4859429822
4859502180
4859616401
4859877435
4860310815
4860382705
4860556969
4860780222
4860809319
4861113844
4861331672
4861412888
4861429745
4861513006
4861622241
4861776747
4861892316
4862044853
4862141414
4862222660
4862349126
4862465858
4862531633
4862590123
4862956446
4863018277
4863020613
4863094123
4863313976
4863314300
4863371643
4863584737
4863637354
4863743657
4863770674
4863795232
4864015683
4864329686
4864474382
4864525186
4864615457
4864747506
4864787959
4864796155
4864809274
4865055853
4865236185
4865334227
4865405981
4865849733
4865895073
4865978806
4866014026
4866133784
4866298601
4866503157
4866635822
4866723200
4866730543
4866763192
4866970855
4867053215
4867075306
4867107167
4867120684
4867154358
4867234376
4867275332
4867455423
4867484160
4867500858
4867540752
4867860352
4868029931
4868137239
4868234109
4868427249
4868465307
4868542301
4868544717
4868721067
4868832237
4868863659
4868965290
4869060681
4869335260
4869460197
4869774292
4869826814
4869836465
4869886336
4869969681
4870205287
4870337278
4870415132
4870485107
4870603738
4870825788
4871022533
4871046514
4871087857
4871328518
4871348289
4871477808
4871544836
4871619704
4871839630
4871890179
4872135193
4872272721
4872343352
4872411226
4872517040
4872632995
4872636123
4872722418
4872740534
4872807939
4872873138
4873000597
4873012327
4873038686
4873157755
4873337687
4873368849
4873841605
4873945352
4874067712
4874308009
4874394344
4874413424
4874439897
4874815834
4874970471
4875029595
4875110687
4875200631
4875254131
4875332477
4875643503
4875734738
4875750023
4876065714
4876086560
4876102527
4876435590
4876451950
4876800614
4876808621
4876817932
4876954490
4876981182
4877023234
4877037056
4877183838
4877309975
4877329281
4877539428
4877685595
4877764854
4877854813
4877997742
4878109611
4878276810
4878483127
4878537529
4878588342
4878972666
4879152079
4879316180
4879337043
4879353380
4879412494
4879521404
4880263764
4880433068
4880473230
4880571658
4880583870
4880619141
4880958312
4880987758
4881090356
4881217796
4881247139
4881315127
4881359189
4881407607
4881412725
4881521994
4881645406
4881733065
4881778118
4881886387
4882046416
4882179832
4882242608
4882272794
4882651910
4882660399
4882700124
4882708487
4882714390
4882726622
4882743845
4882917777
4883071866
4883106197
4883122537
4883169498
4883170660
4883227551
4883260623
4883318163
4883319611
4883389201
4883566111
4883633442
4883830451
4883910264
4883980146
4884239089
4884313470
4884405277
4884547275
4884585888
4885064388
4885410781
4885412638
4885461157
4885776598
4885796885
4885878711
4885947180
4885954515
4886167452
4886387529
4886397363
4886482442
4886534535
4886669540
4886719670
4886745071
4886906753
4887027839
4887102811
4887153494
4887270950
4887348974
4887456075
4887460616
4887488645
4887498963
4887545208
4887556680
4887601989
4887639988
4887771326
4887773310
4887804832
4887878157
4888009933
4888198580
4888361176
4888398782
4888482777
4888484517
4888556545
4888572208
4888798138
4888848551
4888914249
4888946503
4889169508
4889311933
4889610234
4889725803
4889890611
4889910727
4889924673
4890178768
4890333887
4890401192
4890471532
4890485009
4890523950
4890527233
4890727837
4890801894
4890875878
4890890071
4891025644
4891157943
4891165511
4891244995
4891397199
4891635111
4891680870
4891861992
4891960752
4892050603
4892058987
4892197717
4892264657
4892384054
4892423961
4892464494
4892535157
4892535578
4892574907
4892678744
4892809067
4892988026
4893059189
4893061145
4893063992
4893341357
4893405301
4893437521
4893556217
4893562333
4893586036
4893772788
4894022310
4894455193
4894557579
4894595391
4894634205
4894705373
4894720365
4894883986
4894932882
4894937974
4894999479
4895077079
4895110598
4895169856
4895172370
4895208703
4895760665
4895781559
4895876432
4895902565
4896046758
4896369807
4896561284
4896597892
4896685524
4896719016
4896813915
4896823322
4896824863
4896978139
4897116171
4897220802
4897222567
4897372816
4897826112
4898020577
4898155184
4898712474
4898890810
4899008121
4899010055
4899040368
4899257610
4899362268
4899849694
4899913871
4900202956
4900262528
4900322685
4900447694
4900592938
4900641762
4900729156
4900858251
4900931354
4901098688
4901111771
4901469107
4901685475
4901887381
4901899904
4902095251
4902286179
4902288025
4902333302
4902333788
4902478305
4902519516
4902580701
4902658064
4902843655
4902935604
4903149187
4903207536
4903281005
4903324206
4903571844
4903868524
4903989871
4904011864
4904178089
4904206010
4904407126
4904752971
4904959898
4904970304
4904984007
4905065233
4905092022
4905286054
4905295006
4905297805
4905299639
4905329935
4905388769
4905581390
4905732004
4905782172
4905892134
4906001896
4906149550
4906285486
4906547600
4906549811
4906758752
4906802173
4907143014
4907160813
4907172783
4907272311
4907588409
4907815159
4907875635
4908277041
4908385343
4908389818
4908509339
4908537598
4908619691
4908736096
4908780303
4908839678
4908983221
4909061479
4909123341
4909124900
4909186889
4909419710
4909451221
4909554506
4909580770
4909588966
4909676625
4909880259
4910040020
4910302040
4910594883
4910735857
4910990912
4911199169
4911199363
4911265849
4911625540
4911675354
4911690212
4912137638
4912279042
4912379900
4912409036
4912440758
4912494894
4912624493
4912859579
4912876535
4912910627
4913023884
4913332946
4913554979
4913696197
4914031052
4914315886
4914521064
4914588121
4914640876
4914644660
4914684366
4914887500
4914901437
4914910860
4915142930
4915403563
4915420669
4915551135
4915563844
4915598434
4915652726
4915834293
4915862881
4915969451
4916179388
4916213502
4916424886
4916471539
4916556661
4916608886
4916801834
4916870281
4916874854
4917301301
4917380642
4917561852
4917732525
4917829206
4917919824
4917968655
4917984016
4918031765
4918345584
4918374264
4918464106
4918512685
4918561661
4918671473
4918762294
4918954054
4919164064
4919230196
4919795246
4920187845
4920242209
4920249461
4920519487
4920990664
4921152589
4921257960
4921436867
4921564588
4921617432
4921793798
4921827574
4921857088
4922030484
4922135613
4922338940
4922508895
4922746886
4922992444
4923045540
4923217570
4923350862
4923354533
4923446331
4923509059
4923586513
4923640413
4923686755
4923837756
4923855202
4923924532
4924154274
4924163169
4924218372
4924607738
4924608744
4924725172
4924805245
4924829340
4924898696
4925032393
4925129125
4925299110
4925384151
4925400565
4925454950
4925742090
4925906467
4926123399
4926140576
4926290584
4926326853
4926380514
4926502921
4926555645
4926679799
4926740495
4926787904
4926973998
4927066780
4927074306
4927117745
4927158817
4927166759
4927330943
4927500337
4927627371
4927647241
4927660753
4928061233
4928448911
4928604274
4928677187
4928778226
4928841055
4928979835
4929007605
4929081968
4929235800
4929309793
4929323895
4929364963
4929395902
4929412087
4929522054
4929753263
4929826039
4929862832
4930080493
4930163016
4930169081
4930185930
4930381061
4930437396
4930590081
4930638905
4930642701
4930887119
4931061926
4931187141
4931191410
4931246617
4931328601
4931389502
4931674734
4931708908
4931734128
4931755740
4931874195
4931957826
4931980033
4932183795
4932208996
4932362701
4932494359
4932524600
4932675708
4932717899
4932755070
4932937447
4932996511
4933063654
4933067516
4933144613
4933205688
4933356769
4933510491
4933953289
4934031651
4934255851
4934437220
4934549384
4934613328
4934716650
4934803317
4934842825
4934861019
4934901541
4934914384
4934929813
4934976538
4935213707
4935274549
4935351098
4935374503
4935711846
4935886243
4935902892
4936097917
4936138488
4936154081
4936234854
4936333034
4936510109
4936657837
4936677844
4936721400
4936783469
4936860789
4937132039
4937133052
4937139145
4937141041
4937332313
4937339997
4937588527
4937793822
4937947114
4938025464
4938103706
4938162614
4938196658
4938222333
4938229461
4938302748
4938390298
4938396997
4938424856
4938495162
4938537001
4938583866
4938628791
4938891977
4938893803
4938969957
4939124422
4939148927
4939162244
4939185268
4939211034
4939294508
4939419393
4939441278
4939472687
4939608503
4939647005
4939749433
4940039005
4940067160
4940088617
4940098812
4940115130
4940201622
4940409165
4940540281
4940609560
4940730495
4940800130
4940801596
4940903697
4940933794
4941004552
4941069761
4941138625
4941140728
4941265833
4941335926
4941453950
4941557441
4941697381
4941810811
4941811280
4942161264
4942453207
4942574160
4942650332
4942738454
4942773741
4942859861
4942860351
4942861012
4943027398
4943171632
4943242787
4943270362
4943349293
4943504685
4943562982
4943668133
4943885648
4944110868
4944448006
4944483231
4944489829
4944499717
4944647556
4944651873
4944829488
4945226805
4945291575
4945306231
4945485146
4945501988
4945705564
4945967766
4945999424
4946006183
4946060670
4946131880
4946161001
4946198755
4946328763
4946576396
4946605280
4946695315
4946713771
4946792433
4947005241
4947046123
4947048290
4947227131
4947279105
4947337140
4947491688
4948011819
4948104443
4948214072
4948237029
4948264045
4948368452
4948746817
4948823768
4948872076
4949167031
4949200916
4949259486
4949456458
4949498314
4949596568
4949826170
4949836440
4949948630
4949960138
4950731762
4950801265
4951007151
4951031675
4951088825
4951344273
4951471719
4951590661
4951642661
4951650377
4951922355
4952069056
4952336322
4952360736
4952368534
4952379946
4952415566
4952539138
4952634836
4952641878
4952674537
4952918131
4952923365
4952937079
4952978972
4953160019
4953367377
4953439728
4953440015
4953994497
4954160433
4954278543
4954292594
4954370002
4954398110
4954834731
4954871669
4954878298
4954902311
4955105687
4955206114
4955208502
4955261133
4955299670
4955446186
4955685094
4955748905
4955791513
4955954916
4956061311
4956086140
4956143349
4956176254
4956663729
4956734091
4956882941
4956915614
4956928454
4957192193
4957226984
4957238824
4957259391
4957340841
4957413429
4957440311
4957486864
4957878631
4958008439
4958247497
4958469673
4958550145
4958562757
4958918513
4958920353
4958964061
4959167044
4959222078
4959295723
4959365210
4959451199
4959595065
4959702898
4959735289
4959749111
4959826810
4959939918
4960042401
4960114507
4960190806
4960253712
4960457033
4960848171
4960986565
4961188136
4961232587
4961283095
4961395868
4961511139
4961774100
4961962670
4961984458
4962085029
4962434561
4962435023
4962662508
4962713603
4963046990
4963105355
4963235297
4963278065
4963658852
4964160836
4964172027
4964208189
4964231540
4964372854
4964391666
4964450921
4964493124
4964580147
4964839520
4964858052
4964877700
4964898249
4964930515
4965117786
4965214317
4965252865
4965389448
4965432172
4965452739
4965744473
4965777395
4965834174
4965835052
4965897583
4965940144
4966015970
4966248207
4966276584
4966288309
4966358560
4966371077
4966530885
4966547221
4966692887
4966735869
4966964630
4967011939
4967194710
4967257472
4967343529
4967381818
4967397824
4967499049
4967502085
4968032916
4968059679
4968318933
4968440751
4968684843
4968689993
4968724375
4968759936
4968807704
4968887708
4968927934
4969002582
4969057061
4969076321
4969270591
4969317000
4969346957
4969391733
4969569066
4969716433
4969955885
4970051356
4970206114
4970271827
4970466819
4970528382
4970717825
4970721039
4970755181
4970830369
4970867537
4970904787
4971006352
4971175166
4971322893
4971451740
4971660177
4971724870
4972012844
4972226161
4972282178
4972411577
4972439363
4972532664
4972575242
4972629469
4972708027
4972799408
4972885679
4973084757
4973102624
4973168174
4973243034
4973331719
4973402314
4973529225
4973533623
4973559263
4973614364
4973686551
4973719363
4973928579
4974030362
4974066084
4974116960
4974575422
4974793722
4974812743
4974900767
4974917087
4975019910
4975125621
4975147113
4975282755
4975290979
4975292306
4975359575
4975607653
4975641916
4975684409
4975728485
4975738199
4975906553
4975945840
4976003332
4976124659
4976125959
4976126418
4976180011
4976319963
4976327306
4976329077
4976382800
4976414832
4976499674
4976556794
4976653371
4976750529
4976763000
4976830543
4976949554
4976952849
4977032800
4977065088
4977120660
4977151621
4977307207
4977398823
4977597996
4977605093
4977700709
4977741591
4977793105
4978168646
4978185454
4978448340
4978565599
4978716847
4978772091
4978807864
4978808112
4978810160
4978912731
4979116906
4979327612
4979352115
4979375016
4979493067
4979587418
4979810431
4979883528
4980294699
4980349013
4980562774
4980584218
4980590334
4980604593
4980817125
4980973552
4981023217
4981201003
4981256749
4981356130
4981422865
4981652254
4981659484
4981717627
4981765104
4981805650
4981861837
4982048669
4982132194
4982145304
4982228265
4982266953
4982278205
4982366426
4982494295
4982529116
4982570849
4982620749
4982624619
4982642967
4982767677
4983167527
4983728952
4983946907
4984020102
4984111721
4984301588
4984337470
4984348557
4984371221
4984485727
4984648507
4985005491
4985086342
4985125447
4985496972
4985534539
4985556959
4985597314
4985668057
4985803445
4985891296
4985976844
4986299721
4986369033
4986465000
4986501206
4986503234
4986693872
4986786815
4986918150
4987021483
4987044994
4987235748
4987426184
4987735638
4987736250
4987831681
4987837048
4988086524
4988131369
4988363691
4988395130
4988468761
4988576708
4988785317
4988878011
4989312036
4989751580
4989845247
4989900012
4989902646
4989990014
4990003506
4990062095
4990116477
4990155664
4990594018
4990601987
4990737845
4990899250
4990980972
4991329283
4991592524
4991706712
4991802254
4991807022
4992007374
4992255239
4992402145
4992596477
4992634760
4992897870
4992921378
4992971767
4993171457
4993183248
4993307352
4993325347
4993347060
4993380866
4993434873
4993516917
4993553262
4993578732
4993613898
4993656696
4993672319
4994011088
4994022249
4994030859
4994064456
4994262124
4994489798
4994541457
4994813586
4994904100
4995071179
4995096365
4995108500
4995498687
4995505680
4995760460
4995863068
4995900820
4996009276
4996148586
4996463036
4996470919
4996512784
4996629731
4996725194
4997131878
4997159559
4997179686
4997255612
4997269070
4997328913
4997472446
4997624363
4997780091
4997923351
4998154018
4998293281
4998345225
4998366607
4998571574
4998593602
4998833204
4998865021
4998924783
4998951533
4999108244
4999153231
4999284504
4999326666
4999344045
4999351488
4999358557
4999480491
4999526908
4999629515
4999689517
4999988754
