471439630
471734276
472123032
472694327
472805449
473177108
473670656
474314926
475060089
475211847
477631074
477730546
477791283
478146842
478384502
478420534
478933967
480291914
480528101
480972784
481066059
481189825
481524717
482643917
482868797
483401069
484297886
484971974
485019066
485156259
485380906
485842771
485951055
486119468
486282343
487436297
488128488
488391184
489146042
490385746
491479967
491529411
491841682
492186617
492417122
493712668
494132885
496077281
497342333
498115030
498538295
501582581
502315326
502799279
504255545
505600431
505678238
506317807
506473884
508116302
508187169
508355524
509146928
510167803
510451264
511053969
511281171
511391365
512118302
512460029
512652257
513723996
514800609
515114720
516018344
516543156
517776449
518019021
518716847
519979771
520550190
521949919
522307759
522992895
523265721
523416896
523503018
524236871
524927700
526195566
527000932
528108969
529006708
529837537
530088432
530365324
531029402
531135883
532898757
533329219
533411931
533895628
534979025
535734052
536929434
537081817
537301921
537396188
537714993
537926437
538298158
539258914
539309047
539664296
539923089
540094206
540917221
541998453
542681205
544111454
544149904
544473250
545124576
545760826
546183424
546323563
546972614
547035315
547976050
549331384
549390392
550238180
550464633
550638286
550684609
550940509
551557388
551691293
551789694
552141832
552252826
552367433
552647939
553643901
553873477
556246335
556773573
557298560
557538658
557820966
557880582
558344663
559173033
559689939
559750327
559883197
560622126
560698698
561594645
561616627
561891782
562074037
563652379
564837187
566946791
567235364
567731340
568174487
568572989
569014254
569829755
570234299
570473984
571837816
571840964
572110147
572542857
573181144
573628807
577352019
578336554
578534830
578667679
580945890
581762291
581997704
582611287
585337450
586492378
587565118
587773962
588183926
588511864
588832955
589845318
590087964
590244998
590327615
590815972
590979117
591189501
591220421
591250029
591315409
591716488
591881793
594157634
594294648
594621189
594972768
595505554
595553704
596637126
596831070
596846090
596910383
597441853
597826516
598842757
599458389
600153627
600157114
601031583
601483618
603139428
603461484
603687200
603928902
604223376
604900624
605599837
606464358
606606912
607163829
607202507
607792025
608252489
608631272
608687025
608866372
608976676
609315211
609522620
609709471
610018704
611083171
611140191
612198108
612235908
612419749
613019618
613755230
613968695
614005167
614098241
614405602
615131770
616539446
616892852
616917568
617625613
618809993
619232755
620343586
620434268
620720569
620798638
620923555
621322171
622320265
622386942
622514594
624495096
628984512
629093206
629179612
629736979
629750159
630260159
630269811
630338001
630798785
630882286
631385492
631671896
632360513
632894082
633063499
633069500
633165177
633365429
633579768
634005204
634172111
635251024
636993647
637143164
637309077
637434084
638068646
638249545
639044774
639312853
639397178
640126196
640469147
641463642
641628098
642027557
642031718
642261044
642305723
642881746
643364514
643615276
644230249
646189465
646878580
646903503
646920095
647092367
647504043
647512658
647792762
648859219
650113588
650476624
650505185
650973912
652083346
652144607
653599754
654149500
655569836
655634797
656064758
656948503
657007062
657387929
658138221
658215120
658598849
660424312
660753560
661060112
661639630
661984318
662577853
662967931
663609573
664388957
664528248
665215692
665552145
666231924
666331191
666582330
667350299
667465512
667534760
668856851
670228906
670678269
670907238
671548688
673768167
673934017
674244125
675106494
675416575
675812215
676198533
676662749
676705909
676946186
677161394
677197163
677414632
677531494
678302729
678479777
678872470
678940292
679749077
680602598
680869477
680905208
681018239
681620253
681682055
681720301
681854141
682928175
682935495
683225440
683252963
683316859
683684946
683759457
684001391
684415615
684791821
686344979
687245138
688308256
688345995
688990655
689737893
691707004
691987232
692601024
695102745
695380484
695661461
696847560
697416413
697871283
699002854
699357923
699811848
714429160
715476421
715874426
716044445
717287390
718014750
718162611
719115508
719220442
719777716
721356818
721634208
721861621
722012829
723244758
723523938
724495646
725800229
726279956
726594244
727914115
727976017
728313656
729223368
729447418
730672248
730998939
731607516
732476561
733407267
733781640
734504020
734898062
736111022
737472993
738031524
738464898
738880627
739012802
741748376
741857251
741929214
742390146
742627211
743017072
743048707
743278515
744267686
744587992
745283952
745451958
745743022
746439537
747538768
747948438
748080063
749531514
750478682
751391237
752400752
752652495
753068679
753801183
753979008
754654776
754762168
755422080
755932223
756187646
756268139
757484159
758393496
758667471
759205314
760448156
761947537
765352968
766122163
766137970
766912286
767626173
768002747
768019878
768483760
768955094
768989875
769065491
770134533
770539358
771109939
771758060
772215690
772677152
773017947
773103746
773468518
773494260
773782299
774963231
775361417
775409353
775503571
775765135
776104623
776353561
777496112
778249737
779699686
780327228
780477643
780603542
781310189
781390606
781731032
783302212
784010384
785161019
786856181
787122437
787212516
787445209
788337399
788390361
790455224
792293304
792394946
792596450
792627529
793082057
793289450
793570169
794138034
796462391
796548450
798401624
798451658
799163678
800069029
800310294
801099915
802015195
802455515
802565657
802878522
804273166
804772858
805301175
805698170
805787236
806933688
807649999
808588826
808595085
809950398
811458380
811735431
812460929
812612944
813317097
813443697
813866329
814528340
814964667
815041973
815146699
815395033
815540042
816591286
816839002
816887222
819395942
819621546
819854774
820166056
820791779
820804158
823436359
824873621
825172548
825450777
826740565
827025791
827608688
827776163
827947159
828305045
828562598
829478080
830299822
830623038
832292822
833447978
833630978
833773727
834469283
835074254
836172387
836743228
836885383
837728518
838118409
839215657
839450128
839706707
840111728
840296562
841491314
841578288
841995602
842770020
843246845
843737426
843913866
843929963
844133219
844452538
844489163
844879311
845030179
845199511
845361620
846631960
847233865
847468829
847613217
848005275
848123242
849432771
849812828
849973801
850460724
850719098
850899415
851951449
852480244
852704325
853412273
853479584
854409568
854603699
854933575
855607695
856426425
857734209
858158552
858373453
859332038
859360856
859953264
860960558
861185099
862092040
862097306
863992502
864310335
864348651
864415664
864554808
864968862
865542898
866179563
866956555
867221519
867538582
867612514
868923510
869088729
869550463
869875604
870086280
870810340
870814471
870876692
871363349
871380121
871612860
872880048
874159205
874685263
874719515
874749944
874973858
875221198
876474707
877159868
877210067
878317042
878427884
878989107
879800601
880456515
881962241
885776043
886101970
886776859
886931545
889065212
889225967
889686268
891362857
891721927
892099878
892670040
892729631
893321242
893354373
893873351
894029140
894715827
894734688
895005224
895058000
895553162
896052250
896130331
896576784
897382320
897604493
897763455
898070383
898547100
899780203
900018161
900278596
901348930
903144428
903318453
903557003
905254288
905417988
907290202
908468060
908829036
910049756
910415656
910673485
910941504
911629046
912554852
912577350
913766313
913945970
914146406
914764109
916087620
916380491
916811502
917517904
918930868
919211223
920321177
920704909
920791041
920830462
921143764
921224273
921496248
921932371
922210328
922840046
923147124
924715770
925707552
925769150
925785917
925824973
926244751
926610624
926753815
926825968
927314046
927561989
929577667
930836559
931345679
931938018
933779280
934365819
934445417
934476919
936636207
938825752
939032375
940273120
940280130
940478602
940860286
941475208
942575427
942909259
943105072
943687611
945330414
946173791
947197927
947495968
948022794
949700318
949995262
951059732
951934731
952237160
953199318
953393064
953744071
954631019
954772725
955239486
955524154
955895824
956350236
956526304
956617362
957043825
957757717
958117414
958468546
958548520
959155790
959314996
959646414
959873238
960481900
961186924
963059686
963335546
963768593
964266928
964594686
966210946
966607969
967123691
967764963
967798474
969365788
969651995
971049091
971457137
971678231
971870233
973365825
974018016
975859059
976171176
978272398
978292295
978465074
978617179
978715661
979238735
981175673
981230224
981379266
982403728
983008530
983026132
983800979
984468986
985219748
988635854
991099969
991249104
991281843
991680732
992868590
993706659
993964330
994122321
994273970
994795400
994960109
995852961
998924552
999192719
1010787283
1011161530
1012079675
1012396825
1012654853
1012663161
1013672334
1013686114
1015228244
1015839381
1015851926
1017194404
1018539783
1019616454
1019965952
1020159190
1021174191
1021273700
1021528520
1021948561
1022015813
1022160942
1023362105
1023750038
1023753155
1023972010
1024177615
1024440583
1025830310
1026180495
1027553067
1027777033
1027873249
1028966328
1031482090
1032361648
1033235140
1033479812
1035050628
1035798670
1036252792
1036724259
1037197063
1037513990
1037789392
1037935162
1038325877
1039472244
1039685352
1039754619
1040031623
1040123958
1040142648
1041332184
1041596866
1041720195
1041823576
1042701633
1043563795
1043719327
1044002913
1044445817
1047296432
1048110554
1048403146
1048464050
1048689127
1051006563
1051794115
1052224901
1053794373
1053908182
1057505467
1057926691
1059262902
1059762920
1060048436
1060288993
1060993305
1061316401
1063092918
1063093546
1063389074
1063447288
1064902107
1065271419
1065721238
1066944356
1069063905
1069571325
1069634577
1070133334
1070337401
1071270715
1071951937
1071958360
1073672006
1073711430
1075361754
1075941932
1076556559
1076856681
1076989303
1078838561
1078988901
1079618128
1079885985
1080795363
1080939544
1080945625
1081199190
1081503502
1082000367
1082869318
1083566128
1084565369
1085173026
1086190244
1086325939
1086473205
1087242890
1087286576
1088043019
1088907254
1089573689
1090812032
1091084552
1091273663
1091476725
1091559727
1092432459
1092496483
1092586185
1092799208
1093287980
1093631189
1093652728
1094021520
1094211865
1094240156
1094374700
1096674332
1096983192
1097455664
1098566356
1098861496
1100355964
1100588711
1101177466
1102136585
1102356984
1102581919
1103049040
1104067739
1104526833
1105369501
1105431924
1107208389
1107288616
1108096262
1108189487
1108350090
1109720205
1111545464
1111992977
1113830449
1113837544
1113897876
1113945923
1115614224
1115737581
1116238613
1116779431
1117083814
1117204108
1117668518
1118059800
1120438825
1121345588
1123243197
1123320754
1123366668
1124105737
1124597092
1124626132
1125964130
1126714313
1126809240
1126981999
1127512857
1128005511
1128609088
1128650431
1129404933
1129651258
1129852442
1131720609
1131850184
1131866274
1131981650
1132423906
1132910385
1133203810
1133372266
1133564586
1133616291
1133644690
1134198389
1134921202
1135212529
1135393987
1135411568
1136134363
1136484819
1137586086
1137835272
1138644124
1139494552
1140446080
1140608454
1140817182
1141452272
1142018639
1143077744
1144705177
1144717189
1145208559
1145403634
1146489920
1146561272
1146847130
1147295460
1147355071
1147781609
1148563043
1148596789
1148776723
1149256079
1149668205
1149686591
1150009694
1150947927
1151048069
1152399099
1152828721
1153557791
1153903397
1154075363
1154230347
1154906459
1155229056
1155908472
1156541005
1158006030
1159479571
1160873342
1161199208
1161575716
1162135576
1162468143
1162700654
1162722199
1162751591
1162755017
1163399818
1163922799
1164474067
1165591418
1165654347
1166299031
1167215135
1168183252
1168491599
1168758425
1170811396
1171295303
1173666349
1173703142
1174107699
1174402932
1174512952
1174703664
1174752765
1174894044
1175253427
1175643668
1175785855
1176094147
1176647220
1177416069
1177773672
1180218844
1180601148
1180912309
1181151304
1181328146
1181850699
1182295690
1182343019
1182921452
1183302960
1185479700
1186187130
1186741971
1186824334
1186942335
1187139277
1187711317
1187774469
1187925518
1188303169
1190044815
1191336491
1191526077
1191831491
1192516147
1193299215
1193530328
1195513190
1195710685
1196765660
1197349286
1197502573
1197851151
1197978944
1198492297
1199428038
1199750539
1202107243
1202524678
