1000167150
2212491368
2213159936
2213340898
2213675082
2213774336
2213825820
2214387384
2214804661
2215234682
2215372628
2215587010
2215710802
2216209767
2216707710
2217270797
2217586144
2217596539
2217943106
2217977777
2217993864
2218256506
2218325140
2218346297
2218637026
2218935589
2219502487
2219699092
2220311638
2221500774
2221681815
2222017409
2222126079
2222300075
2222339781
2222370853
2222644818
2222969495
2223374091
2223888401
2223963890
2224275305
2224308489
2224345453
2224615289
2224703368
2224807538
2224933630
2225189976
2225907595
2226073991
2226188043
2226319532
2226616071
2226791382
2226815817
2227014176
2227183508
2227287871
2227847204
2228459496
2229127292
2229195583
2229256554
2229346051
2229382037
2229425275
2229773357
2230581081
2231001075
2231048308
2231545853
2232041301
2232078729
2232152039
2233032932
2233086115
2233337106
2233658308
2233733622
2234046244
2234630910
2235050884
2235267586
2235279473
2235440916
2235942163
2236577777
2237215452
2237547931
2237556250
2237620861
2237701727
2238443054
2238577205
2238976601
2239050363
2239066737
2239171394
2239588158
2239621468
2239703568
2239792538
2239969077
2240088515
2240588274
2240871733
2240905109
2240944817
2241104489
2241168596
2241425739
2241494331
2241748506
2241913788
2241970424
2242095602
2242304772
2242324717
2242363750
2242370356
2242425171
2242425763
2242966370
2243070703
2243346954
2243352050
2243526553
2243631253
2244123249
2244376473
2244581802
2245306974
2245328255
2245395187
2245730306
2246026296
2246056843
2246457372
2246580202
2246738067
2246954586
2247150789
2248162971
2248471746
2248574678
2248604918
2248649520
2248662718
2249025520
2249236819
2249479418
2249884737
2250555694
2251279109
2251462035
2251635346
2252979510
2253374246
2253387074
2255212147
2255442799
2255641977
2255646672
2256005137
2256391686
2256630713
2257018844
2257858759
2257928442
2258113773
2258118506
2258191888
2258649991
2259211257
2259712445
2259731583
2260837562
2260942391
2261148817
2261234881
2261473429
2261615409
2261937703
2262886915
2263312507
2264060537
2264282786
2264339450
2265173958
2265994097
2266247692
2267078609
2267820669
2268126672
2269036590
2269254649
2269282327
2270619658
2271255516
2271767899
2272266313
2272376593
2272990210
2273057470
2273070389
2273171734
2273393353
2273528895
2274494911
2274731961
2274761019
2275010827
2275030035
2275701937
2275737979
2275889137
2275926288
2276799915
2277612928
2277884351
2278181757
2278521988
2279943167
2280145230
2280399535
2280442133
2280699298
2281010532
2281130206
2281824426
2281927933
2282341976
2282876243
2284522021
2285208258
2285335939
2285426192
2285658255
2285818017
2285952385
2286049607
2286087228
2286216379
2286337922
2286549849
2286553490
2286621770
2286920099
2287023415
2287428584
2288089362
2288161093
2288362004
2288385587
2288968071
2289131419
2289136076
2289193996
2289553260
2289620701
2290307841
2290337753
2290379501
2302010648
2310571596
2311283773
2311668523
2311873661
2314053948
2316584272
2320426337
2321266167
2332934826
2336706349
2338149603
2344201924
2344412329
2345302893
2345623270
2346020021
2346028673
2346607910
2346664293
2346773866
2346777657
2347016400
2347794990
2348375716
2348523223
2348682946
2348710838
2348850944
2348901070
2348986145
2349065708
2349476729
2350396104
2350629730
2350693378
2350701198
2350851495
2350987948
2351008486
2351036969
2351478428
2352690081
2352813553
2352882216
2352978853
2353355067
2353731956
2354234539
2354349665
2354516014
2354592177
2354911899
2355049984
2355291413
2355686258
2356160067
2356273987
2356539018
2356643299
2356791270
2356832340
2357630555
2357646366
2358485543
2358803555
2358874503
2358897071
2359008740
2359141542
2359523702
2359657875
2360397280
2360502747
2361822229
2361893322
2362016070
2362485573
2362707270
2362810171
2363210507
2363249098
2363892637
2363998890
2364073451
2364264531
2364503757
2364721573
2365018619
2365248728
2365695628
2366167338
2367067605
2367410617
2368061860
2368229712
2368539041
2369188720
2369693447
2370005323
2370128149
2370429156
2370998789
2371713772
2371930415
2372002834
2372561646
2372917695
2373073478
2373468533
2373692490
2373859707
2374390039
2375437821
2375932138
2376190424
2376490021
2377490453
2377830639
2378411524
2378500866
2378954178
2379124497
2380012062
2380697717
2380714024
2380868040
2380905837
2380951128
2381573958
2381940592
2382165159
2382544637
2382556425
2382590674
2382731347
2382938665
2383392501
2383474395
2383603892
2384534872
2384731321
2385078568
2385297918
2385424607
2385740700
2385883452
2385918833
2386622939
2387819836
2387877428
2388994989
2389167433
2389467738
2390408492
2390467668
2390694769
2391169302
2391518600
2391825555
2391881716
2392482866
2392488362
2392682190
2392975279
2393293031
2393293055
2393712041
2393819892
2394315551
2394757282
2394870746
2395091573
2395255245
2395654905
2395975110
2396066576
2396123396
2396134845
2396263033
2396314511
2396537428
2397012542
2397488532
2397795491
2398313175
2398869168
2399179745
2399865587
2400458381
2401126801
2401293618
2401461413
2401840997
2403043362
2403071674
2403095340
2403200778
2403306137
2403405319
2404533708
2405162874
2405228626
2405303934
2405315418
2405525075
2405770413
2405802339
2406460801
2406524129
2407612915
2407753293
2407955907
2408385175
2408442546
2409069138
2409090064
2409870915
2410471758
2410782175
2410950859
2411352917
2411493685
2412491008
2413821388
2414015313
2414226840
2414861692
2415041254
2415236768
2415783969
2416144204
2416687874
2416737008
2417682789
2417801417
2417848633
2417891293
2418084771
2418529747
2418533861
2418615801
2419104000
2419747980
2420430484
2420514699
2420576614
2420650098
2420967687
2421571750
2422013985
2422048273
2422192379
2422310579
2423431260
2423538360
2423768957
2423869347
2424723683
2424836667
2424974175
2425881238
2426435448
2427168855
2427674698
2427692604
2428234178
2428631519
2428881894
2429448351
2429483242
2430610631
2431056027
2431163659
2431748748
2432020739
2432647772
2432656809
2432971054
2433356696
2433382776
2433461393
2433524224
2433928093
2434729706
2435115853
2435262965
2435951924
2436313661
2436923472
2437106430
2437145398
2437404764
2437959910
2438043644
2438715120
2438954848
2439293630
2440130763
2440945881
2441479477
2442315378
2442548193
2442651872
2442842795
2443469713
2444078276
2444646380
2444938505
2445274060
2445275137
2445569103
2445607403
2446427598
2446514156
2446687306
2446837739
2447058910
2447340020
2447669657
2447702378
2447753088
2447894619
2447961577
2448105643
2448600583
2448613179
2448753003
2449049795
2449785751
2450445649
2450679847
2452175669
2452202738
2452204931
2453979159
2454055694
2454646763
2455267025
2455298089
2456984688
2456995551
2457132179
2457620413
2457900858
2458620152
2458653868
2459142386
2459424849
2459688552
2460121270
2460241988
2460739681
2460807133
2461288975
2461489992
2461725218
2462372133
2463086761
2463247120
2463656863
2463916064
2464056199
2464485080
2465118708
2465557973
2465818833
2465918568
2465983923
2466166486
2467000652
2467093735
2467218662
2468206604
2469024604
2469677763
2469735374
2469779690
2469880136
2470146236
2470475520
2471038975
2471331481
2471608065
2471766364
2471766961
2472161854
2473409618
2473421748
2473777054
2474257585
2474367438
2474776140
2474929066
2475593040
2475633218
2476114050
2476480958
2476813304
2477443190
2477785950
2478450012
2478804734
2479178044
2479310605
2479445727
2479725361
2480013855
2480405259
2480488371
2480501514
2480508893
2480702760
2480707539
2480713773
2480842525
2480949320
2482087780
2482165708
2482552622
2482780242
2482887860
2484025399
2484342252
2484359631
2484956293
2485535792
2486316306
2486342941
2486668789
2487099615
2488308322
2488319676
2488569727
2488579530
2488764140
2488875173
2488935194
2489679250
2489680904
2489870529
2490093774
2490251408
2490510387
2491135625
2491344895
2491842918
2492085022
2492085053
2492185691
2492207023
2492305104
2492650900
2493095503
2493761140
2494901981
2495568970
2495752605
2495772049
2496687923
2497597618
2497926215
2498270819
2498274756
2498281397
2498462625
2499320382
2499999493
2500202072
2500852476
2501005707
2501327226
2501454401
2502328638
2502408704
2502420880
2502814142
2502945245
2505403489
2505522250
2505648905
2505949310
2507462518
2507719537
2508207518
2508501814
2508795089
2508875341
2510366610
2511029273
2511117075
2512309547
2513803230
2514193938
2514517767
2514521170
2514921312
2515004785
2515969962
2515978569
2516175834
2517271648
2517747268
2518562181
2518668219
2518744076
2518777132
2518877083
2519093590
2519722704
2519935979
2520337434
2520579969
2520589789
2521194712
2521317624
2521377107
2521418946
2522015563
2522077961
2522142122
2522327908
2522520007
2524149249
2524520837
2524785660
2524791521
2525040825
2525108357
2525701553
2525947585
2526673110
2527620250
2528206185
2528667194
2529115620
2529166067
2529380189
2529984824
2530054485
2530138657
2530366869
2530404439
2530456941
2530508457
2531124075
2535466455
2536383876
2538551490
2539696796
2540049819
2541263712
2546212783
2562379577
2562636597
2580443992
2583580341
2599752645
2602024208
2605021820
2607866460
2609467561
2609790401
2612560877
2614818963
2622420536
2622661266
2628461360
2628751718
2633497046
2640978220
2642481194
2643453202
2646842079
2647663107
2649952005
2651959627
2659903095
2666243766
2667147571
2669692277
2729689285
2730406471
2730513899
2730873834
2735114192
2735208048
2736595003
2739148731
2739455787
2739515499
2742534131
2743392912
2745796621
2745857128
2747592066
2748967213
2750301009
2753373552
2753531003
2753573653
2754605897
2756620999
2757060554
2759008685
2759288281
2759495542
2759803499
2760647143
2760975483
2762181097
2762252122
2762374927
2762772883
2764025441
2764067104
2765204835
2765862689
2765966807
2766472662
2767270088
2767292347
2767768678
2768193250
2769073835
2770087247
2770973722
2771032271
2771738183
2772209431
2773403507
2773757576
2775819205
2776049753
2776153793
2777811405
2778886344
2779742278
2780605949
2781949188
2782380813
2783148950
2783288748
2784795880
2785432256
2785590653
2785737546
2786235632
2786342465
2786702509
2787691704
2787861197
2789130188
2789759095
2790607521
2791715826
2791878092
2791971890
2792078210
2792547786
2796711262
2797569882
2799930963
2800088148
2801097864
2801130023
2801193147
2802911647
2803067778
2805981270
2806547343
2806692131
2806762240
2806938334
2807665660
2810819236
2811217705
2811555271
2811619810
2811675327
2813065491
2813381598
2814358307
2815091272
2815338816
2816082295
2816568531
2816978455
2817662178
2819057697
2819401941
2819547157
2820681618
2821559415
2822013716
2822585186
2823105834
2824749940
2825578359
2826299544
2828482214
2828681250
2828800771
2829105012
2831445858
2832638012
2834208338
2834451102
2835668851
2836431741
2837776212
2838918990
2839202711
2840492888
2842710673
2843505184
2844784808
2847624873
2848058980
2848145040
2848391347
2849491025
2850756228
2852327693
2853119989
2853732358
2854275899
2855577171
2856288208
2856596743
2856941591
2858550574
2860919636
2861038567
2863440391
2863483259
2864958873
2865006204
2865073607
2865169847
2866599511
2867035433
2867284995
2867370749
2867960807
2869138214
2869235191
2871415527
2873309469
2873634253
2873793161
2873839106
2873883288
2874480937
2875935442
2876808320
2877258751
2877716088
2880413882
2880659942
2880850096
2881068225
2881204791
2882544133
2883289875
2883657593
2884900440
2885003278
2885303556
2885310875
2885378647
2886590549
2886891747
2887067065
2888771386
2890294612
2890389500
2892310007
2892460813
2892490044
2893620274
2904960456
2905058799
2905296343
2905521443
2905877813
2905926156
2906297861
2906865230
2910434167
2912657576
2914685875
2915400963
2916463326
2918148596
2920193611
2920530081
2922393557
2923771903
2925333240
2926434660
2927737876
2927895096
2928568085
2928692100
2930373546
2932547296
2934317147
2934386970
2935026019
2935168897
2937091956
2938431959
2938451051
2938737413
2938738985
2938867868
2939856060
2940416163
3000449345
3000490239
3001196934
3002023055
3021290872
3021875897
3022565432
3022590733
3023175235
3023227680
3023675342
3023934450
3024330327
3024558817
3024722828
3024930019
3024951429
3024979009
3025100007
3025600978
3025709835
3025888752
3025912156
3026401133
3026775650
3027607961
3027840575
3028476375
3028765793
3028863667
3028927202
3029168825
3030146775
3030173012
3031117301
3031186817
3031235598
3031846160
3032418448
3032662786
3032813615
3033747888
3033785018
3033903020
3033992393
3034826664
3034979784
3035021789
3037020481
3037039012
3039721841
3039967543
3040295503
3040346828
3041114432
3041748105
3041890586
3041902301
3042189097
3042709625
3042982126
3043695569
3045409669
3046107008
3047458013
3048092652
3048362671
3048367897
3048459187
3048597086
3048855238
3049595377
3050664393
3053012980
3053060433
3053219811
3054356359
3054399881
3054850986
3055004685
3056134013
3056134739
3057017013
3057210068
3058018570
3058578808
3059422731
3059682466
3059814231
3059865451
3060106589
3060127064
3061391800
3061465117
3063269142
3063703079
3064708723
3065049260
3066989400
3067331246
3067362953
3067464047
3067529617
3067675673
3068116832
3068633622
3068708309
3069168274
3070399637
3071271875
3071599475
3072094139
3074059978
3074401463
3077274870
3077278421
3081213084
3083050498
3083449209
3088991537
3091350802
3091545211
3092871127
3093072522
3094243666
3095440284
3097637370
3102258112
3102954138
3106246650
3106598333
3109290229
3109478594
3109486829
3112487624
3115441152
3116356264
3125304780
3126114753
3126199202
3127089761
3132873591
3133485171
3135042212
3136266710
3137441591
3138659188
3141085347
3142077843
3142956686
3146228859
3148238910
3149529012
3150587338
3151048533
3152568003
3153140383
3154983405
3159522630
3168375202
3169044011
3169656794
3170086140
3170091947
3174157021
3174580767
3179883662
3181588456
3186459366
3187542465
3188016469
3192172205
3193309627
3193637671
3201958269
3207187514
3207492655
3222647917
3223468242
3224928381
3225530470
3225580025
3225990804
3226314327
3226817092
3228055228
3228595741
3229300053
3229802424
3231543512
3231824615
3233141235
3233649970
3233766859
3234660882
3236204918
3237528849
3240418996
3241203335
3242568533
3242660949
3243569004
3244017351
3244293571
3244424707
3244574000
3245080381
3245772723
3246162469
3246932533
3247047961
3248031547
3248737770
3248851736
3250070116
3250758244
3251667701
3253298892
3254119624
3254249943
3254500496
3255332202
3255784498
3255871283
3256236837
3258314542
3258426969
3258765684
3258948451
3259808890
3262138142
3262478748
3263155547
3264527896
3266254987
3267215084
3267898239
3268698943
3269204604
3270212604
3270368258
3270537655
3315457607
3315569345
3318122153
3318729157
3320009567
3320809527
3321445659
3323323963
3324454958
3325060570
3325128624
3325195014
3325455071
3327583504
3327821926
3327882312
3328062809
3328734603
3329012097
3329263199
3329389060
3330397219
3332576991
3332702601
3332917521
3333242342
3334210430
3335368051
3336069531
3337262394
3338050709
3340667739
3343025038
3345391181
3345771074
3347019620
3349317091
3349646665
3349871430
3353732977
3355267376
3359272157
3359399714
3360938207
3362321041
3364201732
3364294732
3364503628
3366846787
3369871401
3371457601
3372069297
3373153520
3373493064
3375200629
3375539657
3376572935
3377302452
3379244906
3380485214
3383124471
3384254250
3385376084
3385935911
3389907292
3390691857
3390742802
3391657118
3392122078
3392955425
3393706138
3394000807
3394449610
3394634421
3394966449
3395323963
3396882261
3399743020
3399921960
3400215048
3401368038
3401616516
3402187606
3402828743
3402960912
3403724946
3405091506
3405502372
3406463285
3406573972
3407235759
3408241480
3408369051
3409003813
3410474847
3412826845
3413172641
3416212575
3418491136
3418690548
3420779810
3421204968
3422341494
3423033431
3424136261
3424790553
3428485188
3430003795
3430717984
3431452722
3431858198
3432009970
3432809590
3432938808
3433171164
3433303439
3433533604
3433921087
3435039983
3435447225
3435460100
3435683542
3436862212
3437187614
3437586177
3437987208
3440624937
3441373864
3443739369
3444167193
3444668556
3450845867
3451080919
3453195611
3453500857
3453652543
3454329723
3456210897
3461003225
3461150448
3461302278
3463174428
3463375411
3466530868
3466694408
3467250229
3467303474
3468557941
3469399693
3469945518
3470310026
3471300599
3471332187
3473409238
3474495207
3474944090
3476230485
3478868017
3479070280
3479447508
3480678971
3480732943
3481924990
3482493930
3482619094
3483017997
3483216883
3483827938
3484016783
3484103556
3485101974
3485571567
3485634891
3486401115
3486448999
3488770504
3490599728
3490654568
3491034040
3491952511
3492407544
3493334653
3494647332
3494655218
3494665575
3495136246
3495229927
3495253981
3496809980
3497008745
3498560151
3499130268
3499819462
3501804142
3502495496
3503763211
3505886173
3506721636
3507010965
3508818589
3510291281
3510322341
3511659062
3513369233
3514677934
3514858285
3515368058
3515521113
3516574007
3517330480
3518028344
3518376775
3518536345
3518549097
3519050374
3519144505
3519343475
3519905519
3519909651
3520203960
3520821080
3521456346
3521779301
3522532547
3523760791
3524085602
3524147764
3524506767
3524783024
3524818035
3525751534
3525951600
3526764184
3528090390
3528908837
3529189968
3530618061
3531387689
3532140060
3533210597
3534216837
3534801185
3537726583
3537843893
3538220257
3538609189
3540448631
3541031946
3541691818
3541722821
3541855972
3542634152
3543482780
3543552811
3544689162
3545282374
3546298596
3547166368
3547272761
3547444818
3548577880
3548612046
3548786924
3549894572
3551259262
3551461879
3552440977
3552729254
3553817387
3554104137
3554354480
3554377267
3555001711
3555406645
3555419943
3555685567
3557305297
3557906035
3558330871
3559072445
3560804498
3561299541
3563488162
3564905577
3566599849
3567660880
3570202916
3570206859
3572289816
3572635392
3572922164
3576271215
3577688298
3578266726
3578505859
3578523315
3578746919
3578806967
3579432460
3581361118
3581419035
3581573754
3583114888
3583704541
3583747330
3584582542
3584715948
3585852717
3586995836
3587991527
3589423266
3590025578
3590725863
3590965160
3592113434
3592129223
3592221516
3592226210
3595850797
3596581328
3596643727
3597159241
3599701281
3600361961
3600533999
3600608725
3602970797
3603741990
3605749763
3606293803
3607037281
3607322873
3607342721
3607349313
3607773459
3610108323
3610456639
3610690233
3610905481
3612529513
3613740531
3613970360
3614231120
3614467620
3615609763
3615681798
3616601303
3618357989
3620560062
3620914035
3620989255
3621760493
3622045386
3622184541
3622219551
3622278613
3622533504
3624332600
3624517315
3624715380
3626045137
3627631076
3627703794
3628476566
3629993899
3631378372
3631789837
3632062523
3632582431
3634031259
3634630554
3634638286
3635310221
3636236725
3636477926
3637158439
3637246787
3637311336
3637633980
3637835705
3638599188
3640616186
3641326602
3642603530
3643318769
3644270623
3644520951
3644782176
3646559398
3646681896
3650458049
3651137149
3651269311
3651292695
3651940425
3652217431
3653222043
3654223795
3655377476
3657963270
3658262898
3658810663
3659822777
3660770411
3661146966
3661354384
3662249320
3662640159
3663011687
3663870016
3663950900
3667487655
3669123664
3669360645
3669538302
3670277097
3670308611
3670883321
3671016039
3672032075
3672602962
3672840880
3673007535
3673441727
3680734017
3680900179
3680940007
3681254136
3681791085
3682172827
3682529915
3848481754
3854007481
3855302913
3855631946
3856118917
3857993597
3860179479
3861029333
3864524335
3867501953
3867866514
3868773129
3869989538
3871340188
3872400209
3873513109
3876162431
3876319364
3879326445
3885279437
3885918019
3886468280
3887086547
3890578404
3897160560
3898104531
3898136001
3904018373
3904896537
3905511284
3909556929
3919160061
3919787529
3922938617
3927460524
3932211272
3938175221
3944142912
3944250684
3944352232
3944780627
3952104428
3954972170
3961027631
3963150764
3966762099
3968010416
3971776148
3983962995
3984822219
3991571596
3994737902
4400099343
4400633580
4400638191
4400852043
4400993868
4401632343
4401655466
4402406797
4402488469
4402522253
4402628025
4402812991
4409457934
4411296767
4411554616
4411891578
4413344993
4413366083
4413508174
4413714768
4413915628
4416050092
4416930289
4417107987
4423916281
4424673069
4425394019
4426313821
4427187359
4428340862
4429267461
4432852236
4435906284
4436515082
4437779799
4438929538
4439347158
4440315077
4441933196
4444269654
4447544275
4448165735
4449234127
4450246890
4450710751
4451053611
4453014190
4453123983
4454669478
4456204546
4456592754
4458559632
4458611299
4461034159
4463128796
4463967376
4465945728
4470245272
4477065259
4481521025
4486352152
4488106290
4488132111
4488718593
4489880086
4490303198
4494105554
4495885017
4497096491
4509599481
4513940115
4518084409
4524803516
4526042222
4526694686
4527524699
4528780774
4531004149
4534406438
4534762434
4535873663
4542332991
4547601619
4548488869
4549920889
4554104522
4556771156
4558104356
4558128249
4558518721
4559934486
4562572551
4563757043
4565530548
4567388556
4567556632
4569025518
4572030886
4573143989
4573185804
4573623587
4574244384
4581070574
4582732932
4586230417
4587642309
4589700124
4593874414
4596083648
4599013072
4599887867
4602738886
4606044153
4610210410
4613011187
4619833589
4620692995
4621278066
4622429838
4625745613
4631982439
4634543975
4634549561
4638480466
4640085998
4640713282
4646809524
4649995052
4654094611
4656176220
4657103951
4658758937
4662052229
4666938866
4673940985
4677259629
4679553677
4686759455
4691629430
4692767087
4702967374
4705244642
4707310256
4707528254
4707883312
4707988765
4708936387
4710040484
4718127350
4719499213
4719504498
4719624236
4720014081
4723262103
4723477761
4724954900
4724990183
4729478032
4730587946
4734130332
4737362748
4740253126
4748685856
4749055661
4750685324
4750738527
4752074568
4754087427
4755365217
4758403265
4762397971
4764734215
4769609806
4772340688
4774321428
4774529348
4776727458
4777677030
4782540238
4786545538
4790668113
4798442394
4799491833
5000056643
5000597066
5000980026
5001074803
5001145386
5001515468
5002094645
5003148407
5003157500
5009881262
5010155456
5011162978
5012423248
5013893776
5017237076
5024997708
5026002846
5029099185
5029475901
5030559498
5032706193
5036202722
5041352624
5049310168
5052282213
5055022372
5055777303
5059627741
5062748311
5071437917
5076569556
5077755806
5081533477
5089738188
5091740478
5093882481
5094951920
5095722475
5096261096
5101661553
5102121568
5105451876
5108053916
5109491761
5110033405
5110241837
5110402587
5110559942
5110652277
5112671204
5113133072
5113742883
5114027372
5114208482
5115085145
5115099938
5115157961
5117070076
5118364492
5118678295
5125096159
5125295867
5129193814
5130662752
5136292305
5141335113
5141772179
5143382401
5144539200
5147037597
5147956608
5148414392
5148621252
5148626681
5148771387
5149845653
5150478187
5151026213
5151063684
5151700403
5152390397
5154132660
5154360258
5154728803
5155337499
5155517585
5155840976
5156797026
5156964536
5157764417
5158562901
5160321158
5161764277
5165058253
5165671882
5165814380
5166092058
5166901889
5167244226
5167369474
5167396369
5168236289
5169482324
5170265449
5171202715
5171759635
5172147262
5173467825
5173819023
5175625285
5346706233
5346824275
5347183684
5348369213
5349227562
5349389591
5350376153
5351092774
5352491241
5353296906
5353705803
5354006973
5354909682
5355057251
5355698026
5357217157
5358339722
5358643621
5358742149
5359985427
5360358608
5361992363
5362599291
5362990147
5363055263
5363616873
5364599966
5364881971
5364979102
5365775023
5366998871
5368268258
5368665442
5368995908
5369766158
5371993514
5373863406
5374321816
5375462883
5377379621
5378402372
5378880953
5379188937
5379243631
5381404137
5382651264
5385329280
5385340673
5385438409
5385444245
5386135735
5386774771
5388396520
5388732804
5389178234
5389792322
5389943812
5390482096
5391163681
5391666483
5393008959
5395154407
5395408606
5399840510
5401032298
5401223276
5402756867
5406724276
5407864122
5408399142
5408536385
5408641303
5409604643
5409970586
5410060690
5410182730
5412824587
5413478173
5414196635
5414342163
5414987956
5415795820
5416423956
5417885294
5419738504
5420307290
5422125822
5422583137
5422989486
5423023504
5423444307
5424577811
5425101859
5425656991
5425782428
5426005924
5426452134
5426707638
5427094781
5428935651
5429237921
5430660233
5431447447
5432118739
5433597512
5436630075
5436868465
5437549611
5437867791
5438287727
5438797291
5440020224
5440789900
5441095146
5443506849
5444132321
5445164444
5445978683
5448367886
5448717326
5448740692
5450373390
5450821768
5450998900
5451510599
5451544600
5451570879
5451579054
5451609164
5451637381
5455192313
5456126707
5458398477
5458463278
5459867820
5461035814
5461077548
5461089988
5461560009
5462150855
5462707930
5462877900
5462954868
5464669117
5464772966
5466220467
5466541554
5466785951
5467772449
5468501282
5469371279
5470103800
5471513293
5472014537
5472344521
5472470365
5473523825
5474526073
5475184374
5475452404
5478393447
5479303984
5480090774
5480559577
5481439437
5481585394
5482452541
5483558276
5484562021
5485009959
5485801812
5485880947
5490348181
5491058772
5492574518
5493373872
5493921978
5494047006
5494780598
5495032151
5495146166
5495285428
5495727291
5497943151
5499086900
5499832903
5500058827
5500221233
5501253780
5501289168
5501909830
5502251126
5502490996
5502909310
5503035067
5503057280
5503249115
5952521859
5952640830
5952894342
5953064065
5953633653
5954512230
5954669269
5954674628
5954737403
5955220111
5955307563
5955340087
5956056554
5956068063
5957754052
5958585462
5959639892
5959689117
5960350578
5961105150
5961350071
5962227066
5962461471
5962650535
5963450193
5963464487
5963713855
5963779001
5964451265
5964757895
5964901722
5965037770
5965884094
5966106033
5966241590
5966486802
5966812110
5966822472
5967033979
5967246932
5967534527
5967793217
5968395800
5968405796
5968483077
5969109951
5969466529
5969562538
5970171281
5970503931
5970671603
5970676491
5971814483
5973101037
5973720170
5973824599
5973916534
5974256195
5974876245
5975566830
5975820931
5975996254
5976252799
5976263615
5976564651
5976573350
5976806077
5977144599
5977368046
5977836472
5977922642
5978066275
5978376145
5978391409
5979357678
5979703945
5979763803
5979847245
5980222704
5980988580
5981007386
5981029810
5981294234
5981386582
5981781532
5981835256
5981888289
5982423083
5983257303
5983574645
5983755455
5983803381
5984396802
5984437186
5984768328
5985289167
5985502501
5986101501
5986766174
5986851545
5987337660
5987403599
5988371062
5988378334
5988387198
5988644010
5990151021
5990161400
5990910947
5990980854
5991045478
5991203875
5991277604
5991652135
5991770995
5992126441
5992721232
5993319616
5994013876
5994936135
5994961562
5995214187
5995933179
5996133896
5996250361
5996312690
5996427109
5996844686
5996873086
5997045402
5997525161
5997594518
5997800247
5998381909
5998749352
5999288606
5999678262
5999719900
6000230118
6000612210
6000777363
6000804904
6000974030
6001144094
6001278930
6001434989
6002504892
6002532699
6002855082
6003662320
6003664839
6003693311
6004491155
6004618401
6005058945
6005083978
6005714949
6005779763
6005852413
6005953849
6006440321
6006441370
6006702980
6007191726
6007738978
6009183527
6009238463
6009425268
6009550696
6009595931
6009701958
6010398891
6010558309
6011572204
6011700396
6012242884
6012793189
6013064846
6013720655
6013731220
6014278716
6014569056
6014688841
6014912468
6015313122
6015364582
6015410922
6015478055
6015527768
6015560893
6015770627
6016073293
6016131974
6016575375
6016577765
6016729816
6016748340
6017502115
6017554990
6017964992
6018001164
6018153625
6018812608
6018953342
6019309429
6019422143
6020262326
6020627603
6020766556
6020843932
6021217166
6021628571
6022332034
6022518333
6023280417
6023376302
6023694328
6023804806
6024140712
6024452860
6024527217
6024797292
6025113460
6025229881
6025687830
6026147151
6026229490
6026417719
6026859717
6027488056
6028032657
6028765607
6028858184
6028968707
6029297077
6029412970
6029848331
6030117116
6030263163
6030443998
6030694607
6030772806
6030800405
6031113071
6031639140
6031763804
6032348384
6033716886
6035891626
6035905083
6036231829
6036515069
6037082324
6038820961
6039227144
6039324999
6039424526
6039464346
6039882753
6039959574
6040115909
6041282311
6041536818
6041655702
6043292755
6043615031
6043760674
6043992980
6044468130
6044720203
6044760484
6046677860
6047219905
6048367089
6048662330
6049546677
6049673242
6050115145
6050190175
6050849439
6051834605
6051913967
6052179810
6052670664
6052706372
6052983208
6053607768
6055009856
6056325879
6058018080
6058406210
6059835446
6059919116
6060545854
6061003860
6061027435
6061561761
6062048922
6062778151
6065128775
6065325471
6066512128
6066575268
6066821087
6067997097
6068155759
6069324857
6069741490
6070927551
6072192575
6072463625
6075375702
6075791987
6078024519
6079906781
6080625798
6080909281
6082052107
6082758290
6084683603
6084968168
6084998692
6085311834
6086869500
6087964384
6089394417
6091041861
6091119316
6094101174
6094304937
6095104508
6095643264
6096521915
6096675713
6097089321
6097475866
6097729906
6098159307
6098634642
6098707053
6099467828
6099552413
6100704086
6100741160
6101625999
6101872930
6101904501
6102284017
6105480797
6107631658
6107832535
6108451684
6109026165
6109074823
6109229455
6109241879
6109319911
6111188611
6112026144
6112611969
6113538635
6113939651
6114431296
6118458688
6118817616
6118988681
6119368556
6120607912
6120964255
6122416751
6122619641
6123100089
6123266448
6123329320
6123609949
6123755691
6123767210
6125212962
6125514460
6126414964
6126501436
6129461715
6129961098
6131560401
6133781643
6134060374
6134250549
6135501746
6136795953
6137153912
6137993694
6138525147
6138802059
6139234452
6139396618
6139867518
6141011944
6141992169
6143522315
6143936847
6145155221
6146643445
6147095771
6147960553
6149271463
6149968324
6150510735
6150946030
6151956323
6152353746
6153604858
6153897559
6154410675
6154433885
6154567272
6154901437
6155720347
6155809428
6159326519
6159835093
6160237583
6163779514
6163967828
6164860206
6168409904
6168749842
6168905416
6168949959
6170580903
6171343415
6171814841
6171889455
6173166859
6173780031
6174121881
6174251900
6174520959
6175919492
6176043507
6176834781
6177134742
6179289871
6180010392
6180614595
6181292354
6181687875
6181853048
6182714762
6182903576
6183168626
6184263700
6184695242
6185251276
6186317033
6186430731
6186433856
6186758630
6187884537
6188202753
6188725084
6189313071
6190340613
6192095649
6192141820
6192795843
6193452162
6195175097
6195698402
6196088467
6196902184
6197053108
6198278124
6199686604
6200239600
6201110010
6201233102
6202133255
6540562891
6546808627
6548528516
6556092791
6568237074
6577803382
6579164322
6582454367
6587709951
6587898966
6591779106
6592095777
6592812432
6597028270
6600564206
6600589318
6601997460
6603013379
6604869575
6605297327
6605704164
7902633831
7904208548
7906851521
7907822984
7909150315
7909363766
7911762408
7915268578
7919009150
7919720215
7921348449
7928664043
7929574315
7933012487
7937868422
7944823559
7947727643
7948156900
7952950515
7956556918
7959687678
7964684003
7966809968
7967198968
7967754613
7967905417
7972463922
7974840739
7976288055
7981911853
7983624593
7986524515
7989492553
7989760733
7993944710
7995066825
7996617618
7997715197
7999904354
8000735325
8006985974
8007110652
8007309935
8008224951
8013049207
8015034021
8015035758
8015038368
8015181214
8017015885
8017861216
8026292467
8029708943
8030086883
8035562252
8044875056
8047791831
8049847576
8050252975
8053652128
8053893968
8054165313
8060132138
8062372467
8066182722
8067566354
8070894502
8072851539
8074401374
8079620302
8081137649
8081719168
8085383782
8087932168
8088185893
8089631752
8089745629
8091144422
8091598355
8091824816
8099537113
8100206093
8102843408
8107049707
8107802537
8109686584
8111362762
8112685443
8113644945
8114023156
8116884993
8120804873
8123936796
8125276030
8126218082
8129325394
8135562544
8135989139
8146371297
8153116171
8155521505
8156650849
8157166941
8157993483
8161000921
8162087657
8162370294
8162392226
8170962053
8172324571
8174895378
8176282510
8177576362
8179494550
8179696782
8180927885
8184469332
8186508658
8189872911
8190419619
8192020914
8195223099
8196090036
8196797785
8197172364
8198409067
8203098488
8203255956
8204586572
8205773790
8209239200
8210939851
8211068186
8213253553
8216824379
8218330802
8220141079
8222509671
8225094357
8226125704
8231487168
8232084196
8233365281
8235074672
8235850446
8237227050
8240575256
8246097378
8247154390
8248317661
8248580205
8251897698
8258776278
8259947509
8260702792
8264272815
8265734696
8265989179
8269159443
8273474066
8274498719
8277336138
8286899760
8288843486
8292751344
8293669306
8294029731
8294718916
8296476901
8308507654
8309156288
8309609613
8310803439
8311631485
8312291797
8314034765
8316897930
8320856879
8326231082
8329479080
8339061705
8349631820
8350581580
8350968906
8351010118
8353130087
8353548189
8359330133
8360190181
8363856489
8371667121
8373432445
8373535228
8373802575
8374121720
8376477499
8379511599
8385451555
8385952372
8389860393
8393943692
8394436752
8396649530
8397150408
8397500002
8397958253
8400408698
8409731046
8415325536
8415905617
8417617262
8422342920
8422734530
8435560289
8454865567
8457656357
8457851212
8459080804
8464623353
8464699105
8465165059
8466855739
8467947915
8472523928
8472736349
8476408643
8476884505
8477746711
8478887671
8479689968
8489865594
8493128743
8494174034
8494779859
8495333086
8497557015
8498672718
8499144892
8509285264
8511300823
8512672024
8514975611
8516947355
8517012503
8519547296
8524600917
8530175460
8531963434
8532008825
8538082809
8543378300
8543870046
8547257838
8549951008
8550307550
8554801628
8555397967
8564126598
8565368948
8565876936
8567114979
8573514550
8581090828
8585102767
8585516250
8587437869
8589775744
