8000051399 IMP  7282977 214
8000520482 IMP 11367990 321
8000551459 IMP 13437139 270
8000829306 IMP  1130625 3
8000896447 IMP  1841492 11
8001082040 IMP 11018598 285
8001093746 IMP  2740353 12
8001758543 Intractable. 12418586 612
8002173885 IMP 11035304 176
8002310994 IMP  8648125 311
8002455361 IMP  1058585 5
8002592322 IMP  9211590 356
8002935322 IMP  3225408 20
8003208015 IMP  1214059 4
8003556571 IMP  2991111 18
8003566564 IMP  2662186 17
8003612738 IMP  3361890 15
8003738979 IMP  7151880 87
8004154086 IMP  1526594 16
8004211805 Intractable. 10545431 262
8004356107 IMP  1739426 14
8004448571 IMP  1165603 4
8004762681 IMP  3308637 24
8004763820 IMP  3012130 25
8004923467 IMP  8907558 145
8005009837 Win   121122 0
8005171832 IMP  2967887 25
8005230374 IMP   528258 2
8005408632 IMP  2445053 34
8005629175 IMP  4045667 27
8005671526 IMP   855837 7
8005678450 IMP   483037 1
8006083776 IMP  5974025 81
8006291785 IMP  1606032 19
8006884448 IMP  1807475 5
8007014486 IMP  3669614 20
8007069076 IMP  8202258 264
8007231553 IMP  1670353 17
8007371189 IMP  1972068 10
8007529604 IMP   577931 2
8007739146 IMP  2879504 35
8008562379 IMP  7063483 99
8008790280 IMP  3106395 36
8008999834 IMP  3774728 46
8009036403 IMP  1942902 11
8009343229 Intractable. 14217420 340
8009470219 IMP  1409820 5
8009798786 IMP  3118913 14
8009880003 IMP  2467447 9
8009924763 Win   421409 1
8010011191 Intractable. 12569551 329
8010295333 IMP  1601930 8
8010491809 IMP  2079373 15
8010542672 IMP  2136374 9
8010592504 IMP  4317713 37
8010657389 IMP  2719091 32
8010849376 IMP  6176245 108
8010909885 IMP  1445620 7
8011294099 IMP   559781 1
8011330635 IMP  1690839 9
8011433758 Intractable. 14041989 306
8011548038 Intractable. 13667969 380
8011558959 IMP  5833668 55
8011612984 IMP  4295179 73
8011617950 IMP   860100 2
8011846162 IMP  1775515 9
8011846247 Intractable. 13551130 370
8011848387 IMP  6525728 197
8011962730 IMP   346500 1
8012501359 IMP  3159726 18
8012610734 IMP  3743462 25
8012622071 IMP  3315999 58
8013120445 IMP  1456555 14
8013420840 IMP 11799556 311
8013560186 IMP  8978923 560
8013859536 IMP  7315915 154
8014128691 IMP  3238926 27
8014356367 IMP  8179052 632
8014781376 IMP  2094032 10
8015064910 IMP  6285054 127
8015140394 Intractable. 12912538 317
8015402649 IMP  4049862 27
8015419819 IMP  2299786 20
8015679900 IMP  3482971 43
8015680637 IMP   252377 0
8016040953 Intractable. 13118899 295
8016158624 IMP   404773 0
8016427893 IMP  7956295 125
8016477305 IMP  3979994 21
8016943228 IMP   665986 2
8017180429 IMP  5607470 70
8017196183 IMP  2188114 14
8017626341 Intractable. 12324924 284
8018536581 IMP  1136202 3
8018790207 IMP  5419785 104
8018901579 IMP  1916167 14
8019261962 IMP  6112651 59
8019348827 IMP  2700941 18
8019619467 IMP   658066 3
8019837250 IMP  7252034 127
8020009675 IMP   585167 2
8020156179 IMP  1060904 3
8020184968 IMP  1000083 3
8020217549 Win  2136516 9
8020446302 IMP   480927 1
8020629197 IMP  5467763 89
8020835915 IMP  1145415 3
8021634085 IMP  1187464 4
8021865663 IMP   266832 1
8021904414 Intractable. 12820078 424
8021969981 Intractable. 12585412 556
8022083222 IMP   255018 1
8022755542 IMP  8318829 210
8022797559 IMP  5247413 39
8023198821 IMP  2017304 8
8023311630 IMP  1613202 5
8023362938 IMP  4208888 68
8023550914 IMP   721095 2
8023601049 IMP  3171828 23
8024211710 IMP  2754395 15
8024353023 IMP  1935976 10
8024564216 IMP   902854 2
8024716370 Intractable. 11840156 344
8025131578 Intractable. 12555140 296
8025161297 IMP  4853051 76
8025181721 IMP  3277030 27
8025204829 Win  1905640 9
8025237584 IMP   621435 1
8025392807 IMP  4026635 91
8025486969 IMP  1337840 9
8025519307 IMP  5440597 92
8025660743 IMP  1202790 7
8025665569 IMP  4699410 51
8025740490 IMP  3988684 39
8025779770 IMP  1524124 10
8026070095 IMP  1711391 8
8026420785 IMP  3114638 33
8026423063 IMP  2833291 21
8026657038 IMP  1242294 9
8026662846 IMP  2940889 19
8027102969 IMP   701163 3
8027103072 IMP  3337671 39
8027106950 IMP   517002 2
8027186271 Intractable. 14179416 363
8027268584 IMP  3707513 34
8027308763 IMP   723352 2
8027433583 Win  4322257 44
8027472996 IMP 12815705 299
8027539684 IMP  2806761 12
8027991731 IMP   852420 2
8027992794 Intractable. 12280274 407
8028077993 IMP  1632367 7
8028285516 Win  3546544 21
8028311384 IMP  1356060 6
8028433504 IMP  5813726 102
8028540621 IMP  1545808 8
8028588680 Intractable. 13029804 667
8028679083 IMP  4330334 42
8028689152 IMP  1065618 7
8028722947 IMP   513015 1
8028847087 IMP   135983 0
8028977533 IMP   977219 3
8029331278 IMP   624735 2
8029336172 Intractable. 14948620 522
8029555499 IMP  7567828 102
8029736283 IMP  2743820 45
8029823152 IMP  7789293 265
8029831216 IMP   884578 3
8029880547 Win    93342 0
8030234181 IMP  1404903 5
8030298177 IMP  4614459 31
8030493289 IMP  5815863 124
8030510874 IMP  1607852 9
8030615018 IMP   398815 1
8030807572 IMP  1432491 7
8030821357 IMP   728463 2
8030970434 IMP  8268757 161
8031116150 IMP  2077934 11
8031272811 Intractable. 13946267 345
8031341157 IMP   815108 4
8031476535 Win  1772979 6
8031879672 IMP  4530855 104
8031881549 IMP  1647517 7
8032020191 IMP   554043 3
8032156395 IMP   447815 1
8032405357 Intractable. 11004099 354
8032481757 IMP  1626347 18
8032571753 IMP  5304041 84
8032642865 IMP   993102 3
8033115499 IMP  1165574 4
8033476077 IMP  4171451 34
8033594537 IMP   278335 1
8033928027 IMP  3231330 20
8033979272 IMP  3972239 27
8034142178 IMP  1326675 6
8034186578 IMP   238408 0
8034212218 IMP  7018687 264
8034377520 IMP  2337209 19
8034400750 IMP  1845744 11
8035107376 IMP  2441167 13
8035107782 Win  1554144 4
8035352060 IMP  4415601 47
8036040394 IMP  5757919 129
8036273995 IMP  3230197 16
8036675471 IMP  2335773 34
8036773351 IMP   679058 3
8037079123 IMP  1394008 4
8037208733 IMP  4069138 20
8037342171 Win  3642500 23
8037445353 IMP  4286348 46
8037837683 IMP   861464 4
8037891050 IMP  2389256 23
8038086982 Win  1636876 28
8038187090 IMP  2708965 31
8038263627 IMP  1033467 3
8038499354 Intractable. 10776448 762
8038515953 IMP  6525723 145
8038643509 Win   141542 1
8038772914 IMP  8703762 191
8039255051 IMP  7381592 124
8039485880 IMP  1908823 7
8039700786 IMP   276399 0
8039919440 IMP   479151 1
8040823396 IMP  1934537 9
8040836027 IMP  3063447 16
8041057306 IMP  5287293 33
8041133853 IMP  5538979 99
8041304511 IMP   905161 3
8041433247 Intractable. 15753305 263
8041480693 Intractable. 12835305 441
8041822379 IMP  3129307 25
8041912344 IMP  1920238 19
8041943507 IMP  2474269 9
8042101358 IMP  3776099 35
8042918639 IMP 10940567 323
8043258016 IMP  3362421 71
8043320953 IMP  1156042 4
8043412204 IMP 11297909 280
8043594390 IMP  1065508 4
8043632554 IMP 10749097 218
8043909550 IMP  1608555 7
8044219232 IMP  1606580 8
8044428831 Win  1790841 6
8044617155 IMP   338242 1
8044872435 IMP  6411773 116
8045204370 IMP  9546941 177
8045220082 IMP 14647098 399
8045233688 IMP   436438 1
8045420820 IMP  4255738 43
8045514974 IMP   604687 2
8045584412 Win   801517 2
8046157962 IMP  1258559 4
8046230679 IMP  1458005 15
8046256320 IMP   686468 2
8046377539 IMP  4926983 85
8046592762 IMP  3214156 50
8046820566 Intractable. 14271135 563
8046995172 IMP  3212282 16
8047206972 IMP  8374481 252
8047330384 Intractable. 13686314 835
8047538792 IMP  3425492 38
8047659397 IMP  2312370 9
8047882760 IMP 11060568 281
8047963960 IMP  7419273 206
8048043795 IMP  9207366 631
8048250962 Win  4388264 36
8048522491 Win  3733364 33
8048726837 IMP 10242460 227
8049016648 IMP   373461 0
8049069805 IMP  8591355 130
8049146608 Win  4825183 50
8049242833 IMP  1307997 3
8049350532 IMP  1200486 7
8049443472 IMP  5173347 66
8049563499 IMP  1967834 16
8049930538 IMP  1270432 4
8050007658 IMP  8801538 178
8050216444 IMP  1672054 11
8050743006 IMP   596943 2
8051251166 IMP  2413780 11
8051350073 IMP  1800164 6
8051512302 IMP  8949680 281
8051599333 Win  2849007 16
8051647983 IMP   669257 1
8051671818 IMP   601101 2
8051772594 IMP  1964893 11
8051872269 IMP  1051829 3
8052209930 IMP  3618713 22
8052338358 IMP  4822737 66
8052606864 IMP  2728749 20
8052641628 IMP  1637495 5
8052676393 IMP  2854310 21
8052990160 IMP  2147543 22
8053087416 IMP  2183407 14
8053114605 IMP  1885763 5
8053132238 IMP   750111 2
8053490946 IMP  3931036 40
8054326573 IMP  7139002 107
8054510618 IMP  3417924 48
8054606387 IMP  8856846 268
8054620304 Intractable. 12778381 434
8054657192 IMP  4391290 51
8054838670 IMP  6056328 100
8054930989 IMP  1435572 7
8054969332 IMP  6251016 109
8055052578 IMP  1172444 4
8055482953 IMP   413096 1
8055567935 IMP  2036948 93
8055634817 Intractable. 13811334 369
8055910933 IMP  8391170 88
8056200374 IMP   426853 1
8056249022 IMP  5285976 48
8056315397 IMP  1889309 15
8056317817 IMP   303435 0
8056343065 IMP   675491 2
8056357565 IMP  7771460 227
8056585155 IMP   902571 1
8056641906 Intractable. 11638249 354
8057137588 IMP  6535086 114
8057307104 IMP  4517078 59
8057376162 IMP  4809329 49
8057403725 IMP  5566041 51
8057804436 IMP  5199450 37
8057917535 IMP 10025929 292
8058037566 Intractable. 12155332 442
8058051810 IMP   265103 1
8058219862 IMP  4372083 36
8058254576 IMP   660150 2
8058307066 Win   729682 2
8058376733 Win  3904198 26
8058428538 IMP  1305689 4
8058746545 IMP   407358 1
8058857702 Intractable. 13736612 467
8058899293 IMP  1770235 8
8058942580 IMP  6230433 199
8059050440 IMP  1848132 13
8059232377 IMP  1727535 14
8059345013 IMP 11227149 278
8059672042 IMP  4326269 40
8059717643 IMP  8151624 113
8060094146 IMP  7488026 117
8060106129 Win  4801555 45
8060236638 Intractable. 13123113 444
8060435353 IMP  4184565 75
8060478661 IMP  4593352 39
8060563229 IMP  3037524 24
8060732856 IMP  1445748 7
8060737201 IMP  1218819 4
8060940837 IMP  1039910 5
8061760425 IMP  2947829 23
8062286456 Intractable. 14585467 524
8062387766 IMP  1524108 12
8062389666 IMP  1119103 5
8062614137 IMP  3373514 55
8063163464 IMP  2865456 30
8063270982 IMP  9946353 1012
8063589236 Intractable. 13237742 558
8063740879 IMP   143004 1
8063819592 IMP  4305375 27
8063840398 IMP   741816 2
8063878932 Win   768535 1
8063895402 IMP   239572 1
8064075415 IMP   116424 0
8064134511 IMP  3719950 31
8064397972 IMP  7118133 88
8064421722 IMP  2490704 15
8064507281 IMP  2247374 9
8064829977 Intractable. 14143835 448
8065027803 Win  1325221 6
8065093260 Intractable. 11277285 287
8065264682 IMP  5586103 69
8065419804 Win 11588213 194
8065715158 IMP  8308997 202
8065786841 IMP  1690673 10
8065831910 IMP  4414141 32
8065937675 IMP  5187410 41
8065985954 IMP  1797509 16
8066150506 IMP  8184851 195
8066470787 IMP 10919091 300
8066624764 Intractable. 13648919 306
8066706655 IMP  2096504 12
8066791989 IMP  8553714 266
8066834945 Intractable. 12555816 538
8067006168 Win  3903747 42
8067175095 IMP   368585 1
8067336326 IMP   410195 0
8067591252 Win  8627221 258
8068074539 Intractable. 11228913 463
8068289542 IMP  2899444 25
8068329843 IMP  1656583 9
8068392490 IMP   642805 1
8068565126 IMP  3178148 72
8068635055 IMP  4965874 74
8068703776 IMP  1896444 9
8068821332 IMP  8552951 173
8069180031 IMP  1308586 3
8069386810 IMP  1260992 5
8069532974 IMP  3849678 48
8069844469 IMP  2163534 9
8069922274 IMP  2921672 17
8069983777 IMP  6002656 92
8070003338 IMP  2195535 14
8070035547 IMP  2741797 24
8070369627 IMP   700161 3
8070454318 Intractable. 11207592 284
8070843894 Intractable. 11438011 302
8071488275 Intractable. 13186715 305
8071520642 IMP  5469173 62
8071613801 IMP  1523366 8
8071694786 Win   157578 0
8071826434 IMP   246434 1
8071876464 IMP  1672357 8
8072057911 Intractable. 12734113 424
8072232694 IMP  1251172 4
8072404602 IMP   741198 2
8072592193 IMP  2206624 15
8072696210 IMP  1368537 7
8073036000 IMP   260481 0
8073069948 IMP  2041334 8
8073109036 IMP  2777215 33
8073342765 IMP   399727 2
8073388199 Intractable. 16126975 362
8073786531 Intractable. 13001875 490
8073789909 IMP  1414373 11
8073853529 IMP   218139 1
8073941725 Win  1519019 6
8073956112 IMP  9015792 191
8073957373 IMP  3811145 65
8074106037 IMP   888145 1
8074119825 IMP  5340060 67
8074305209 IMP   567019 1
8074435219 IMP  6700179 74
8074918541 IMP  2549263 41
8075045020 IMP  6379105 64
8075140641 IMP  2250972 11
8075600171 IMP  2127926 23
8075621008 IMP  6180982 99
8075635620 IMP  1470100 5
8075640434 IMP  3352315 34
8075657157 IMP  4364378 51
8075914657 Intractable. 13802616 432
8075994082 IMP  4945221 44
8076059962 Win  7996488 218
8076371798 IMP  1480863 4
8076373206 IMP  2108862 22
8076641169 IMP   927821 3
8076659299 IMP   328553 0
8076666772 IMP  1319988 6
8076816618 IMP   453368 0
8077111592 IMP   453894 1
8077367404 IMP  1474424 4
8077477518 IMP  1666994 7
8077546655 IMP 12033657 615
8078410346 IMP  5658143 69
8078719632 IMP  3873076 82
8078898089 IMP  1043585 5
8079043533 IMP   613749 1
8079134226 IMP  6796838 85
8079199552 IMP  5311351 38
8079238248 IMP  1204679 3
8079352137 IMP  1619031 11
8079487704 IMP   896523 3
8079528957 Win  1987808 8
8079656548 IMP 10010191 204
8079693420 IMP  1133313 2
8079737854 Intractable. 12582592 396
8079856474 IMP  4517164 32
8079951542 Win  4127738 33
8080340507 IMP  7817613 292
8081065800 IMP  8483088 115
8081329619 IMP  3364452 108
8081637914 Win  8620981 180
8081702779 IMP   534848 2
8082018440 Intractable. 12964654 600
8082168264 Intractable. 12158109 425
8082491584 IMP  5689329 62
8082611465 IMP 10351843 255
8082799024 IMP  1693227 4
8082894604 Intractable. 11174436 291
8082984879 IMP   792627 2
8083116594 IMP  1233431 7
8083198904 IMP  7037978 168
8083236883 Intractable. 14497678 300
8083320312 IMP  1333035 3
8083334449 IMP  1921737 19
8083428876 IMP  1868493 7
8083769486 IMP  1102019 12
8083874886 IMP  4682317 55
8083929247 IMP  7415458 110
8083954576 Intractable. 13542401 306
8084263209 IMP   984526 3
8084331543 Intractable. 14181684 358
8084734705 IMP   872335 1
8084871926 IMP  1090135 3
8084942955 IMP  1320811 4
8085281521 IMP   926739 2
8085474877 Intractable. 15640374 529
8085758313 IMP  1764045 6
8085848032 IMP  7204290 101
8085858290 IMP  5745742 57
8086194357 IMP   451502 1
8086343411 IMP  6090686 82
8086502852 IMP  3996486 37
8086509085 IMP  2004143 9
8086716596 IMP  2167849 10
8086853533 IMP    69908 0
8086893002 IMP  1639266 5
8086924635 Win  2048514 17
8087014271 IMP  3030571 43
8087195177 IMP  2764726 13
8087572733 IMP  4602325 37
8087796916 Win  2169821 12
8087960252 IMP  2374638 13
8088005186 IMP  2728718 22
8088071813 IMP  7663858 185
8088174574 IMP  1601964 5
8088399136 IMP  1545661 13
8088866456 IMP  5521745 43
8088989509 IMP  2485410 23
8089056152 IMP  1361625 7
8089222322 IMP  3502774 29
8089369846 IMP  3275911 24
8089658198 IMP   736375 2
8089674179 IMP  8614281 108
8089753024 Intractable. 12777101 293
8089944715 IMP  2243566 9
8090133645 IMP  2975064 20
8090145134 IMP  4834605 108
8090192705 IMP  6550901 82
8090438191 IMP  3203821 28
8090469287 IMP  8315933 269
8090526002 IMP  7430880 101
8090667764 Win   263836 0
8090751405 IMP  2716715 20
8090829925 IMP   552199 1
8091435316 IMP  4204368 40
8091675334 Intractable. 13712357 470
8091705341 IMP  1798888 6
8091723611 Win   177695 0
8091888079 IMP  4777430 79
8092074537 IMP  3187850 34
8092368488 IMP  2091987 7
8092533916 IMP  1475013 5
8092577708 IMP  1507268 6
8092918583 IMP  1529345 5
8093198148 Intractable. 12926338 308
8093231988 IMP   698641 1
8093433903 IMP  4995874 44
8093483628 IMP  2590916 26
8093538676 Intractable. 12874359 405
8093793736 Win  1877716 8
8093920238 IMP  1399366 5
8093928602 IMP  1799517 10
8094202356 Intractable. 11705970 492
8094336627 IMP  8573705 159
8094683196 IMP 10000661 279
8094794760 IMP  1766861 8
8095133313 IMP   492690 1
8095146108 IMP  6420940 115
8095363798 IMP  2776510 9
8095457118 IMP  1883976 10
8095640815 IMP  4704867 43
8095812989 IMP  2533063 19
8096626081 IMP  1712762 15
8096789420 IMP  8877762 156
8096883787 Win   210079 1
8096898523 IMP  1192768 2
8097025551 Intractable. 11923269 388
8097068133 IMP  8726008 163
8097324804 IMP  3159352 18
8097402843 IMP   689974 1
8097562592 IMP  9257736 131
8097770608 Intractable. 11807690 309
8097920881 IMP  7723949 214
8098028912 IMP 10031896 869
8098035932 IMP   954976 6
8098130083 IMP   671343 3
8098145403 IMP  1178527 4
8098191176 IMP  6826638 135
8098674804 IMP  6263563 77
8099107178 IMP  3463151 17
8099121981 IMP  6780705 131
8099368220 IMP  1252209 8
8099534772 IMP  3268596 19
8099645697 IMP  2669684 18
8100082030 Intractable. 13095854 291
8100144923 IMP  1150836 4
8100277795 IMP  1676899 9
8100309320 IMP  2398351 9
8100591405 IMP  1770272 8
8100937304 IMP   771697 2
8100976398 Intractable. 12476228 382
8101029644 IMP   598167 1
8101215280 IMP  4858529 84
8101224821 IMP  9219550 158
8101613638 IMP 11993615 395
8101647852 IMP  4999294 45
8101863407 IMP  1266176 5
8102107904 IMP  7854446 78
8102369355 Win   384843 1
8102448166 IMP  1075368 2
8102547688 IMP   735579 2
8102976248 IMP  2507689 13
8103103564 IMP  3921140 45
8103244014 IMP  4441586 69
8103664336 IMP  5985410 88
8103741132 IMP  2740400 37
8103796953 IMP  2029652 17
8103875407 IMP  2454736 27
8104400249 IMP  5931982 82
8104520722 IMP  1667113 7
8104573348 Intractable. 12272680 366
8104639986 IMP  6037260 121
8104640538 Intractable. 13373714 779
8104707911 IMP  2123746 10
8104709223 IMP  4371224 41
8104771260 Win  1791240 16
8104880334 IMP  4031357 46
8105096856 Intractable. 13321081 377
8105176300 IMP  4068450 90
8105508924 IMP  1002111 9
8105540505 Win   596045 1
8105726048 IMP   386954 1
8105899554 IMP  9380662 254
8105953654 Win  1330535 4
8106093805 IMP  5473681 84
8106134316 IMP  1389949 4
8106200282 IMP   721762 3
8106298724 IMP 10666285 196
8106519547 IMP  2114465 23
8106595755 Win  4982419 62
8107076804 Intractable. 13339439 317
8107625658 IMP  2251513 17
8107796897 IMP  7761671 177
8107937128 IMP  3152408 21
8108001020 IMP  7812304 114
8108074023 IMP  5025349 155
8108159528 IMP  3509715 32
8108255425 IMP  5514152 131
8108403507 IMP  1667332 7
8108491889 IMP   331236 0
8108653825 IMP  1697758 10
8108678310 IMP  1279168 9
8108779447 Intractable. 13691954 377
8108970006 IMP  1556988 12
8109125635 Intractable. 12825053 357
8109193717 IMP  1519527 6
8109283075 IMP   830666 2
8109483240 IMP  1767422 9
8109771758 Win  9571559 159
8110111811 IMP  1795008 9
8110153177 Intractable. 11986861 348
8110823945 IMP   321368 1
8110882172 IMP  1137169 5
8111177262 Intractable. 14151356 242
8111186795 Intractable. 15344596 286
8111337570 IMP  6693627 61
8111385095 IMP   263550 1
8111400881 IMP  1067514 4
8111413768 IMP  2952004 17
8111454780 IMP  1174846 12
8111594128 IMP  1355467 5
8112264632 IMP  1838262 10
8112331595 IMP   643625 2
8112379073 IMP   878525 2
8113152620 IMP  3550868 21
8113182628 IMP  2078583 11
8113248593 IMP  1123787 4
8113552423 IMP  3068104 21
8113562313 IMP  3860870 36
8113656369 IMP   236125 0
8113715654 IMP  3103544 18
8113826238 IMP  2143219 11
8113895785 Win  2401528 17
8114139142 IMP   610769 2
8114759475 Intractable. 13314647 306
8115230205 IMP  7494074 182
8115251274 IMP  6253241 129
8115391363 IMP  7043790 127
8116150352 Intractable. 12638655 289
8116312620 IMP  1917957 6
8116643629 IMP  3003442 17
8116805397 IMP   726112 2
8116857065 IMP   542877 2
8117001375 IMP   808744 2
8117023084 IMP   599828 3
8117138543 Win  2268659 9
8117569835 IMP  2030092 9
8117704852 IMP   228330 0
8117913120 IMP  1898109 15
8118216849 IMP  1448662 6
8118620281 IMP  9932389 167
8118753796 Intractable. 12559695 342
8118965084 Intractable. 15877291 474
8119799485 IMP  1847250 10
8120179451 IMP   922864 4
8120335794 Win  3421676 14
8120555898 IMP   449070 1
8120581378 IMP  1056131 3
8121317027 IMP   809514 1
8121905365 IMP   995119 2
8122168248 Win  8356908 178
8122357489 IMP  3728346 33
8122637698 IMP   452008 1
8122648042 IMP  2624978 50
8122694461 IMP  9861012 145
8122720224 IMP   618680 1
8122792853 IMP  1500509 5
8122841235 IMP  8029107 195
8122946894 IMP  3574744 35
8123441761 IMP   778859 3
8123486494 Win  3931435 21
8123757433 IMP   284126 1
8124018281 IMP   789438 3
8124166133 Win  1541283 3
8124275241 IMP  7430538 170
8124348160 IMP  2555518 8
8124396867 IMP  1461072 18
8124694435 IMP  1156143 5
8125141809 Win   817425 2
8125229523 IMP  4722214 62
8125793933 IMP  4098693 52
8126056633 IMP  2720788 18
8126123483 IMP  7539757 126
8126175252 Intractable. 13803525 442
8126497470 IMP   378599 1
8127137761 Intractable. 12002208 346
8127313976 IMP  2868803 15
8127339037 IMP  3622614 23
8127434034 IMP  7815175 323
8127656947 Intractable. 13478753 402
8127974560 IMP  1770057 6
8128168901 IMP  9247612 173
8128351360 IMP  8875753 177
8128393239 IMP  1890269 6
8128570625 IMP  4353461 32
8128831372 IMP  1262549 3
8128874255 IMP  2212770 11
8129093821 IMP  2660711 22
8129462408 Win  1602799 8
8129497950 IMP  6211472 84
8129509083 IMP 12292469 290
8129614967 IMP  1783494 30
8130023236 IMP  1756400 11
8130046980 IMP   844960 2
8130224922 IMP   547615 1
8130533694 IMP  1758473 8
8130586978 Win  1717296 5
8130682604 IMP  2138625 10
8130705006 Intractable. 13478738 504
8130760746 IMP  7692409 182
8130765831 Win  1879195 7
8130790655 IMP   608359 1
8130853829 IMP  3548873 73
8130944885 IMP  2399039 24
8131210049 Intractable. 12743497 317
8131236856 IMP  1525486 13
8131323180 IMP   814809 2
8131464887 IMP  3505646 24
8131746008 IMP  3579472 39
8131783982 IMP  1398909 6
8131788303 IMP   993216 3
8132030804 Win   301026 1
8132345303 IMP  4206990 53
8132392449 Intractable. 12224090 570
8132411135 IMP  1422804 5
8132487132 IMP  4213156 37
8132583564 IMP  2017274 11
8132636201 Intractable. 13599999 308
8133145220 IMP  2824063 13
8133410183 Win   188638 0
8133999277 IMP   606576 0
8134183094 IMP  3176187 45
8134765446 IMP   825510 8
8135069669 IMP  1644776 9
8135243722 IMP  1657599 7
8135256087 IMP  1078334 4
8135381770 IMP   631876 2
8135387229 IMP   301035 1
8135488306 IMP  3618046 27
8135666016 IMP   438199 1
8135785033 IMP  5569622 49
8135882193 IMP  4050281 174
8135884910 IMP  1788969 6
8135897145 Intractable. 11763920 401
8136524933 Win   684436 2
8136636626 IMP  1713701 14
8136648525 IMP   827003 5
8136810322 IMP  4638335 81
8136851585 Intractable. 11557757 295
8136932197 IMP  2921875 28
8137009072 IMP  1584664 6
8137364580 IMP   637942 1
8137543794 IMP   926509 2
8137558884 IMP  1210806 3
8137639694 IMP  2461021 11
8137683953 Win 13503843 300
8137745779 IMP  1337194 3
8138059499 IMP  2188146 13
8138482514 IMP  3073912 18
8138516424 IMP  1038284 3
8138897410 IMP  2028487 28
8138922872 IMP  2718726 16
8138986338 IMP   569523 1
8139007794 IMP   853239 3
8139376421 IMP   519538 1
8139566536 Win  3850945 20
8139751066 IMP  3864154 43
8139977358 IMP  2440507 16
8139978545 IMP  1452956 5
8140051810 IMP   431336 3
8140062562 IMP  1443006 6
8140366410 IMP  2590854 13
8140446662 Intractable. 11778708 352
8140690323 IMP  6442045 64
8140927077 IMP  3165053 25
8141118100 IMP  3218062 30
8141188451 IMP  3661696 31
8141351299 IMP  1920973 10
8141352015 Win  2803447 14
8141558590 IMP   847190 3
8141610596 Win   880095 1
8141722896 IMP  8761151 250
8141826314 Intractable. 11286122 592
8142065984 Intractable. 12145967 861
8142140413 IMP  7672978 192
8142295570 IMP   191810 0
8142370174 IMP  1676722 11
8143140688 Intractable. 13133153 312
8143614677 IMP  2793627 20
8144086775 IMP  4143958 69
8144399881 IMP  7924903 148
8144440121 IMP  1682080 10
8144524457 IMP  4064273 47
8144560974 IMP 10642060 228
8144706216 IMP  4582336 43
8144893188 IMP  1157166 5
8144982237 IMP  1192232 22
8145317803 IMP  1758499 6
8145427168 IMP  5137574 56
8145464475 IMP  3538607 31
8145828761 Win  1431841 5
8146155892 Intractable. 14409498 356
8146264626 Win  1228740 6
8146397303 IMP 12408299 410
8146528485 IMP  3096290 52
8146672845 IMP   856309 2
8146976032 Win  6755148 116
8147129060 Win  8192001 380
8147259327 IMP  1990895 24
8147330892 IMP  1528053 13
8147346236 Win  1065640 2
8147374782 IMP   565399 1
8147508351 IMP  1583469 8
8147559350 IMP  3516689 35
8147635211 IMP  1646361 10
8147670423 IMP   895497 3
8147839144 IMP  1155731 4
8148171077 IMP  1604371 6
8148366993 Win  7234281 83
8148411144 IMP  4535849 67
8148922088 IMP  6985566 91
8149218540 IMP   690947 2
8149345333 IMP  5073789 55
8149423753 IMP  1524356 5
8149479552 IMP  1149291 2
8149712969 IMP  1870687 14
8149811172 IMP   258874 1
8149908193 IMP  1767064 16
8150057941 Win  2152485 15
8150065097 IMP  1800132 16
8150326310 IMP 11169580 390
8150547966 IMP  3649871 27
8150729639 Win  2802651 13
8150909797 IMP  1254254 4
8151021362 IMP  4379590 50
8151370837 IMP  1661555 12
8151448509 IMP  3395841 45
8151890616 IMP  1287822 4
8152227279 IMP  4287448 59
8152290288 IMP  2953342 23
8152296654 IMP   784173 2
8152504603 IMP  6628970 81
8152585303 Intractable. 14219368 368
8152895820 IMP  8113014 234
8153190303 IMP  4657478 89
8153241251 IMP   138188 0
8153404594 IMP  4256110 33
8153498375 IMP  2139986 9
8153695780 IMP   499550 1
8153897934 IMP  8968193 140
8153963273 IMP  6330406 64
8154018541 IMP  4711749 38
8154097596 IMP  2505634 40
8154141222 Win  5741587 46
8154213677 IMP  2249001 14
8154602320 IMP  1005238 4
8154811130 IMP  2071782 9
8154932227 Win  2349810 14
8154936574 IMP  4042018 36
8155331802 IMP  1636845 5
8155492689 IMP  8380596 325
8155528749 IMP  2542656 25
8156268751 IMP   325437 1
8156277698 IMP  1216028 5
8156295050 IMP  2181155 16
8156363060 IMP  3234938 23
8156368718 IMP  3406040 25
8156399106 IMP  1045133 4
8156465922 IMP  7547627 126
8156521736 IMP  1702725 5
8156557610 IMP  1187788 4
8156755667 IMP  7890997 151
8157158159 Win   272669 0
8157270935 IMP  3814761 34
8157367897 Intractable. 12264500 334
8157495183 IMP  3484182 42
8157570378 IMP  4504596 41
8157591235 IMP   693651 1
8157711351 IMP   730295 5
8157798994 IMP   929632 4
8158093232 Intractable. 14181162 310
8158122690 IMP  1431732 9
8158393182 IMP  4365211 74
8158563949 IMP  4615512 69
8158709661 IMP  1793469 10
8158810049 IMP  2212369 8
8159159695 IMP  6573428 119
8159207428 IMP  3903802 99
8159217624 IMP    90162 0
8159637624 IMP  1133813 5
8159714266 IMP  3214734 53
8159946975 IMP  1177508 5
8160156320 IMP   596808 2
8160313813 IMP 11628939 211
8160438607 IMP  7744022 169
8160663831 IMP  4823284 31
8160744195 IMP  8107623 241
8160938373 IMP  3021754 17
8160993205 IMP  4435780 56
8161249483 IMP  2075706 8
8161262908 IMP  5512798 86
8161398267 IMP  1762324 17
8161871318 IMP   484770 1
8162729620 IMP  2212519 13
8163003897 IMP  5994207 66
8163205557 IMP   489963 1
8163275808 IMP  7252270 236
8163346785 Win  3130876 15
8163450585 Intractable. 14666493 353
8163712755 IMP  3704310 35
8163941160 IMP  4744016 57
8164030072 IMP  3377763 42
8164430240 Intractable. 13701003 303
8164771950 IMP 12108172 237
8164968739 IMP  4751880 151
8165029159 IMP  7037806 70
8165294159 IMP  3411371 28
8165801881 IMP   653472 2
8165876372 IMP   788909 1
8166038883 IMP  1262900 12
8166756004 IMP  1948878 13
8167055621 IMP  1409654 3
8167067281 IMP  1189534 4
8167286412 IMP  1474098 6
8167666257 IMP  2484751 51
8168061801 IMP   579059 4
8168257881 IMP  5375193 53
8168295054 IMP  4935653 51
8168457151 IMP  1140973 10
8168580569 IMP  7398859 114
8168809871 IMP   629796 2
8169020379 IMP  1217813 3
8169137834 IMP  1471107 4
8169306219 IMP  4877194 38
8169470445 IMP   640372 2
8169523732 Intractable. 12770816 273
8169654391 IMP   989186 5
8169677799 Win  7535298 128
8169761176 IMP  1081616 2
8169788320 IMP  8440516 172
8170049229 IMP   384103 1
8170422576 Intractable. 13324904 550
8170434728 IMP  9955140 230
8170792837 IMP  4604880 66
8170938558 Intractable. 11438822 308
8171176614 IMP  1330491 5
8171435128 IMP  1942885 21
8171479497 IMP  2077518 17
8171663045 IMP  6267552 106
8171757167 Intractable. 14128602 625
8171951677 IMP  3917736 32
8171952171 IMP  1220257 4
8172011985 IMP   857399 2
8172342358 IMP  4168071 25
8172526262 IMP  2291407 19
8172929272 IMP  1891049 8
8172963688 IMP  6381784 79
8172963760 IMP  1214855 3
8172986572 IMP   977689 12
8173024990 IMP  1952816 22
8173136648 IMP  6615643 74
8173321465 IMP  2269289 19
8173349641 Intractable. 15061488 418
8173945249 IMP  1407234 4
8174028658 IMP  1280516 4
8174870953 Win  8601425 184
8175158028 IMP  6923713 53
8175210178 IMP   480648 1
8175573081 IMP  2908521 18
8175681668 IMP  5834766 59
8176429961 IMP 14167320 316
8176497271 Intractable. 14481218 348
8176693179 IMP  3668151 24
8177064490 IMP  5318250 47
8177194056 Intractable. 10883560 263
8177265664 Win  4146308 28
8177393820 Intractable. 11353071 247
8177799267 IMP 11772259 251
8178005192 IMP  3246493 27
8178275277 IMP  2252288 13
8178371804 IMP  4631406 51
8178432820 IMP  3547538 76
8178629003 IMP  3102685 17
8178645831 IMP  7538947 187
8178826251 IMP  7078891 127
8179202417 IMP  1067991 2
8179299706 IMP  1921015 7
8179683114 Intractable. 10984965 417
8179869331 IMP   984705 8
8180141303 IMP  1626337 8
8180197338 IMP  2130374 15
8180231742 Win  2543796 11
8180266286 IMP  1793620 7
8180613850 IMP   630739 1
8180724296 IMP   728929 2
8180923824 IMP  9185764 135
8181061130 IMP  5051667 52
8181165577 IMP  1428803 8
8182072536 IMP  7620148 270
8182860172 IMP  1267171 4
8182973504 IMP  3128568 24
8183537301 IMP    73194 0
8183590664 IMP  4925436 96
8183664005 IMP   866374 2
8183705162 IMP   673284 2
8183915498 IMP  1645412 5
8184064011 IMP  3319520 21
8184144522 IMP  5694168 150
8184264621 IMP  1487891 13
8184447450 IMP  3671329 20
8184503996 IMP  5387332 49
8184598576 IMP   937989 2
8184799278 IMP  1839230 9
8184835978 Intractable. 12937630 385
8184917931 Intractable. 11632621 227
8185315926 IMP  1004010 4
8185317031 IMP  6364079 201
8185444945 IMP  3885691 99
8185493210 IMP   270030 1
8185524005 IMP  1446513 12
8185574596 Win   489174 2
8185581684 IMP  8599602 267
8185708773 IMP  2518108 13
8185731744 IMP  1677955 8
8185993129 IMP  4649322 52
8186044759 IMP  1856474 12
8186459172 Intractable. 12458572 416
8186461872 IMP  2223953 87
8186501651 IMP  2891409 13
8186554422 Intractable. 12574817 462
8186662986 IMP  4027048 39
8186668795 Intractable. 13472720 285
8186731317 IMP  4722030 103
8187124435 Win  1154588 4
8187754971 IMP  2607788 10
8187845288 Win  1584545 5
8188014129 IMP   966123 2
8188127126 Win   413357 1
8188288720 IMP  3543805 17
8188388488 IMP  1327480 3
8188951960 IMP  1356230 6
8189297833 IMP  5823525 80
8189441131 IMP  1635641 6
8189737494 Win   836791 3
8190492124 IMP  1886229 19
8190522840 Intractable. 13047879 419
8190567224 IMP  1078612 5
8190846452 IMP  1855720 11
8191148793 IMP  1898700 8
8191327047 IMP  6476722 117
8191409322 IMP   907728 3
8191474446 IMP  1674489 6
8191703287 IMP 12050867 245
8191723731 IMP  6077415 59
8191833985 IMP   593193 3
8191858074 IMP  1169628 3
8191959754 IMP  1966573 9
8192151531 IMP 12284812 333
8192221141 IMP  5444332 49
8192297985 IMP  1607021 10
8192484300 Intractable. 11161320 357
8192940899 IMP  4360411 36
8193144796 IMP  9799273 199
8193350652 Intractable. 13319761 375
8194063064 IMP  1200779 2
8194192046 IMP  3191146 52
8194444052 IMP  2961301 18
8194816692 IMP  7922213 155
8194864373 Intractable. 12834375 280
8194896172 Win  7048423 74
8195938996 IMP  5183049 47
8196022034 IMP  8917638 200
8196049483 IMP  1236116 2
8196354114 IMP  1930407 12
8196384776 IMP  1492109 6
8196456892 IMP  5230816 74
8196467960 IMP  3369589 30
8196493474 IMP  4265104 42
8196570255 IMP   452426 0
8196603320 IMP  2228604 23
8196914901 IMP  6793629 93
8197093495 IMP 12768532 354
8197113468 Intractable. 14195330 350
8197114363 IMP  1029867 3
8197118868 IMP  1859698 7
8197160193 IMP  1895988 7
8197378913 IMP  1670465 6
8197391307 IMP  4474115 58
8197541800 IMP 10256416 174
8197832877 IMP  3210431 16
8198301134 IMP  1957272 9
8198513104 Win  3746610 34
8198616033 IMP  7397762 187
8198689496 IMP  2969842 16
8198693143 Win  2463867 11
8198765334 IMP   941427 3
8198924762 IMP  9002161 239
8198927220 IMP  2903157 18
8199310082 IMP  4293381 341
8199332657 Win   140531 0
8199379461 IMP  3133037 21
8199439947 IMP  1849750 6
8199941848 IMP  4877870 33
8200034739 IMP  1335158 5
8200054916 IMP  1019191 2
8200132521 IMP  1863816 10
8200354062 IMP  9510983 401
8200617610 IMP  2759774 15
8200619975 IMP  2770638 23
8200859330 IMP  1511799 5
8200881630 Intractable. 13261904 292
8201134450 IMP  2454612 25
8201170480 Intractable. 14082440 390
8201431739 IMP  1895733 13
8201491582 IMP  1631809 12
8201505243 IMP  4853586 42
8201604468 Win  6886285 92
8201816908 IMP  3195056 32
8202043355 Win  2256343 9
8202214297 IMP   976434 3
8202360425 IMP  2491246 17
8202457116 IMP  1320573 8
8202671147 IMP  2579164 19
8203348644 IMP 11551526 278
8203382945 IMP  1869465 13
8203686085 IMP  2062776 22
8204100372 IMP  4070792 39
8204380112 Win  3467190 15
8204395158 Win  3801086 33
8204504504 IMP  5335264 48
8204505112 IMP  3335774 37
8204521813 IMP  5043343 53
8204542431 IMP   413109 1
8204743408 IMP   937848 6
8205003474 IMP  2078065 9
8205008588 IMP  4857857 52
8205382937 IMP  1304542 7
8205569963 IMP  7547259 355
8205638387 IMP 10572858 319
8205894317 Win  1740901 9
8205897250 IMP  3781991 48
8206157616 IMP  6225104 74
8206183291 IMP  4206556 35
8206345222 IMP  4080391 30
8206402912 IMP   517792 2
8206608319 IMP   364277 1
8206627430 IMP  4316982 52
8206662250 IMP 12777577 411
8207400620 IMP   444975 1
8207455068 IMP   398093 0
8207496489 IMP  6923370 99
8207570836 IMP   647031 2
8207662535 IMP  1748791 4
8207804909 IMP  1118287 6
8207815219 IMP  3915928 48
8207903795 IMP   699012 2
8207996885 Win  2236985 22
8208013923 IMP  3224030 69
8208020919 IMP   775980 6
8208125696 Intractable. 12453766 407
8208525790 IMP 11352766 266
8208547794 IMP  1368347 5
8208823784 IMP  2573125 24
8209102356 IMP  1933809 8
8209256993 IMP  1631563 8
8209365302 IMP  2496794 11
8209416812 Intractable. 12994991 277
8209463428 IMP  1465312 16
8209561967 Win   543888 1
8209572025 IMP  3167033 40
8209620585 IMP  6976160 71
8209738005 IMP  1630939 23
8209775175 IMP  4747764 36
8209786713 IMP  3286858 46
8209863605 IMP  4296273 54
8210082339 IMP  8344067 146
8210533196 IMP   418872 1
8210873237 Intractable. 14296318 410
8211051099 IMP  2040443 13
8211387567 Intractable. 13562800 337
8211486438 Intractable. 12582246 433
8211602262 IMP  6496487 202
8211654675 IMP   735696 4
8211845139 IMP  8302199 167
8211888558 IMP  1217956 4
8212034575 IMP  2365482 12
8212255453 IMP   867884 2
8212363699 IMP  4947895 56
8212514911 IMP   215114 0
8212992747 IMP  1101712 4
8213044673 Intractable. 12017342 324
8213981961 IMP   651489 1
8213983890 Intractable. 13024660 410
8214458841 IMP   565861 1
8214520942 IMP   301175 1
8214549222 Intractable. 11801673 319
8214741615 IMP  2093122 24
8214905765 Win  4189874 35
8214932499 IMP  1849540 8
8215182153 IMP  1882930 8
8215262659 IMP  4740414 49
8215565216 IMP  1631082 6
8215652611 IMP   916764 3
8215968124 IMP  2032848 10
8216115146 Win   512938 1
8216128017 Win  6842096 98
8216207764 IMP  3089946 34
8216235465 IMP  3543223 22
8216290797 IMP  3234700 52
8216344597 Win 13888323 359
8216390867 IMP  1874529 6
8216567340 IMP  1652227 6
8216790090 IMP  6935249 309
8216793440 Win  3639548 23
8216906024 Win  1230746 5
8216930153 IMP   466086 1
8217150744 IMP  8524026 117
8217290701 IMP 10402795 220
8217296683 IMP  2023062 10
8217451770 IMP 10193234 346
8217575065 IMP  4930318 68
8217635158 IMP  5174749 68
8217738068 IMP  2468308 23
8218199062 IMP  2646923 28
8218327415 IMP  1371370 5
8218383545 Win  3603368 21
8218428239 IMP  3914896 16
8218436372 IMP  1538213 8
8218494442 IMP  1547038 10
8218593229 IMP  9073139 110
8218879461 IMP  1818063 13
8218963120 IMP  4577254 48
8218971411 IMP  1563421 16
8219042098 IMP  1934166 6
8219052203 IMP   358948 1
8219255018 IMP   896804 3
8219554871 IMP  6628749 79
8219915348 IMP  2341994 8
8220053208 Win   285037 1
8220598760 IMP   861298 4
8220614491 IMP  6565267 74
8220664600 IMP  1531282 23
8220705324 Win   723338 1
8221088636 IMP  2337820 27
8221100906 IMP  4961927 54
8221357144 IMP  1355203 8
8221990344 IMP  3964377 21
8222089810 IMP    47915 0
8222116936 IMP  2590138 10
8222398631 IMP  5466461 66
8222475457 IMP  6497967 75
8222567456 IMP  4669296 81
8222900080 IMP 10511468 593
8223097198 IMP  3889438 32
8223211464 IMP  1364822 6
8223280153 IMP   917222 3
8223490787 IMP  2550488 11
8223624572 IMP  4192496 64
8223679959 IMP  8018874 165
8223725244 IMP   814348 2
8224604277 IMP  2791207 24
8224688748 IMP   614922 1
8224696500 IMP  2155375 6
8225031888 IMP   502046 2
8225053771 Win  2248794 12
8225183601 IMP  4839005 73
8225281372 IMP  8144279 261
8225784302 IMP  7800068 171
8225982154 Win  1181918 3
8226224566 IMP   662081 3
8226247099 IMP  3492499 36
8226515573 Intractable. 11727680 566
8226583226 IMP  2793973 21
8226689805 IMP  3933878 68
8226814804 IMP   935973 4
8226910052 IMP  4392568 45
8227184923 IMP 12288368 377
8227220276 IMP  2960813 24
8227355556 Win  1226903 3
8227466071 Intractable. 11636665 295
8227708204 IMP   996249 3
8227761311 IMP  1140485 3
8227772357 Win  1390430 4
8227780283 IMP  2340416 13
8227817555 IMP   387132 0
8227839312 IMP  2225665 12
8228021548 IMP 12544975 343
8228132847 IMP  1422644 9
8228224093 IMP  2241708 12
8228256019 IMP 11502692 320
8228291948 IMP  7394543 158
8228467671 IMP  1649402 7
8228558020 IMP  4045835 71
8229003187 IMP  5713680 58
8229043762 IMP  3986383 34
8229384956 IMP  3745336 42
8230207225 IMP   776134 2
8230227585 IMP  1044562 5
8230482346 IMP  3472839 26
8230503432 IMP  8994887 276
8230596972 IMP   822109 2
8230633854 IMP   544686 1
8231241699 Intractable. 11836584 349
8231617985 IMP  2914935 57
8231881763 IMP  3300394 16
8231888153 Intractable. 13471926 506
8232044212 IMP  1009654 3
8232179842 IMP  2377386 11
8232380742 Intractable. 12042754 344
8232449744 IMP  2272272 22
8232542238 IMP   490834 2
8232950386 IMP  1752464 26
8233060012 IMP  1378771 4
8233492183 IMP  3833073 30
8233494103 IMP  2066205 30
8233583589 IMP   635738 3
8233591945 IMP  1024469 3
8234085600 IMP  1837932 6
8234709261 IMP  2193842 10
8235064706 IMP  2956607 26
8235160464 IMP  2054090 7
8235199483 IMP  6056988 114
8235294492 IMP  5987032 111
8235453549 IMP  7983476 112
8235455925 IMP  2310489 9
8235458672 IMP  1906323 12
8235466472 IMP   714684 2
8235925389 IMP  1570748 7
8235945058 IMP  4643110 48
8236175016 IMP  8243572 161
8236385316 IMP  2426859 11
8236402401 IMP  2839234 14
8236681493 Win  2611414 18
8236909192 IMP  2162605 10
8237175652 IMP  2514965 29
8237284948 IMP  1817458 11
8237331472 IMP  5609322 54
8237444569 Intractable. 12454164 291
8237676137 IMP   829248 2
8237715839 IMP  8418397 117
8238573523 IMP   828393 3
8238605958 IMP  8167006 96
8238702512 IMP  4509271 46
8238706467 IMP 11973093 202
8238885176 IMP  1418390 7
8238993902 IMP   170688 0
8239112614 Intractable. 10817684 274
8239126291 IMP  4046504 38
8239342950 IMP  5907163 83
8239672497 IMP  2889309 12
8239709944 IMP  2187680 9
8239766630 IMP  2198414 21
8240271374 IMP   532570 1
8240363734 IMP  2642330 22
8240518073 IMP  2212925 23
8240565062 IMP  1355069 8
8240608086 IMP  3621432 23
8240682503 IMP  2972229 23
8240949171 Win 10101535 293
8241024300 Intractable. 13329672 279
8241353248 IMP   907254 10
8241419986 IMP  1294583 3
8241601165 IMP   687753 2
8241622851 IMP  1111118 9
8241640420 IMP   552380 1
8241660511 IMP  2124454 21
8241771664 IMP  2955563 43
8241818293 IMP   457601 1
8241932260 IMP  1672719 7
8241965996 IMP  2046059 19
8242275293 IMP  1786323 8
8242470164 IMP   806011 3
8242554266 Intractable. 15439207 312
8242560015 IMP  2833076 32
8242739775 IMP   978384 4
8243058625 IMP 10337431 289
8243126317 IMP  2721723 12
8243143888 Intractable. 12493696 597
8243243947 IMP  1504595 6
8243277441 IMP   487427 0
8243512275 IMP  3108503 44
8243611417 IMP  3776660 22
8243692407 IMP  2600230 27
8243748224 IMP  3651933 31
8243795293 IMP  1848764 7
8243845655 IMP    71801 0
8243885811 IMP  6604087 85
8243915147 Intractable. 12901850 363
8243987584 IMP  2057806 8
8243993747 IMP   379203 1
8244068323 Intractable. 13469769 455
8244129303 IMP  1449388 8
8244129522 Intractable. 12087588 535
8244183068 IMP   862590 2
8244540024 IMP  3050898 19
8244554378 Intractable. 12573327 427
8244590739 IMP  1004025 2
8244653149 IMP  2880872 30
8244947170 IMP  1839052 14
8244971771 IMP  3637696 23
8245056422 IMP  7523716 111
8245073735 IMP   790516 2
8245358714 IMP  6176918 86
8245457537 IMP  8079601 122
8245510918 IMP  5938827 67
8245815268 IMP   292943 0
8246106048 IMP  2844404 24
8246355235 IMP  3015078 16
8246475348 IMP  1387493 15
8246562953 IMP  3763799 27
8246711960 IMP  7191492 75
8246726073 Intractable. 13658203 369
8246953630 IMP  3149937 34
8247185122 IMP  3226226 22
8247280054 IMP   803065 3
8247575301 IMP  1909860 10
8247641560 IMP  9248066 342
8247842537 IMP 10201765 250
8247884475 IMP  2004687 9
8247892102 IMP  5924444 135
8247998277 IMP  9495096 508
8248040476 IMP  1460324 16
8248164422 IMP   818538 3
8248298196 Win  5153875 38
8248541526 Intractable. 13062469 590
8248548120 IMP  1229018 4
8248790665 IMP  6307023 63
8248877192 IMP   846605 2
8248894979 IMP   895352 10
8248971513 IMP  1289539 6
8249244404 IMP  6615840 267
8249401020 IMP  5313005 42
8249577637 Win   903021 4
8249664651 IMP   547207 1
8249796352 IMP  8052332 183
8249838717 Win   386275 1
8249861232 IMP  4645797 56
8249947047 IMP   551885 2
8250088936 IMP  1668212 9
8250098419 IMP  1420210 5
8250209454 IMP  1551659 4
8250361826 IMP  3796125 20
8250391378 IMP  2186109 24
8250454373 IMP  4118512 110
8250653742 IMP  4527274 55
8251013769 Intractable. 12298879 319
8251226274 IMP  4553224 51
8251331436 IMP  6074261 78
8251391059 Intractable. 14546388 320
8251508698 IMP   871224 4
8251750535 IMP  2320987 23
8251984040 IMP   520025 3
8252436139 IMP  1471720 9
8252713176 IMP  1870466 18
8252772204 IMP  7733516 104
8253300205 Win  6797829 120
8253537539 IMP   998577 2
8253640865 Win  2039124 7
8253972279 IMP  1267203 5
8254086593 IMP  2331192 14
8254119808 IMP   974291 2
8254190376 IMP  1851179 21
8254349926 Intractable. 13057426 428
8254703596 IMP  1536809 3
8254720829 Intractable. 11272685 698
8254797147 IMP   602369 1
8254822457 IMP  8621861 196
8254987239 IMP  4065013 39
8255001862 IMP  1890757 30
8255097691 IMP  3449808 30
8255706553 IMP  2801006 23
8255740319 Intractable. 15034694 377
8256149963 IMP  4637756 69
8256170396 IMP  2673235 15
8256559151 IMP  9546082 246
8256696922 IMP  3420155 46
8256814515 IMP  6180855 76
8256928467 IMP  1788693 10
8257158387 IMP  1061503 4
8257213716 IMP  1640185 10
8257234519 IMP  1480775 6
8257287002 IMP  2357629 10
8257974728 IMP   806987 3
8258008580 Win  6562596 173
8258680712 Win  4779938 36
8258824557 IMP  2429950 10
8259120636 IMP   226973 0
8259288274 IMP  2055063 22
8259374803 IMP   290422 1
8259789470 IMP  1035670 9
8259877340 IMP  4015863 47
8259967396 IMP  5022781 67
8259997393 Win  4241001 33
8260036801 IMP  1058528 3
8260040963 IMP  7376790 372
8260189290 IMP  3572889 49
8260326553 IMP  1916333 9
8260591719 Intractable. 12415598 253
8260636304 IMP  9243876 296
8260860604 IMP  2832876 22
8261155726 Win  1337424 3
8261185936 Win  3428625 25
8261384209 Intractable. 12500706 355
8261750130 IMP  6910743 149
8261948219 IMP  5163224 42
8262006995 Intractable. 13243565 323
8262015625 IMP  1628657 8
8262045735 IMP  8508811 175
8262183875 Win  3041332 22
8262467923 IMP   191233 0
8262521363 IMP  1674006 15
8262615930 IMP  1475014 6
8262681005 IMP  2168180 9
8262722416 Win  3479993 25
8262797712 IMP  2083066 13
8262868605 IMP   697290 4
8263021470 Win   826442 3
8263041884 IMP  2148147 10
8263304636 IMP   671596 1
8263530576 IMP  5389075 74
8263879540 IMP 13401287 532
8263932537 IMP  6920387 187
8264223072 IMP 12258394 305
8264367497 IMP  2565402 17
8264645814 Intractable. 15444221 346
8264744275 IMP  4178380 24
8264792663 IMP  4426794 25
8265050821 IMP  1831592 8
8265084025 IMP  6006562 81
8265176914 IMP  4500702 26
8265346166 IMP  3088081 21
8265468193 IMP  1865424 8
8265556789 IMP  1406363 7
8265645675 IMP  3149153 17
8265712127 IMP  2488461 14
8266164121 IMP  1716566 9
8266427241 IMP  2023181 8
8266702201 IMP  8289513 107
8266954466 IMP  2784208 15
8267131471 IMP  5000345 59
8267602451 Intractable. 12729272 328
8267800203 IMP  2705003 19
8268063125 IMP  4057208 65
8268105960 Win  6293151 61
8268243936 IMP   972750 8
8268313051 Intractable. 13808391 329
8268413192 IMP  3160600 15
8268463762 IMP  1906381 8
8268633898 IMP    82498 0
8268656752 IMP  1238106 3
8268763634 IMP  5912244 61
8268809875 IMP  8744986 228
8268831748 IMP    54415 0
8268900661 IMP 11583549 234
8269020100 Intractable. 11632295 409
8269058899 IMP   545275 0
8269316713 IMP 10894483 237
8269483231 IMP   786521 1
8269605579 IMP  3805053 31
8269737514 IMP  8692843 217
8269861791 IMP  1559771 5
8269932543 Win   277823 1
8270085953 IMP  4574489 83
8270110043 IMP  3821808 59
8270162784 Intractable. 12949516 276
8270222905 IMP   666045 1
8270422884 IMP   822580 4
8270591645 Win  1443440 6
8270713010 IMP  1887021 8
8270820162 IMP   825485 2
8271187673 IMP  4925935 77
8271291187 IMP   697412 1
8271382072 IMP  3803415 29
8271387793 IMP  1739427 6
8271580937 IMP  2116867 12
8271629049 IMP   598997 1
8271982349 IMP  8923449 139
8272112057 IMP  4551898 37
8272178132 IMP  3581582 24
8272382865 Intractable. 11502615 392
8272548601 Intractable. 12309059 238
8272737314 IMP  7781379 134
8272891321 IMP  5475373 136
8272908797 Win  2355809 13
8273088629 IMP 12800798 449
8273128130 IMP  3443477 70
8273144936 IMP  6780573 145
8273270599 IMP   859077 2
8273318538 IMP  6808823 76
8273407206 IMP  1044792 3
8273410339 IMP   489555 0
8273483789 IMP  3388342 59
8273900081 Intractable. 12679756 291
8274591660 IMP  6939064 88
8274595195 Win  3376971 30
8274817554 Intractable. 14807462 839
8274873035 IMP  6413590 111
8275312556 Intractable. 15443919 304
8275432507 IMP  3362663 30
8275717612 IMP  2505977 16
8276068449 IMP  1562652 8
8276091085 IMP  3198151 35
8276228042 IMP 12933554 404
8276346107 IMP  7565461 90
8276627031 IMP  1956336 17
8276717954 Intractable. 11374152 417
8277240114 Win  9254168 107
8277565869 IMP   987098 5
8277790043 IMP  1489737 6
8277900619 IMP  1476781 4
8277995925 IMP   565090 1
8278178717 IMP  4910754 121
8278197786 IMP  2212533 10
8278284222 IMP   504788 1
8278468661 IMP  2493665 20
8278505932 Intractable. 13955537 571
8279150007 IMP  1263171 10
8279393202 IMP  1143326 4
8279798595 Intractable. 11011952 208
8280276025 IMP  1366076 7
8280536146 IMP  2982437 15
8280771476 IMP  2808733 12
8280951250 IMP  4986624 55
8281260250 IMP  4783388 30
8281291934 IMP  1511102 5
8281902270 IMP 10533445 195
8281991594 IMP   544919 2
8282277667 IMP  3499908 29
8282294169 Win   290223 0
8282467499 IMP  5909693 76
8282733466 Intractable. 12363788 326
8282890633 IMP  1257313 5
8282995869 IMP   119011 0
8283480126 IMP   958341 2
8283936109 IMP  8744604 236
8283965245 IMP  1518124 12
8284166249 IMP  5456585 48
8284257102 Intractable. 11020466 312
8284802518 IMP 11153653 187
8284831802 Win   115258 0
8285459290 IMP  8700217 102
8285861366 IMP   369881 0
8286080712 Intractable. 11174576 335
8286252213 IMP  2407290 24
8286295835 Intractable. 14587071 404
8286530469 IMP  5976421 38
8286629108 IMP  2828830 16
8286737281 IMP   960261 3
8286767274 IMP  3947845 27
8286789548 IMP  1740396 12
8287350095 IMP  2865592 11
8287858640 Intractable. 13240614 523
8288471851 IMP  1774583 5
8288673648 IMP  1215523 3
8288679742 IMP  5394035 77
8289320638 Intractable. 12383903 309
8289369915 IMP  7834632 155
8289528189 IMP   502242 1
8289530249 IMP    51814 0
8289926260 IMP  5533561 50
8290000879 IMP  2430818 15
8290104956 IMP  2617627 12
8290111050 IMP  3298831 13
8290125173 IMP  2157986 27
8290523059 IMP  8284642 220
8290605654 IMP  1417652 5
8290663083 IMP  1139074 3
8290732739 Intractable. 13957835 362
8290749539 IMP  2145868 10
8291048144 IMP  2325583 12
8291487151 IMP  7382943 133
8291658142 Win  1398707 3
8291906269 IMP  1601088 8
8291946503 IMP   530541 1
8292131747 IMP  1037465 2
8292203615 IMP  1638718 8
8292223943 IMP  5559791 72
8292385789 IMP  2992312 20
8292530889 IMP 13844831 350
8292554073 IMP 10444895 260
8292729274 IMP  1472225 3
8293036612 IMP  2779065 23
8293090463 IMP  1165869 3
8293274087 IMP  1568936 10
8293513281 IMP  1093194 3
8293777432 IMP  1191210 3
8293842080 IMP   582995 1
8293993521 IMP   377410 2
8294005269 Win  4372418 28
8294031173 IMP  1815193 9
8294488728 IMP  1296301 4
8294564984 IMP  1283721 6
8294575539 IMP  1711728 8
8294754530 IMP 11011553 174
8295378635 IMP  2497074 20
8295494066 IMP  3006268 18
8295662850 IMP  2375807 16
8295678662 IMP  4675541 42
8295683932 IMP  7384822 138
8296111930 IMP   450914 1
8296439610 IMP  6753210 120
8296485231 IMP  2299504 18
8296613969 IMP  1932692 7
8296695935 IMP  1742840 6
8296720326 IMP  5644621 45
8296824366 IMP  1306134 3
8296870446 IMP  6133869 51
8297037576 IMP  3302088 28
8297117976 IMP  1870689 6
8297223451 IMP  7033343 98
8297289208 IMP  1756487 5
8297452200 IMP   793306 1
8297487444 IMP   826041 2
8297498025 IMP   431942 1
8297607029 IMP   244275 0
8297999777 IMP  8125993 187
8298253903 IMP   744919 1
8298458476 IMP 10333863 201
8298595548 IMP  2710433 27
8299786664 IMP   937073 2
8299887956 IMP  1203249 4
8299909761 IMP  1342412 8
8299933997 IMP  1575634 12
Number of Freecells: 3   Mode: 

Winnables: 131
Impossibles: 1466
Intractables: 167
Total time: 40 Hours, 53 Minutes, 2 Seconds
