450008150 IMP  1835060 10
450116713 IMP  1668707 4
450246162 Win  2236707 13
450263386 IMP  3391785 23
450270892 Win  2120553 9
450343457 Win    89830 1
450399925 IMP  2710693 23
450423118 IMP  1028931 2
450462547 Win    61175 0
450490566 Win   258348 0
450511625 Win  2336809 10
450546625 IMP  1299492 8
450575561 Win  5738862 45
450579526 Win  1681331 5
450638369 Win    42001 0
450760447 Win     8229 0
450820761 IMP   639172 3
450869858 Win 11799150 199
451096773 Win 11834488 321
451173125 Win    49854 0
451184126 Win   939504 4
451198887 Win  1430927 4
451262453 Win  1327968 4
451380982 Win  3923457 38
451425373 IMP  1014039 3
451479763 Win   331985 1
451507559 Win   310201 0
451549618 Win   913845 2
451646958 Win  1808855 6
451690487 Win  1418948 5
451733372 Win  2504349 9
451749520 Intractable. 15903998 569
451888661 Win  4388225 33
451997863 IMP  1319652 4
452004298 Win  1609927 4
452143635 Win    46619 0
452145805 IMP  3527944 14
452169935 Win  1366918 6
452194817 Win  1427502 8
452219585 IMP   242635 1
452251450 Win  2398060 13
452414180 IMP  1854664 13
452420806 IMP  2281065 9
452445521 Win    86474 0
452496622 Win     1304 0
452538579 Win  1634168 8
452545086 Win  3751639 24
452588935 IMP  2317064 12
452729822 Win  2027850 8
452761834 Win    48636 0
452780966 Intractable. 13350650 668
452842105 IMP  2560864 16
452863111 Win  2893340 43
452933720 Win  2123851 9
452978613 IMP   977058 6
453020448 Win   872194 1
453278937 Win  2759019 43
453350192 Intractable. 13073117 269
453515529 IMP  5104673 112
453661029 Win  2136830 13
453687558 Win   453216 1
453733326 IMP  3341900 29
453753349 Win  8024542 94
453872112 IMP 12629164 552
453976313 IMP   804125 2
454043738 Win   205691 1
454081523 Win  8103075 124
454106390 IMP  1815662 11
454142781 IMP  9585094 931
454174204 IMP 13045497 450
454206687 Win  1282844 7
454294910 Intractable. 13561746 378
454335327 IMP 12491258 258
454360019 Win    58774 0
454407045 Intractable. 14241068 292
454488488 Win 12813260 243
454491029 Intractable. 13915033 377
454579835 Intractable. 12781571 381
454587536 Win  8555739 166
454735395 Win  5677139 59
454738475 Win    20090 0
454748740 Win  2499442 15
454824746 Win  2926025 26
454874917 Intractable. 12254417 338
454877645 Win  2143931 23
454878516 Intractable. 12630046 328
454887765 Win    74810 0
454923993 IMP  2445026 39
455078550 Win  8337689 188
455138629 Win     9686 0
455211067 IMP  6757893 149
455222429 Win  1337499 4
455247017 Win   528147 1
455429928 Win  9804242 135
455446575 Win    67184 0
455557986 Win   267053 0
455568502 Intractable. 13406262 392
455608353 Intractable. 13520670 427
455655283 Win    17466 0
455735536 IMP  1714852 13
455765964 Win  4081868 29
455831465 IMP  1033355 3
456010248 Win    75612 0
456047046 IMP  1719245 13
456089499 Win   292520 1
456110594 IMP  6683945 85
456187539 Win  4199559 23
456240168 Win  1842617 9
456282899 IMP  6350423 71
456374088 IMP  1632290 5
456407265 IMP   340762 1
456427649 Win     2938 0
456487447 Win   943846 2
456596988 Win   882415 2
456726943 Win    63737 0
456728970 Win     6192 0
456755108 Win  4036247 25
456908173 Win   342804 1
456911242 Win  1178387 7
456971084 Win  1785363 5
457015761 IMP  2404867 11
457064221 Intractable. 10144331 354
457161944 Win   401135 1
457262048 IMP   744977 3
457310619 IMP   799061 2
457338726 Win  6462750 86
457343824 Win   693935 1
457374755 Win  3096264 15
457423640 Win  1410090 5
457447930 IMP  3634974 20
457455031 IMP  4247580 37
457507207 Win  1748907 5
457600423 Win   341869 0
457623380 IMP  4006359 44
457874587 Win   223366 0
457929470 Win   182724 0
457968725 Win   399618 1
458000167 Win   127008 1
458074575 IMP  3624000 19
458142263 Win   116351 1
458147964 IMP  6507247 70
458286127 Win  2434828 10
458377431 IMP  1466434 13
458545650 Intractable. 13557023 255
458571809 Win  6714616 173
458576829 Win  7998813 156
458585326 Win   394079 1
458622644 Win  1342096 7
458625364 Win   873223 3
458642115 IMP   636915 2
458730244 Win  6844238 86
458842280 Win   164316 0
458953890 Win   609931 2
458981355 IMP  3800287 32
459092192 IMP  3340552 58
459185469 Win  2121361 6
459322973 Win  2148888 9
459358544 Win  2801225 18
459467616 Win  2169214 7
459642637 Win  1167796 4
459760238 IMP   284099 0
459765090 Win   403329 1
459773874 Win  2900919 24
459776226 Win    91386 0
459783456 IMP  1263243 5
459988989 Win  2662670 12
460079904 IMP  1183624 4
460106277 Win  4681214 29
460123573 Win  2573872 14
460171420 IMP 11608956 641
460181602 IMP  2235259 9
460195889 Win  2438349 7
460259541 Win  1828937 6
460323547 IMP   483314 1
460404058 Win  1207815 3
460416481 Win 12603364 238
460437528 Win  1332069 4
460456311 IMP  4359724 40
460463078 Win   300928 1
460468854 Win   193525 0
460483433 IMP  1214677 8
460508528 Win    19653 0
460518722 Win   306987 1
460575894 IMP  4094600 38
460619071 Win  6673573 57
460790561 IMP  1283399 3
460817127 IMP  2464726 21
460960384 Intractable. 13558455 355
460969641 Win     1269 0
461016223 IMP  1667489 6
461027416 IMP  7441028 171
461032366 Win  2060164 7
461041038 Win   578065 1
461050601 Intractable. 10934154 415
461084317 IMP  1281284 7
461084558 IMP  3872260 49
461095579 Win   161365 0
461096171 IMP   514735 2
461231697 Win   961194 5
461240490 Win   701447 1
461325216 Win     7577 0
461343246 Win  1341437 5
461375293 Win   525284 1
461433890 Win    13579 0
461751743 Intractable. 12926814 488
461786348 Win  3572032 45
461885911 IMP   306035 0
461985377 Win    36916 0
461999672 IMP  2992246 19
462056985 IMP  4382662 50
462094466 IMP  3743053 39
462166059 IMP    45174 0
462215460 Win  2659121 17
462386857 IMP  3577029 26
462445266 IMP  3634532 29
462463048 Win  2815929 17
462593220 Win   688760 1
462767904 Intractable. 12029681 291
462792255 Win    34807 1
462835946 Win  1747028 4
462907864 Win  1218730 3
462910204 Intractable. 12957255 352
462986525 IMP  2553897 18
463036625 IMP   849310 1
463155382 Win  3467275 18
463168739 IMP  8784412 148
463214279 Win  1476546 7
463387176 IMP   502674 2
463412507 Win  2111387 6
463431592 Win  8733561 107
463500416 Intractable. 13332631 331
463546060 Win   473229 1
463549455 Win  3401051 24
463641979 IMP   736922 4
463725282 Win  1462223 8
463731714 Win  7504681 131
463766495 Intractable. 13639062 340
463788154 IMP  4761981 32
463814264 IMP  6061015 83
463866074 Win  1036095 3
463891020 IMP  1093317 2
463992607 Win   282779 1
463993910 Win  2084146 12
464039205 Win     6508 0
464164873 IMP  3798595 30
464198913 Win  6021789 54
464256766 IMP  6492518 108
464259901 IMP  7323890 116
464287633 Win  9641057 147
464351601 Win    30445 0
464360179 Win  5026439 54
464385894 Win   237905 0
464404238 Win   133762 1
464459777 Win    38257 0
464478167 IMP   500065 1
464494802 IMP  2516009 16
464551472 Win  1077841 3
464576284 Win  2744260 18
464586654 Win   627199 2
464590720 Win  4263925 31
464600124 Win   321658 1
464693485 IMP  1740723 6
464725259 IMP  1450597 6
464761403 Win  4047486 34
464786939 Win  5612889 90
464788078 Win    35456 0
464869397 IMP  5271437 77
464895239 IMP   645316 3
465114445 Win    19862 0
465141471 Win   288238 0
465231266 IMP  7649458 146
465268945 IMP    26241 0
465291298 IMP   417294 1
465297652 Win   274792 0
465301571 IMP  1428365 8
465303075 Win  1659394 4
465397860 IMP  2822671 18
465674395 IMP  1118984 3
465678207 Intractable. 14713108 360
465684510 Win   684590 1
465721085 Intractable. 13424045 307
465721765 IMP  2495913 50
465865325 Win 11867400 233
466173859 Intractable. 12651930 264
466187255 Win  2750710 13
466212324 Win    22225 0
466308249 Win   123504 0
466331858 Win  1523529 6
466381619 Win   447789 1
466402960 IMP  2022145 10
466476635 Win   186716 0
466482188 Win   116759 1
466500607 Win  1622643 5
466538440 Win     3288 0
466562934 Win  2157291 10
466605246 Win   410464 0
466641776 Intractable. 12601765 345
466702793 Win  1987898 6
466780930 Win   538131 1
466895772 Win  2468432 9
466910626 Win  1152277 4
467027372 Win 10702735 171
467094244 Win   747408 2
467161554 Win  1968726 7
467192829 Win  1711631 6
467246016 IMP  1868015 8
467280715 Win  2942970 47
467345945 Win  1429013 7
467465507 IMP  8698479 200
467526078 Win   639406 4
467591021 Win  2231826 9
467595407 Win    88408 0
467663144 Win     1436 0
467698220 IMP  1320041 16
467763837 Intractable. 11946583 826
467863552 Intractable. 13524866 362
467885394 Win  1961647 8
467899529 Win  1098418 3
467937147 IMP  4200072 45
468031933 Win 10851612 252
468039820 Win   197274 0
468065427 Win   328056 1
468284313 Win    70846 0
468351986 Win   803494 2
468354149 IMP  2418813 12
468460990 Win  1008266 4
468552080 Win  6633664 86
468617099 Win  1516185 4
468621796 Win   359743 1
468627717 Win   298968 0
468692139 Win  6959780 85
468698127 Win  1804524 7
469046575 IMP  4939017 74
469074409 IMP  4034718 34
469138112 IMP   948588 3
469201957 IMP   987719 4
469237041 Win   171345 0
469268888 Win     5121 0
469291966 Win 13574498 233
469302474 Win   626730 1
469307699 Win  2232656 9
469341476 Win   507704 2
469354437 Win  4756353 32
469390952 IMP  3781308 129
469647776 Win  3735707 28
469674568 IMP 13023772 383
469736291 Win   167646 0
469818506 Win     5394 0
469843574 Intractable. 12082702 359
469898998 Win   768321 2
470045156 Win  4491471 36
470100425 Win   163956 0
470100838 Intractable. 11966419 640
470111665 Win  6866951 68
470161402 IMP  1721058 13
470262282 IMP  8543851 106
470390783 IMP  3023408 39
470512053 IMP  7255173 94
470543481 Intractable. 13924081 430
470599406 Win   308561 1
470607996 IMP  2205798 31
470636666 Win  2830940 74
470659592 Win  1942345 6
470670924 Win    16973 0
470697963 IMP  2432691 23
470717700 Win  4573576 41
470806091 Win  1245971 7
470850228 Intractable. 14266203 255
470853356 Win  1380810 7
471006385 Win  2846779 20
471060121 IMP  3016124 17
471248595 Win   367926 1
471328398 Win  5394232 46
471380987 IMP  1574294 13
471397962 Win   389153 1
471406696 IMP   978371 3
471439630 IMP  3484092 22
471467110 Win   603070 1
471521050 Intractable. 13522794 313
471567999 Win  3985845 37
471591665 Win   624855 2
471605639 Win   519200 0
471648078 Win    92692 0
471658548 Win  2023050 12
471663039 Win 10208954 216
471675434 Win  3201307 15
471678955 Win   153935 1
471734276 Intractable. 12317486 266
471936622 Win  5236776 49
472080485 Intractable. 14799060 291
472116941 Win  6076650 91
472123032 IMP  3823906 53
472265310 Win  2972073 28
472272058 Win     6920 0
472276382 IMP  1936890 11
472343096 Win   642240 1
472398580 Win   163808 0
472480128 Win   427387 1
472542542 Win   970608 3
472549559 IMP  8099304 125
472583189 IMP  3716106 30
472647384 Win  8309785 98
472681302 Win   311784 1
472691678 IMP   800452 3
472694327 Intractable. 11460691 322
472740084 Win    50553 0
472767546 Win    13345 0
472784941 Win   859628 1
472805449 IMP  7090137 140
472809029 IMP  6082881 106
472830089 IMP  4237318 39
472841537 Win  1116639 2
472883525 IMP   501473 1
472927516 Win  4504463 32
473013370 IMP  2507501 9
473039767 IMP  1475586 7
473040938 Win   859194 2
473177108 IMP  7207375 136
473190994 Win   859236 2
473210968 Win  1557487 6
473397646 Win   261801 0
473399066 Win   985382 2
473538230 IMP  8156291 177
473553912 IMP  3314953 66
473670656 Intractable. 12789187 377
473723961 Win   536637 1
473785959 Win   415181 0
473813053 Win   252656 1
473977377 Win    64303 0
474026489 Win    55180 0
474031524 Win    27575 0
474042672 Win  1200903 4
474189642 Win  2303316 13
474233521 Win  5428307 67
474314926 Intractable. 14121392 380
474369849 IMP  1613004 4
474382358 Win   763848 2
474412472 Win  7038406 86
474447702 Win  5061631 52
474453249 Win  7034268 97
474699079 Win  2557571 35
474817993 Win  1937691 6
474836662 Win   274237 0
474863331 Win  1041011 11
474947957 IMP  4779529 44
475008519 IMP  2772958 17
475017697 Win   695480 1
475045977 Win   384110 1
475060089 IMP  6851679 114
475116495 Win  5846002 60
475134598 Win  5416677 61
475174130 IMP  3339821 17
475211847 Intractable. 11349543 356
475253379 IMP 11707094 255
475449070 IMP  4823481 56
475450415 Win  2165784 17
475456113 Win  1904123 9
475513637 Win  2055015 11
475515545 Win    78924 0
475530132 Win  1025111 3
475547611 Win  1183179 4
475581842 Win  5363563 50
475591516 Win   730260 4
475620278 Win   104478 0
475660417 Intractable. 10838570 365
475778836 Win   979610 2
475778842 IMP  3279495 27
475820387 Win   212007 0
475940196 Win   925367 5
475999814 Win  7512651 107
476104309 Win  3126560 40
476221791 Win  6612315 78
476403518 Win   405066 0
476423395 Win  1202867 5
476532944 Win   287813 0
476544688 Win  1062491 4
476589501 Win  2143316 9
476623014 Win  1633486 10
476658869 Win   144986 0
476676977 Win   169840 0
476699270 IMP  2227863 11
476764531 IMP  3012291 14
476786177 Win    94062 1
476820862 IMP  1639280 19
476847034 IMP  1409325 5
476929519 IMP  2670286 23
476946498 Win  2902978 18
477003243 Win  7958049 111
477047195 IMP   351431 1
477067561 IMP  3114355 24
477107812 Win  2465086 10
477128840 IMP  1341901 6
477148471 IMP  1217037 5
477239833 IMP   999097 9
477280061 Win  4875910 110
477340602 Win   805469 2
477365825 IMP  1998481 15
477382290 IMP  2801479 35
477512851 Win  5702568 64
477543365 Win   853105 1
477555809 Win   274467 1
477561368 Win  4706673 34
477631074 Intractable. 12343497 448
477730546 IMP    10668 0
477791283 IMP  3247029 39
477838039 Win  1520310 6
477867513 IMP  1421901 8
477886860 IMP   928282 5
477901582 Intractable. 11639482 265
477960711 IMP  4932299 67
477961882 Win  5209183 47
478038481 Win   143243 0
478062905 Win   872410 2
478088712 IMP  3951528 60
478146842 IMP  3002161 78
478168045 Win   966786 2
478252118 Win   229428 0
478321983 Win     5433 0
478330588 Win  4127971 30
478384502 Intractable. 10880027 481
478420534 Intractable. 10708798 298
478644810 Win   194735 0
478738798 Win  1097954 3
478765802 Win  1532194 9
478850950 Win  5326187 79
478932637 Win  9343695 134
478933967 IMP  3874703 43
479023619 Win  7586249 89
479215467 IMP  1086342 3
479263456 Win   223180 0
479364062 Win   886987 2
479393952 Win  3330230 66
479437722 Win  2829184 15
479491766 Win    16827 0
479493275 IMP   293037 0
479509050 IMP   534968 1
479548865 Win   452262 1
479632320 Win  1537849 5
479659231 IMP   549826 2
479732607 Win     8839 0
479858347 Win    16096 0
479887536 Win  4513302 68
479908045 Win  3416317 19
479922244 Intractable. 11480567 386
479934145 Win  1011843 3
479968992 IMP 11246681 365
480144810 IMP  1466534 7
480165746 Win  3190438 18
480204069 Intractable. 12651649 590
480291914 IMP  1881986 14
480292852 Win  3049559 21
480381486 Win   677814 3
480421584 IMP   692636 2
480429392 Win  1158934 4
480433191 IMP  1071168 7
480528101 Intractable. 15106701 496
480538315 Win   371152 1
480563088 Win  1159124 3
480608211 IMP  1729795 7
480700961 Win  2421288 18
480780051 Win  1754979 5
480791042 Win  6620492 83
480822631 Win   873188 4
480923156 IMP  1923480 10
480944089 Win  5978577 110
480972784 IMP  1530348 4
480978593 Win   476235 0
480991795 Win  1060190 3
481066059 Intractable. 11949788 306
481125732 Win    23238 0
481137009 Win   223167 0
481186321 Win   568536 1
481189825 Intractable. 13411206 421
481289821 Win   390542 0
481414499 IMP  1536212 6
481489664 Win   575285 2
481524717 Intractable. 14577979 282
481616301 Win   345975 0
481678811 Win  9867677 182
481842365 Win  2626030 11
481888975 Win  1252453 9
481926022 Win   936521 3
481938916 IMP  7560789 117
481979765 Win  8293101 97
482063918 Win   494950 1
482064724 Win   327232 2
482084692 Win  2740338 19
482103373 IMP  2078166 16
482136627 IMP  1324252 7
482162649 IMP   520088 0
482167860 Win   140018 1
482263329 Win  5387533 115
482320096 Win   195953 1
482350450 Win  4883619 46
482373132 Win  2994976 29
482379418 IMP  3184727 28
482422888 Win   830472 2
482569352 Win  1305686 6
482613205 IMP  6465456 69
482643917 Intractable. 11937289 265
482664167 Win   291232 1
482692972 Win    27201 0
482693656 Win    12222 0
482737440 Win    28468 0
482766336 Win  1019364 4
482868797 IMP  1142994 12
482882814 Win  1718111 8
482982749 Win   263809 0
482985239 IMP  2806605 16
483005148 IMP   483333 1
483103482 Win  4505344 34
483175352 Win  3083555 15
483177379 Intractable. 12018161 534
483309398 Win  1137073 5
483401069 IMP  4426274 79
483449295 Win    16633 0
483488192 Win  1518622 5
483513237 IMP  2700177 19
483530840 Intractable. 12479147 336
483532852 Win     4669 0
483547083 Win  4304585 38
483566152 IMP  1381205 4
483569617 IMP  5996331 98
483569670 Win   732359 1
483583418 Win   538647 1
483645722 Win   110277 0
483711386 IMP  1803651 6
483748112 Win  5510133 41
483763178 Win  7111035 70
483844643 Win   973160 3
483852604 Win   478187 1
483917445 IMP  1495810 6
484114306 IMP  2141538 10
484123259 IMP   827749 2
484159593 Win  1473527 17
484270384 IMP  2334551 13
484297886 IMP  4908791 56
484326265 Win  8492594 282
484469748 Win  1161995 3
484640111 Win   781937 2
484732459 IMP  3173375 19
484746304 Win  4292264 48
484905732 Win  5570997 63
484971974 IMP  8045588 235
485019066 IMP  2670069 13
485019236 Win    34100 0
485034648 Win  1953016 6
485156259 IMP  2620016 27
485197343 Win  2772997 13
485324570 Win    42948 0
485380906 IMP  2651841 25
485399046 Win  5967431 89
485411339 Win  4862288 48
485413606 Win    91232 0
485419824 IMP  1267188 4
485556960 Win  1347389 6
485621505 Win   635048 2
485682829 Win   378940 0
485684931 IMP  1061806 6
485766850 Win   135188 0
485790034 Win   511667 1
485792788 Win  3551501 32
485842771 IMP 10278760 180
485859363 Win  9329137 149
485910649 Win  5538135 46
485918948 IMP  7613040 212
485951055 Intractable. 12390940 279
485977242 Win    26232 0
486071905 IMP   860321 1
486077909 Win   113005 0
486119468 IMP  5024032 61
486143599 IMP   567864 1
486208408 Win     1512 0
486282343 IMP 10403804 267
486339561 Win    65727 1
486361205 IMP  2563365 17
486673448 IMP   886687 3
486675735 Win  1716398 5
486730027 Win    14218 0
486735821 Win   278563 1
486825887 Win   156739 0
486878841 IMP  4563449 34
486983578 Win     3038 0
487037737 IMP  2699166 16
487206040 IMP  6419566 122
487211635 IMP  1668358 7
487276456 IMP   924095 4
487436297 IMP  5300395 66
487457646 IMP  3836594 50
487532502 IMP  5278451 66
487561668 Win  1613916 6
487644080 Win   149326 0
487645519 IMP  4889518 35
487647414 Win  1425590 8
487830652 Win  6062404 72
487873387 Win   574283 1
487913322 Intractable. 11707819 268
487919426 Win  2067121 10
487941578 Win   309890 1
487965117 Win 11999556 305
488128488 IMP  3017590 25
488147212 Win    47816 0
488155704 Win   308540 0
488250372 Win    81872 1
488362773 Win 11006237 204
488367914 Win  5871078 103
488371520 Intractable. 12618245 274
488384791 Win  3698857 54
488391184 IMP  6959224 85
488442004 Win   797647 1
488460430 Win  1498312 7
488486128 IMP  1040507 5
488557035 Win   369048 0
488590180 Win   234481 0
488611381 IMP   510540 2
488661121 IMP  8955360 136
488763382 Win  1789293 6
488796521 Win  4605993 51
488812150 Win  2327729 13
488830090 IMP  2227401 13
488891124 Win   107047 0
488962075 Win   462537 0
488962751 Win    48548 0
489014601 Win    55363 1
489111332 Win   814890 2
489142624 Win   486624 1
489146042 IMP  5796968 53
489153164 Win  4437019 29
489184418 Win  2384446 29
489247819 Win    20224 0
489306660 IMP   662193 1
489309138 Win  1267112 3
489425034 Win   680567 1
489494417 IMP  4670700 29
489529803 Win   668311 1
489625831 Win  3561854 17
489807164 Win  6528391 97
489900822 Win   362116 1
489913504 IMP   979474 2
489966343 Win   320315 0
489967172 Win  2558968 9
490003419 Win   940262 2
490083072 Win   788459 1
490086761 IMP  8333687 128
490098108 Win  1278828 3
490373618 Win    13786 0
490385746 Intractable. 10531080 325
490528442 Win   263761 0
490551777 Win  6644104 87
490557917 Win    10594 0
490574953 Win     7030 0
490650185 Win  2702516 12
490686488 IMP  1698781 6
490714606 IMP  3407725 17
490771803 IMP  4475360 55
490796949 Intractable. 12153228 270
490827532 Win  7460997 86
490840246 Win   528330 1
490891202 Win   893236 3
490968361 Intractable. 10818547 314
491022961 Win  2328909 13
491060661 Win   483943 1
491063717 Win  5291088 76
491081295 Win  9081587 127
491093153 Win  1591380 6
491126338 Win   636008 1
491145166 Intractable. 11204198 302
491460477 Win   385077 0
491479967 Intractable. 14513358 351
491482644 Win  5214299 75
491521057 Win  2235639 16
491529411 Intractable. 12958556 405
491840441 Win  6951003 72
491841682 IMP  1910083 9
491855229 IMP  2405789 11
491888910 Win   315997 1
491908164 IMP  5969863 142
491946160 Win  4340755 29
492021073 Win  1569204 16
492134811 IMP   959887 11
492170770 Win  2337963 11
492186617 IMP  1078838 3
492400657 Win   391129 1
492417122 Intractable. 12138757 266
492523460 Win  1505954 5
492555442 Win  5733735 61
492556759 IMP  1364215 7
492567832 Win  1174457 4
492640960 IMP  1511009 6
492655015 Win  4412368 50
492704599 Win   774054 1
492713574 Win   455270 1
492769006 Win  2909946 35
492798864 Win    57115 0
492823282 Win    22604 0
492871896 Intractable. 16419817 419
492874407 Win   952420 5
492964332 Win   267850 0
493032764 Win  2853940 22
493087487 Win  2221616 13
493197387 Intractable. 10490664 326
493219031 IMP   768143 4
493309381 IMP    93528 0
493361840 Win  3154588 22
493575600 Win 11646854 268
493712668 Intractable. 11766874 297
493750385 Win   284301 1
493774982 Win  1024812 3
493809981 Win   483500 1
493866592 Win  1842922 5
493868456 Win  3420792 25
493871161 Win    13641 0
493934110 Win  2635788 11
493980563 IMP  1785116 11
494056188 Win   705338 1
494095691 Win   313990 1
494117752 Win     1399 0
494128391 IMP  1243798 11
494132885 IMP  2816866 20
494138371 Win  2104519 8
494153806 IMP  2361244 8
494159963 Win  5497437 47
494234086 Win  1142518 3
494269805 IMP  1667383 6
494409760 Win   775756 1
494570451 IMP   728731 2
494576133 Win  3738540 22
494631647 Win 11115239 268
494640849 Win   554961 1
494651928 Win   821544 2
494657312 IMP  7390272 137
494671515 Win  3698229 39
494677501 Win    63012 0
494769742 Win   625849 1
494784821 Win   101477 0
494812780 Win   315967 0
494923267 Win    97484 0
494973155 Win  4266545 32
495008480 IMP  5217822 161
495372684 Win   522791 1
495426689 Win  1127841 2
495593476 Win  4667818 37
495751329 IMP  1788944 6
495789799 IMP  1693513 18
495876370 Win  1310410 3
495924184 Win   369991 1
495956601 Win  1122053 4
496029746 IMP  4743343 38
496077281 Intractable. 13948158 363
496089238 IMP   813004 2
496109468 Win  1278763 3
496132674 Intractable. 13802213 310
496268998 Win  2588330 19
496269521 Win  2388902 14
496288240 IMP  4023561 30
496291181 Win   189902 1
496309528 Win  1065203 2
496385429 Win  1123669 5
496480705 Win   547795 2
496756673 Win    84129 0
496960029 Win   893400 2
497029144 IMP  1597225 13
497053277 IMP  1091496 4
497069678 Win  3356473 21
497086779 IMP   337530 0
497143129 Win  1031680 3
497175950 Win   266877 1
497212727 Win   310557 1
497342333 Intractable. 11396341 273
497376409 Win   418020 1
497466463 Win   804641 3
497717454 Win  3860423 32
497743991 Win   798321 1
497754761 IMP   514827 1
497824508 Win  2359689 12
497859558 IMP  1846225 24
497916574 IMP  2839884 23
497994420 IMP  1491203 5
498079960 IMP  3470410 24
498105927 Win     9859 0
498115030 IMP 10225130 234
498177999 IMP   366418 1
498182145 Win  2259191 32
498210637 Win  3924231 21
498254037 IMP  7004682 74
498270846 IMP  1626955 12
498279265 Win  1392575 4
498339982 Win   203259 0
498358220 Win  2784874 11
498408248 Win   468793 0
498538295 IMP  2893581 17
498541565 Win  4204066 25
498628874 IMP  1574620 7
498630223 Win  1950230 10
498659451 IMP  4535167 64
498693055 Intractable. 10764709 267
498713073 IMP  1439163 11
498744810 Win  3713012 28
498765311 Win  2936998 15
498811326 Win  5544027 48
498858428 Win  3073237 18
498891967 Win  1613713 7
498951842 Win  3349425 35
498955956 IMP  1481798 6
498966193 IMP  1563827 3
499050578 Win  3070370 16
499110020 Win   331538 0
499121142 Win  1469385 7
499125369 Win  5080810 38
499164687 IMP  1794795 7
499169183 IMP  7928356 127
499210637 Win   745164 3
499291082 Win  1154636 2
499293025 Win   391616 1
499345144 Win  1880598 6
499418311 Win   103175 0
499445194 Win   707672 1
499541870 IMP  2060836 17
499554898 Win   313985 0
499698157 Win  8524780 104
499847413 IMP   840256 2
499865751 Win   582527 1
499901947 IMP   663211 1
499975367 Win  1108639 3
Number of Freecells: 3   Mode: 

Winnables: 585
Impossibles: 271
Intractables: 68
Total time: 14 Hours, 4 Minutes, 0 Seconds
