8300614919 IMP   582909 2
8300705077 IMP  1965346 13
8300763794 IMP  3432730 30
8300836851 IMP  1050982 2
8300895250 IMP  2621085 30
8301302131 IMP  7874842 152
8301368625 IMP  9456279 234
8301559160 IMP  4629175 91
8301632400 IMP  1037129 3
8302133893 IMP   558224 1
8302276043 IMP  1740784 8
8302803843 IMP  1040446 2
8302977407 IMP   689467 5
8303014587 IMP   561318 1
8303726401 Intractable. 11583949 265
8303752231 IMP  2281334 29
8303792542 IMP  3319983 35
8304142804 IMP  2698256 32
8304495114 IMP  9875578 198
8304645518 IMP  2563217 16
8304780040 IMP   573314 1
8304817676 IMP   578466 2
8305578661 IMP  4643759 28
8305983478 IMP  3023568 43
8306046903 IMP  3217466 29
8306100871 Intractable. 12875271 741
8306106947 IMP  5470565 61
8306217163 IMP  1010992 4
8306280358 IMP   352180 1
8306496262 Win   682929 1
8306964006 IMP  5184244 66
8307184519 IMP  1509789 7
8307326434 IMP  2000386 6
8307526285 IMP  3925432 24
8307546978 Win  4920487 35
8307613722 Intractable. 13296876 259
8307719622 Win  2327102 10
8308053220 IMP  6925541 67
8308080862 Win  2389967 19
8308260282 IMP  6215509 120
8308536191 IMP  7734285 128
8308839514 IMP  4357336 119
8309062993 IMP  7977568 168
8309328356 IMP  1911207 12
8309476822 IMP  7296042 115
8309629205 IMP  1095510 5
8309776064 IMP  2544336 19
8310219858 IMP  1973319 15
8310488935 IMP  3530107 32
8310569917 IMP  8176465 323
8310587815 IMP  1106596 3
8311036651 IMP  5299162 77
8311527633 IMP   643703 1
8311533087 IMP  5730685 45
8311554961 Intractable. 14045096 491
8312075374 IMP  2573400 14
8312171148 IMP   842085 4
8312240284 IMP   976198 4
8312317275 IMP   905712 2
8312461247 IMP   647679 1
8312474451 IMP  3324210 33
8312608250 Intractable. 14123576 365
8312723662 IMP  1161028 5
8312823806 IMP  3895547 31
8312853234 IMP   451180 2
8312864095 IMP  3197879 24
8312973905 IMP  6850462 81
8313065718 IMP  2462933 15
8313163318 IMP  3868522 23
8313570044 Win 11023290 338
8313878597 IMP  9284946 121
8314011171 IMP  2657289 25
8314045985 IMP  6730182 171
8314383416 IMP  1746031 9
8314405041 IMP  3819873 32
8314637885 IMP  2147238 9
8314649444 IMP 11527838 311
8314961117 IMP  1657283 11
8314976288 IMP  2449237 20
8315011199 IMP  3576094 64
8315039412 IMP  1606714 14
8315117757 IMP  1476448 9
8315385808 Intractable. 12417737 311
8315672868 Intractable. 12782585 421
8315735121 IMP   788101 4
8315809378 Intractable. 13786944 541
8315837147 IMP  2765869 19
8315954237 IMP  2326032 16
8315990635 IMP  9211660 163
8316177059 Win   446941 1
8316556688 IMP  1037809 5
8316697445 IMP  3228456 28
8316740883 IMP  7537135 153
8316925349 IMP  1087815 7
8317144785 IMP   416727 0
8317205520 IMP  1964496 7
8317527604 Win  8585099 161
8317541315 IMP  1949722 5
8317787997 IMP  4037478 34
8317819628 IMP   824957 1
8317964073 IMP  4323480 47
8318024411 IMP   891719 2
8318220065 IMP  1561637 10
8318378472 Intractable. 12986712 955
8318779658 IMP  1409912 6
8318991258 IMP 10548094 384
8319054932 IMP  1736495 11
8319203888 IMP  9224314 249
8319252299 IMP  1676001 9
8319471598 IMP  1136043 3
8319471642 Win  2598708 12
8319636522 IMP  1446693 5
8319887346 IMP  9508536 257
8319892973 IMP   866076 4
8320475054 Intractable. 13516575 325
8320504258 IMP  1589612 8
8320675770 IMP  2448955 27
8320702792 IMP  1611006 7
8320913484 Intractable. 14578118 376
8321249697 IMP  4216347 71
8321422403 IMP   525642 1
8321621764 IMP  1053599 3
8321728544 Intractable. 11903459 252
8322078635 Intractable. 11244875 252
8322415906 IMP 12441310 327
8322555158 Intractable. 14929332 398
8322855609 IMP  1549080 6
8323013382 IMP  6948069 88
8323291306 IMP  1270449 9
8323378353 IMP  1715116 7
8323517599 IMP   691551 3
8323741439 IMP   819930 2
8323813673 Intractable. 12287773 263
8323885965 IMP  1814277 10
8323909948 IMP  3046330 21
8324222912 IMP   247906 0
8324325830 Intractable. 13757761 354
8324393016 IMP  3411835 32
8324487381 IMP   791334 4
8324916832 IMP   888522 4
8325051538 IMP  4298377 37
8325198628 IMP  3430438 18
8325321084 IMP 11390544 216
8325578425 IMP  4995957 59
8325687986 IMP  2134921 10
8325738766 IMP  5297419 42
8325741603 IMP  1255764 4
8326007101 IMP  5052944 61
8326535436 IMP  2693077 19
8326656225 IMP  1108201 3
8326942107 Intractable. 14939218 311
8326995073 IMP  4436918 68
8327013049 IMP  1848471 8
8327181116 Intractable. 13394719 288
8327199077 IMP  2025397 45
8327262625 IMP  5132063 50
8327307205 Win  1914790 26
8327478073 IMP  4937469 50
8327514670 IMP  5314224 79
8327559847 IMP  4279824 44
8327924111 IMP  1927444 18
8328070986 IMP  1860504 10
8328257814 IMP  5117146 76
8328818338 Intractable. 12453721 588
8329125140 IMP  1122671 3
8329345115 IMP  1723197 11
8329435008 IMP  3117011 19
8329512589 IMP  7069230 292
8329605049 IMP   192278 0
8329824092 IMP  2201016 41
8329916090 IMP 11555447 234
8330185851 Intractable. 12775891 466
8330367196 Win  1895112 15
8330375546 IMP 13654847 478
8330692724 IMP  5003647 72
8330779588 IMP  3476994 22
8330781734 IMP  2161318 13
8330907831 IMP  4239267 35
8330936811 IMP   877916 2
8330951716 IMP  2441047 19
8331168069 IMP  6105629 110
8331177608 IMP  2164145 22
8331204187 Win  6031132 46
8331797200 IMP   730607 2
8331865362 IMP   565467 1
8331912356 IMP  5434629 53
8331957554 Win  1828675 8
8332371276 IMP  4291943 94
8332609654 IMP  1413199 4
8332708517 IMP  2391020 22
8333140538 IMP   583565 2
8333388700 IMP  7263096 134
8333690786 IMP   940413 3
8333852122 IMP   346181 0
8333900013 IMP  3488378 27
8333992424 IMP   742455 1
8334604315 IMP  4000235 39
8334632439 IMP  4908796 52
8334664274 Win 10297508 149
8334698536 IMP  1548985 6
8334765627 IMP    28836 0
8334916445 IMP  4382096 39
8335034654 Intractable. 14370344 599
8335075948 IMP  4224261 43
8335240137 IMP  4343344 54
8335241253 IMP  1156483 4
8335290994 IMP  1368917 4
8335572169 IMP  1395496 7
8335723464 IMP  3972451 65
8336003635 Intractable. 12147602 323
8336762045 IMP  8768356 167
8337098730 IMP  8222024 116
8337139532 Win 10790154 248
8337169751 Win  3667532 17
8337196032 IMP  7720846 185
8337227774 IMP  5608785 65
8337256065 Intractable. 14473136 396
8337856198 IMP   905862 2
8337859116 IMP   273121 1
8337877010 IMP  6876479 188
8338010777 IMP  3143410 46
8338084220 IMP  1192778 3
8338181740 IMP  7753601 172
8338502781 IMP  5102132 76
8339025963 IMP  2302661 13
8339255910 IMP  8761910 262
8339385411 IMP  4080625 27
8339425540 IMP   651227 2
8339849302 IMP  4108468 61
8340062647 IMP  1423853 7
8340280786 IMP  3068018 16
8340370689 Win  2439248 15
8340513324 IMP  2679084 29
8340736960 IMP  1593173 6
8340986006 IMP  5580676 74
8341257952 IMP  1873234 10
8341474438 IMP  2622080 18
8341787068 IMP  1232102 7
8341953666 IMP  3003789 18
8342111731 Win   392209 1
8342297514 IMP 11203547 333
8342335805 IMP   649748 2
8342539880 IMP   349862 0
8342580680 IMP  6019369 67
8342637191 IMP  4180642 57
8342739161 IMP  6313906 141
8343002873 IMP  3031660 17
8343049001 IMP  1453675 6
8343315345 IMP  5865096 56
8344027524 Win  1186994 3
8344272163 IMP  4171572 31
8344436741 IMP  8664670 259
8345080379 Win  3772212 30
8345538933 IMP  1432463 4
8345732078 IMP  1269518 8
8345793319 IMP  3808188 28
8345867077 IMP  2785557 17
8345913087 IMP  2341258 23
8345951141 IMP  1950099 10
8346016636 Win  5849435 62
8346023879 IMP  2779112 15
8346092409 IMP  9474267 154
8346134371 IMP  1562997 9
8346243060 IMP  2765564 22
8346290166 Win   525075 1
8346362534 Win  2420915 20
8346479898 Win  1464391 6
8346597579 IMP   461893 0
8346774596 Intractable. 13998164 513
8346789095 Win  3056886 18
8346826542 IMP   405235 1
8346937018 IMP  2271132 15
8346944536 IMP   547167 1
8347038041 IMP  2075523 9
8347060131 Intractable. 13605241 531
8347181517 IMP  1474740 5
8347204939 IMP 10814867 242
8347407946 IMP   604443 1
8347578981 IMP   362016 1
8347902268 IMP  1089367 4
8347909896 IMP  1842295 9
8349012563 IMP  4546998 37
8349272273 IMP   726498 2
8349500359 IMP  1990734 11
8349661221 IMP  3891849 39
8349768269 IMP  1022143 2
8349884727 IMP  2690672 24
8349905097 IMP  6410626 63
8350170318 IMP  4346675 45
8350188384 IMP   597344 1
8350356290 IMP  2315942 26
8350385404 IMP  2011317 21
8350716549 IMP   459160 1
8350942577 IMP  1084238 5
8351056862 IMP 11425603 317
8351178116 IMP  1851336 11
8351381252 Intractable. 13374300 432
8351593879 IMP   737032 2
8351805195 IMP  1778436 7
8351916665 IMP  2850584 22
8352021221 Intractable. 13332642 401
8352023219 IMP  1414865 9
8352059711 IMP  2118525 9
8352211660 Win  1096083 2
8352230521 Intractable. 14587499 552
8352253518 IMP  6964462 102
8352415367 Win   357452 0
8352504919 IMP  1464695 5
8352563705 IMP  1222603 8
8352601286 IMP  3003105 13
8352690555 IMP  1276304 7
8353062624 IMP   394388 1
8353295087 IMP  2349512 8
8353714834 IMP  6940786 124
8353914074 IMP  3364131 24
8354011579 Win  1899498 7
8354489160 IMP 10416152 207
8354595489 IMP  3863979 27
8354833565 IMP  4001891 50
8355092912 IMP  2064915 14
8355413929 Intractable. 14646005 517
8355553903 IMP  3608806 31
8356237135 IMP  5919629 93
8356262379 IMP  1553914 5
8356317150 IMP  2542928 11
8356767242 IMP  2508791 12
8356860001 IMP  5207197 31
8357175138 IMP  4962717 61
8357270348 IMP  7647877 105
8357526944 IMP  7019542 118
8357544061 Intractable. 13491280 448
8357694165 Intractable. 12667302 493
8357700911 IMP  1731732 9
8357706590 Intractable. 13869126 325
8357916336 Intractable. 13545743 336
8357955187 IMP  1313142 10
8358003608 IMP  2468389 20
8358023046 Intractable. 13147699 348
8358193277 IMP  2525804 12
8358533703 IMP  2949151 60
8358619231 IMP  1465402 15
8358932176 IMP   498481 1
8358936273 Intractable. 12999488 402
8359462182 IMP  3820394 104
8359817933 Intractable. 15408068 407
8359881816 IMP  7900768 129
8359947662 IMP  2320492 9
8360264296 IMP  2140807 7
8360416574 Intractable. 12736026 351
8360448196 IMP  2272048 14
8360754050 IMP  5280254 48
8361154008 IMP  9590190 262
8361327679 IMP  3058361 35
8361481934 IMP  1935815 6
8361615064 IMP  1724314 11
8361617411 IMP  3498817 33
8361849118 Intractable. 15373819 391
8362043342 IMP  2171284 9
8362144273 IMP  2336258 21
8362248195 IMP   679703 2
8362467235 Intractable. 13163190 316
8362490018 IMP  6354594 180
8362628668 IMP  4268190 53
8362837989 IMP 10015854 182
8363069165 IMP  1204601 5
8363080254 Win  1246798 4
8363488689 IMP  1549693 12
8363502592 IMP   766180 3
8363717542 IMP  2567015 26
8363796527 IMP  1032513 3
8363888761 Win  1164381 4
8363966453 Intractable. 13664160 332
8363983343 Intractable. 14342079 334
8364602321 Win  1999073 7
8364999145 Win   831641 2
8365050595 Intractable. 12684406 380
8365063999 Win  1825562 8
8365253075 IMP   679564 1
8365506459 IMP  3455459 34
8366170505 IMP  2260076 11
8366317946 IMP   437377 1
8366639758 IMP  2930034 19
8366690692 IMP  7285284 136
8366797441 IMP  3157097 26
8366866454 IMP  4231245 28
8366945543 IMP  4777266 48
8366969976 IMP  4487987 35
8367040836 IMP  2013022 26
8367146372 IMP  4794745 49
8367172142 IMP  7280334 90
8367188212 IMP  2634359 13
8367402509 IMP  1971820 12
8367542224 IMP  2168956 7
8367601783 IMP  1333955 7
8367627102 IMP  6898481 126
8367660111 IMP  5448411 79
8367715432 Intractable. 12697104 402
8368128548 IMP  2371869 9
8368209989 IMP  3749980 27
8368300224 IMP  2025807 8
8368422619 IMP  1277139 5
8368634880 IMP  1995289 10
8368705433 IMP  2335332 12
8368965573 Intractable. 16345494 557
8369003236 IMP  2543201 21
8369113777 IMP   909882 4
8369321984 IMP  4894043 87
8369424696 IMP  6094677 87
8369451125 IMP  4369208 89
8369601022 IMP  5096699 54
8369739158 IMP  1780486 13
8369799890 IMP  1346050 3
8370081182 IMP  1379334 8
8370187711 IMP  1009367 3
8370434287 IMP  2703981 21
8370512231 IMP  1339624 4
8370738823 IMP  1865017 8
8370814880 IMP  3144277 28
8371038225 IMP   726867 2
8371044435 IMP  1545007 12
8371166030 IMP  1440910 7
8371567186 Intractable. 12629986 280
8371650930 IMP  9324464 319
8371771286 Win  3087605 18
8371945212 IMP  1492263 7
8371977672 IMP  4953661 34
8372133175 IMP   913143 3
8372581033 IMP  3207837 29
8372585004 IMP  1407823 5
8372766291 IMP   578423 1
8372852058 Intractable. 13077961 341
8373075382 Win   571934 1
8373244809 IMP  1203433 4
8373327613 IMP  5602611 100
8373388883 IMP  4803083 70
8373839555 IMP   392320 0
8373932180 IMP   397342 1
8374004421 IMP  1867589 13
8374023976 Intractable. 11047695 408
8374170526 Intractable. 14504355 381
8374278767 IMP  1186412 6
8374315641 IMP  1983450 14
8374387414 IMP   977223 3
8375035362 IMP  4933889 50
8375366187 IMP  2003480 28
8375664473 IMP  1980409 12
8375670048 IMP  4149788 68
8375973141 IMP   870917 3
8376231341 IMP  2917197 22
8376656965 Intractable. 13723350 379
8376896039 IMP  5862443 174
8376923962 IMP   612412 2
8377056833 IMP  2145303 16
8377138159 Win  1656756 6
8377178900 IMP  1403671 6
8377268938 Intractable. 13124713 862
8377297982 IMP  9255222 300
8377759594 IMP  9077942 693
8377999883 IMP  2210387 9
8378098598 IMP  2424608 15
8378238456 Win  9989592 229
8378253070 Win  4614924 34
8378373681 IMP  8143232 147
8378992340 IMP  1243059 5
8379018130 IMP  1614817 7
8379082486 Intractable. 14569539 455
8379373778 IMP  4702785 68
8379545390 IMP  7536834 108
8379592253 IMP  7302937 332
8379761150 IMP  1549084 6
8379820433 IMP  4686348 58
8379912465 Intractable. 12674378 381
8380654523 IMP  1400180 5
8380731086 IMP 11596518 404
8381148722 Win  4733085 37
8381156079 IMP  4827445 43
8381257786 IMP  9121396 207
8381387777 IMP  3836533 31
8381565266 IMP   632921 2
8381692656 IMP   680168 2
8381710159 Intractable. 12391469 286
8381993882 Win 10481818 178
8382050713 IMP  2907333 27
8382169482 IMP  4641848 38
8382533938 IMP   793714 4
8382607723 IMP  2417769 21
8382626174 IMP  2377954 7
8382672816 Intractable. 11432469 339
8382962721 IMP  9884074 174
8382971567 Win  4135010 24
8383272095 IMP  9474815 131
8383636237 IMP  1197977 3
8383990526 IMP   725940 3
8384144316 Intractable. 12565061 316
8384159529 IMP   469595 1
8384222256 Intractable. 14115130 542
8384452104 IMP   287892 0
8384509547 IMP  1049584 3
8384623675 IMP  7096100 115
8384740130 IMP  1004675 2
8384858318 IMP   972390 2
8384876425 IMP  1654219 9
8385084253 IMP  4131599 24
8385137938 IMP  3063434 21
8385414225 IMP   771559 4
8385446963 IMP  2518196 13
8386179971 IMP  2226870 9
8386403682 Win  1161510 3
8386793769 IMP  7058479 64
8387435273 IMP  1084098 3
8387790772 IMP  1016506 8
8388017670 IMP   892543 5
8388331300 IMP  3475965 23
8388408433 IMP  2932784 15
8388555384 IMP  2401861 23
8388821355 Win  7477962 92
8388833243 IMP  6688738 64
8388974568 IMP  2739436 36
8388975809 IMP   509877 1
8388980225 IMP   923492 6
8389070581 IMP  6938276 161
8389159147 Intractable. 12619609 257
8389221092 IMP  1414343 4
8389256594 IMP  6501367 71
8389330901 IMP  2034587 13
8389752329 IMP  2849596 20
8389800427 Intractable. 12155069 337
8390024463 IMP  2840094 33
8390117542 IMP   842577 2
8390595228 IMP 10776123 252
8390630822 IMP  1107783 3
8390815321 Win   580689 1
8390885546 Intractable. 11689426 305
8391144312 IMP  2065557 9
8391254966 IMP   915844 3
8391395140 IMP  2429974 11
8391548528 IMP  6316939 94
8391661882 Win  1500870 4
8391773332 IMP  2952683 19
8392009123 IMP   541985 2
8392054460 IMP   253003 0
8392123712 Win  1644393 4
8392407720 IMP  1933967 10
8392579264 IMP  2678577 27
8392701634 IMP  2324118 15
8392828006 IMP  7964543 147
8392829754 IMP   914506 3
8392985752 IMP  2940889 22
8393203218 Intractable. 12412893 547
8393314108 IMP  2432102 17
8393430928 IMP  1918786 6
8393868253 IMP   738109 3
8393990692 Win  3051990 13
8394230614 IMP  1775619 10
8394393629 Intractable. 11470914 284
8394512647 IMP  3080716 25
8394564167 IMP   243713 1
8394781287 Win  4392443 35
8394889750 IMP   830992 3
8395363293 IMP  1327876 9
8395385971 IMP   639396 2
8395846216 IMP  3097622 16
8395893648 IMP   818613 2
8395927965 IMP  7076283 137
8396040261 Win  6554333 69
8396318957 IMP 11477901 520
8396473007 IMP  6580588 148
8397063053 Win  4236628 36
8397249802 IMP  5923628 73
8397343343 IMP  1194211 5
8397664752 IMP  6900320 176
8397923867 IMP  1787043 6
8397953232 IMP  9697409 220
8398245271 IMP  2838959 32
8398281834 IMP  2482545 10
8398325437 IMP  3438914 34
8398328904 IMP  1401695 5
8398337492 IMP  1481330 6
8398679059 IMP  2229990 8
8399132319 IMP  1470122 7
8399152157 IMP   703402 1
8399161372 IMP   450084 1
8399284408 IMP  4139035 33
8399420224 IMP  4014479 45
8399629571 IMP   803204 2
8399662119 IMP  8996803 135
8399783042 IMP  2026925 11
8399902200 IMP  3665040 27
8400357709 Win  1319365 4
8400523199 IMP  6316909 70
8400864696 IMP  1311202 5
8400866768 IMP  2683551 15
8401429194 IMP  2086004 20
8401709851 IMP  1468922 5
8401869764 IMP   732215 2
8401914327 IMP   923944 5
8402077138 IMP 10141101 325
8402775605 IMP  9858126 211
8403099774 IMP  6834060 118
8403123056 Intractable. 12270294 320
8403336569 IMP 10933488 236
8403506237 IMP  6085088 84
8403802092 IMP  4185009 50
8403812568 Win  2332265 11
8404044256 IMP  9449385 219
8404174971 IMP  2040998 13
8404649600 IMP  3315797 24
8404916381 IMP  1244621 4
8404998425 IMP 10430117 215
8405219650 IMP  1878680 18
8405305699 Intractable. 14534681 283
8405318055 IMP  1377536 6
8405533416 IMP   903327 2
8405589358 IMP  3126358 55
8406366897 IMP   489843 1
8406384783 Win  4009266 51
8406631814 IMP  6382003 79
8406699323 IMP  1176063 7
8406798111 IMP  2014086 22
8406888292 Win  6491422 57
8407018940 IMP   756014 2
8407083007 IMP 10634563 211
8407289481 IMP  3912294 38
8407656103 IMP  3194152 29
8407835231 IMP  3853066 35
8408091693 IMP  1285527 4
8408487525 IMP  1586110 5
8408489092 IMP  5056382 102
8408899633 IMP  4061458 54
8409013707 IMP   342525 1
8409315095 Intractable. 12056439 466
8409320457 Intractable. 11224179 483
8409444018 IMP  6505620 94
8409492064 IMP  2239994 10
8409621403 Win  6229709 91
8409841174 IMP  1307369 6
8409943329 IMP  4174349 53
8410212486 IMP  1133891 3
8410227147 IMP  1647332 5
8410341761 IMP  7677245 112
8410351962 IMP  1531773 5
8410447433 IMP  4856822 34
8410478459 IMP  4520545 43
8410650591 IMP  1433108 4
8410677740 IMP  6091144 108
8410682654 IMP  1081395 3
8410715572 IMP  1023156 2
8410895405 IMP  2489863 10
8411102176 IMP  3533872 32
8411212261 IMP   982753 3
8411401554 IMP  2904703 22
8411444113 IMP   970681 4
8411486533 IMP  2854212 33
8411751542 IMP  3504486 34
8412060251 IMP  2225659 10
8412096841 IMP  4711830 58
8412289217 IMP   883490 3
8412365483 IMP  4880922 88
8412585898 Win  2171691 6
8412596675 IMP  3983989 45
8412739618 IMP  4430762 50
8412837940 IMP  4561170 37
8413058960 IMP 12156296 396
8413293196 IMP 10589376 260
8414315868 IMP  4521493 56
8414486654 IMP  2077364 15
8414520818 IMP  3131572 25
8414875531 IMP  4032074 28
8414991643 IMP  4045979 23
8415050899 IMP   297950 0
8415079419 IMP  1337268 3
8415566571 IMP   485149 1
8415658827 IMP  3015057 20
8415738270 IMP  1867881 14
8415946252 Intractable. 13562026 466
8416344011 IMP  1022809 3
8416767922 IMP  2515696 17
8416775369 IMP   633728 1
8417334020 IMP  4052901 101
8417665652 Win   520439 1
8417706333 IMP  1639515 9
8417718669 IMP  4937703 66
8417965563 Win  1858869 11
8418050981 IMP 11714640 352
8418310786 Intractable. 13174233 296
8418379356 IMP  2576020 69
8418390259 IMP  1921765 7
8418521853 IMP  3293646 28
8418774538 IMP  1013648 2
8418901619 IMP   366237 1
8418905258 IMP  1614368 8
8418980382 IMP  1138275 5
8419017574 IMP   833005 9
8419209787 IMP  3775549 30
8419367811 IMP  1657618 4
8419454064 IMP  2722489 20
8419788080 IMP  9488764 227
8419834408 Intractable. 11689065 362
8419917775 IMP    90028 0
8420204154 IMP  8033997 288
8420550833 IMP  2650000 14
8420682261 IMP  6260153 97
8420687013 Win  2030632 7
8421111635 IMP  9942547 425
8421270228 IMP 11449280 354
8421429388 Intractable. 13315857 336
8421663434 IMP  1772570 12
8421697753 IMP  2672544 48
8421791098 Intractable. 12722369 269
8421863808 IMP  2212620 10
8421868521 IMP  3294903 34
8421958963 Intractable. 12933833 333
8422036502 IMP  8903643 200
8422419647 IMP  1301390 4
8422619090 IMP  1363541 5
8422943353 IMP  2594075 13
8422959766 IMP  6168785 211
8423003016 IMP  1154281 7
8423083622 IMP  2063614 34
8423114457 IMP   638387 1
8423264028 IMP   947956 4
8423364228 IMP  5201710 56
8423937802 Intractable. 15334847 463
8424253073 IMP  1417017 3
8424360123 IMP  4510794 41
8424363388 IMP  3788514 54
8424385010 IMP  5030869 90
8424386075 IMP  1611450 5
8424658764 IMP  1723400 5
8424681766 IMP  3085998 29
8424974531 Intractable. 12887145 397
8425126294 IMP  3792311 40
8425206178 IMP  1593475 6
8425254709 Intractable. 15830708 558
8425261721 IMP  5961506 54
8425275658 IMP  1079860 6
8425596705 IMP  2085821 10
8425791724 IMP  5782736 69
8425878228 IMP  2748570 16
8426129251 IMP  2902976 27
8426308342 Win  2702744 16
8426504913 IMP  1001190 3
8426514000 IMP 10088556 175
8426709805 IMP   321500 0
8426878135 IMP  6766098 83
8427031317 IMP  1473841 4
8427104706 IMP   573122 2
8427104777 IMP  1341211 3
8427606919 IMP  1387239 4
8427627848 IMP  1648122 4
8427726766 IMP  2322142 10
8427782129 IMP  1151816 12
8428171177 IMP  4138091 28
8428362151 IMP  2581033 24
8428529359 IMP   415732 0
8428905034 IMP  9896809 161
8429052024 Win  1448298 4
8429519510 IMP  9352703 164
8429644775 Intractable. 12703070 403
8429797414 Intractable. 13182367 371
8430025766 IMP  3868707 22
8430049355 IMP  2931535 12
8430077432 IMP  2017987 13
8431197618 IMP  2298982 11
8431721931 IMP  4038873 21
8431835173 IMP  2285743 9
8431853600 IMP   822961 2
8431869022 IMP  1912061 12
8431937924 IMP   641217 2
8432013200 IMP   463705 1
8432237798 IMP  3402544 38
8432287625 IMP  4528748 96
8432290908 IMP  2952169 13
8432292815 IMP  4990606 48
8432520407 IMP   444790 1
8432607088 IMP  2912242 99
8432660186 IMP  4634542 41
8432660230 IMP  2372477 16
8432718669 IMP  1506015 19
8432935279 Intractable. 14423506 389
8432974507 IMP  5950756 89
8432978070 IMP  2945208 23
8433191306 IMP 12321183 519
8433691956 IMP  2160058 9
8433908022 IMP  2162019 12
8433979827 IMP  4241766 53
8433982090 IMP  5565291 64
8434050076 Win  7186529 83
8434418980 IMP  1484473 10
8434474859 IMP   521072 1
8434503153 IMP  3230790 28
8434576961 Intractable. 13205505 372
8434664830 IMP   742103 2
8434709505 IMP  4235059 34
8434931146 Intractable. 13615932 393
8435216441 IMP   473791 1
8435608188 IMP  4501588 38
8435787129 IMP  8305405 239
8436119560 IMP  2020536 17
8436852112 IMP   537248 1
8436917303 IMP  2479088 17
8437148507 IMP  7088562 148
8437347104 IMP  2404067 11
8437404310 Intractable. 12663530 277
8437921443 IMP  1335220 6
8437985922 IMP  3700035 125
8438412496 IMP   527494 2
8438523730 IMP  1358126 7
8438551378 IMP  1086193 3
8438577769 IMP  3728704 36
8438848760 IMP  2863074 22
8439135219 IMP  1228493 4
8439337220 IMP  2125754 9
8439362289 IMP  2761811 29
8439379442 Intractable. 12078139 512
8439473528 Intractable. 13064276 442
8439788589 IMP   365187 0
8440006575 IMP  8848791 170
8440207796 Intractable. 14747710 435
8440456305 IMP  4858657 44
8440960036 Win  2103676 11
8440972472 IMP  4482398 47
8441043696 IMP  1437564 6
8441694879 IMP 10846147 829
8441709150 IMP  2080455 8
8441873532 IMP  6384474 73
8441981539 IMP   394418 1
8442035452 IMP 13683166 434
8442101239 IMP  1328034 3
8442163720 Win  2483553 11
8442192956 IMP  3191882 20
8442420190 IMP  3157168 14
8442727643 Intractable. 13426949 419
8442733772 IMP  1654857 13
8442752669 IMP  3312380 47
8442830901 IMP   521258 1
8443181394 IMP  1518462 5
8443245520 IMP  4358311 43
8443254915 Win  4409068 42
8443294732 IMP  2860362 27
8443307649 IMP  1199947 6
8443424343 IMP  2040925 9
8443444334 IMP  2464051 11
8443521497 IMP  6857971 58
8443537460 IMP  5185224 83
8443668705 IMP  2565833 11
8443821713 IMP  6762058 98
8444071533 IMP  8862467 199
8444074493 IMP  2789615 46
8444201403 IMP  2094141 9
8444299144 Win   313043 1
8444347487 IMP  4629368 92
8445161902 IMP  4646456 56
8445242007 IMP   659832 1
8445327021 IMP  4674111 65
8445743571 IMP  2217819 22
8445929187 IMP  7788261 91
8446734786 IMP  1824819 5
8446753778 IMP  1467232 7
8446919489 IMP   961459 3
8446965138 IMP  2027841 7
8446965340 IMP  2362519 17
8447010907 IMP  2250703 13
8447280760 IMP  3260576 24
8447553574 IMP   589907 1
8447661524 Win  5187286 50
8447789240 IMP   301230 1
8447934512 IMP  2504505 13
8447963025 IMP  7958280 189
8448173221 IMP  3529513 34
8448187961 IMP  3654969 40
8448369598 IMP  7764971 124
8448639486 IMP  2808725 13
8448674890 Intractable. 12995396 298
8448708020 IMP 12552552 330
8448780381 Intractable. 13058913 270
8448781087 Win   648902 1
8449152941 IMP   940101 3
8449745428 IMP 11632904 206
8449781287 IMP  1776511 19
8450084767 Intractable. 13040874 344
8450191037 IMP  8283268 186
8450200776 IMP  1198919 4
8450274391 IMP  2818705 37
8450302825 IMP  2517140 48
8450353765 IMP  2892274 35
8450968292 Intractable. 12970397 275
8451064868 IMP  1968693 9
8451126920 IMP  1045659 2
8451226694 IMP  7493710 106
8451826847 IMP   460258 1
8451991289 Win  1860104 11
8452154777 IMP  3386588 32
8452323381 IMP  1169556 9
8452791438 IMP  3088092 22
8453094341 IMP  8817026 206
8453424518 IMP  3354967 27
8453551712 IMP  3073549 81
8453621368 IMP  1286665 6
8454123011 IMP   577542 2
8454154018 Intractable. 13162858 411
8454290304 IMP   799572 2
8454362117 IMP  4027039 55
8454648825 IMP  6223041 162
8454706603 IMP  7790202 163
8454714949 IMP  2102726 14
8454977609 IMP  2158535 12
8455050078 IMP  1202659 4
8455426606 IMP  1058876 5
8455494769 IMP  2075704 24
8455600365 IMP  5135042 30
8455758533 Win   937639 2
8456025101 IMP  2217921 10
8456081584 IMP  1543500 8
8456177688 IMP  1781185 8
8456219278 IMP  2158168 15
8456260218 Win 13315345 312
8456359538 IMP  1193256 3
8456362580 Intractable. 11518993 304
8456563624 IMP  1192764 4
8456652830 IMP  1562556 5
8457220639 Win   576039 0
8457397412 IMP  2444245 16
8457450671 IMP   658006 2
8457923305 IMP  6641368 82
8457970783 IMP  2058332 13
8458164098 Win  1613796 5
8458466644 Win   907571 3
8458478259 IMP  3227538 21
8458589967 IMP   974793 5
8459156991 IMP  6688719 82
8459439713 IMP  5955300 88
8459970399 IMP  9992538 231
8460121488 IMP  2492305 10
8460137839 IMP  2329464 19
8460157485 Intractable. 12626364 519
8460377825 IMP  4845429 40
8460525504 IMP  1632847 6
8460527008 IMP  1433188 5
8460648404 IMP  3891628 40
8461038602 IMP  2955262 19
8461265203 IMP   824290 2
8461440378 IMP  2417596 13
8461678922 IMP  3194798 30
8461794004 IMP 10028528 192
8461941354 Win   394152 0
8461942903 IMP  4504556 37
8461969490 IMP   539648 0
8462059481 IMP  2270970 19
8462125128 IMP  2591331 27
8462744950 IMP  1293740 8
8462828858 IMP   809306 2
8462895827 IMP  2394240 20
8462959648 Win  3343598 34
8462985485 IMP  8899775 163
8463071917 IMP  1958551 5
8463164800 IMP  6440060 146
8463516753 IMP  6017438 126
8463700330 IMP  3477050 61
8463733161 IMP  2919494 23
8463764210 IMP  2803894 19
8463909794 IMP 10902996 212
8463993746 IMP  2332600 16
8464096407 IMP  3093575 26
8464360655 IMP  6241047 99
8464430294 Win   689470 2
8464505677 Win  5350255 39
8464530502 IMP  2292898 22
8464685358 IMP   634971 2
8464736063 IMP  5256631 43
8464800180 IMP  2128217 9
8465093203 IMP  2680673 31
8465163693 IMP  6625563 95
8465281809 IMP  7813519 176
8465589785 Win  4831685 43
8465654482 IMP   506795 2
8465850058 IMP   385971 1
8466057230 IMP  6721351 145
8466310032 IMP  6014132 100
8467062693 IMP  2719502 42
8467373183 IMP  4949572 40
8467745560 IMP  7678576 98
8468080707 IMP  1294881 4
8468163598 IMP  4120133 37
8468234712 IMP  2111981 7
8468269615 IMP   905253 2
8468376675 IMP  7670908 117
8468672756 IMP 11340966 291
8468988672 IMP  4281854 49
8469091811 IMP 11693086 293
8469179618 IMP  5500900 67
8469377905 IMP  1028319 3
8469474179 IMP  6976920 103
8469492128 IMP  4860185 54
8469677785 IMP  6703635 183
8470423382 IMP  2562643 26
8470568320 IMP  2852822 29
8470754184 IMP  2669825 17
8471199690 IMP  4343427 45
8471272943 IMP  1190512 6
8471328863 Intractable. 13229645 417
8471456186 IMP  5020953 51
8471576291 IMP   715597 2
8471674509 Win  1036372 5
8472212279 IMP   878498 2
8472321584 IMP  2072237 14
8473101682 Intractable. 10815830 276
8473325171 Intractable. 11397615 315
8473776190 Intractable. 15816932 410
8473878788 IMP  1810260 12
8474098988 IMP  2390410 9
8474282631 IMP  3658586 29
8474385279 IMP  1090225 3
8474516212 IMP  9338737 256
8474567616 IMP  3153955 25
8474618525 Intractable. 14196468 702
8474742478 IMP   748020 3
8474894074 Win   552195 0
8474972508 IMP   703694 2
8475072689 IMP  7721315 99
8475083423 IMP  9444729 183
8475147857 IMP  4654624 46
8475253560 IMP  7086468 131
8475304883 IMP  8322184 139
8475383331 IMP  1301238 4
8476262455 IMP  1475611 5
8476406997 IMP  1310222 4
8476546776 Intractable. 12880818 380
8476728801 IMP  7889105 143
8476731245 IMP  3319553 32
8476952311 IMP  4908402 135
8477079202 Intractable. 14422142 393
8477681023 IMP   421522 1
8477876378 IMP  6364580 96
8477948802 IMP  2989232 17
8478296457 IMP   506669 4
8478323743 IMP  2867888 50
8478516599 IMP  2635089 12
8478703171 IMP  3121174 17
8479568481 IMP  1954193 12
8479955167 IMP   265713 0
8480045747 IMP  3792398 28
8480197782 IMP   522067 1
8480249751 IMP  1093675 4
8480274170 Intractable. 14265401 443
8480395649 IMP  5539859 47
8480596934 IMP   534587 1
8480656286 IMP  3898102 54
8480735253 Intractable. 13605970 289
8480844689 IMP  2394526 11
8480911694 IMP  2147195 21
8480984517 IMP   841608 3
8481147859 IMP   693332 2
8481157368 IMP  3157954 18
8481202049 IMP   785981 3
8481254147 IMP  1380230 6
8481400946 IMP  6946446 102
8481403476 Win  5745237 46
8481675002 Win   192759 0
8481807593 Intractable. 14135518 296
8482052124 Win  1474398 4
8482133961 IMP  2214982 16
8482137936 IMP   664687 1
8482153953 IMP  1616687 6
8482296756 IMP  5472121 122
8482346989 IMP  1429086 6
8482519261 IMP  2788835 15
8482538580 IMP  8956448 138
8482615885 Win  1318773 4
8482625242 IMP  3775121 25
8482941339 Intractable. 13362987 292
8483046199 IMP   901436 4
8483258460 Intractable. 10635582 320
8483301005 IMP  2755473 15
8483683545 IMP  1528696 7
8483918229 IMP  1122342 8
8484093666 IMP  1956242 27
8484119873 IMP  2452524 14
8484145933 IMP  5482820 48
8484345855 IMP  2621124 17
8484642940 IMP  2763320 13
8484749171 Intractable. 13328827 410
8484754604 IMP  2364048 15
8484823168 IMP  4161680 53
8485279560 IMP  7264513 93
8485462134 IMP  3455980 30
8485537469 Intractable. 12849190 368
8485542465 IMP  2618706 10
8485590693 Win  6291866 108
8485870924 IMP   306648 0
8486123181 IMP  1163949 5
8486215087 IMP  4110644 30
8486255880 IMP  2314706 19
8486320683 IMP  1465389 7
8486377273 IMP  1454945 9
8486681336 IMP  1188105 3
8486806811 IMP  4993605 47
8486905898 IMP 12959012 286
8486907604 IMP  5858592 74
8486919153 IMP 10834521 234
8487087351 IMP  4516212 26
8487188218 Intractable. 11257330 258
8487266238 IMP   384574 1
8487599880 IMP   733815 3
8487720602 IMP 10868826 379
8487914468 IMP  3411027 35
8488041416 IMP  2331928 14
8488098193 IMP  7115551 169
8488122342 IMP  2965082 20
8488463381 IMP  2531299 28
8488567098 Win  1795067 5
8488886834 IMP  3364158 25
8488897680 IMP  6193495 177
8489137300 IMP   755366 3
8489154731 Intractable. 12469373 442
8489264436 IMP  1699645 12
8489334347 IMP  1618789 6
8489479624 IMP  1342203 5
8489496506 IMP   867034 2
8489600761 IMP  2609732 51
8489699486 IMP  2068232 23
8489834728 IMP  3700226 20
8489846696 IMP  3851121 160
8490077162 IMP  3078464 62
8490182617 Win   256685 0
8490570084 IMP  4615484 46
8490610927 IMP  6565421 69
8490630975 Win  6379759 74
8491025162 IMP  2426245 10
8491167744 IMP   570260 2
8491292513 Intractable. 14258543 402
8491589934 IMP  4034068 33
8491629864 IMP  2558484 17
8491647712 IMP  1114635 3
8491791577 IMP  1627054 6
8491997734 IMP  7530455 145
8492018846 IMP  1980258 11
8492035606 IMP  5048483 77
8492313897 IMP  5575206 67
8492448854 IMP  1687030 5
8492559881 IMP  1374781 10
8492732713 IMP  1193482 5
8492928001 Win   102916 0
8492954535 IMP  2348067 10
8492959108 IMP   367244 1
8493392168 IMP  1557001 9
8493539534 Win  1572664 4
8493796597 IMP  1959320 15
8494100851 IMP  1563891 7
8494211425 IMP   808152 2
8494215305 IMP  1368021 3
8494602922 IMP  3558510 27
8494867547 IMP  6010387 115
8495053382 Intractable. 12142987 300
8495097669 IMP  1377998 7
8495641574 IMP  2004830 13
8495669916 IMP  3262575 73
8495780787 IMP   433963 1
8495833123 IMP  2304390 16
8495977519 IMP  1624689 12
8496042997 Intractable. 12392384 385
8496046778 IMP 10090837 353
8496231724 IMP  2032989 11
8496234628 IMP  2242780 12
8496383308 Intractable. 14164330 355
8496501082 IMP  1376695 4
8496880236 IMP  2139845 12
8496973924 IMP  1952544 8
8497025982 IMP   523200 1
8497056516 Intractable. 12325652 263
8497118528 IMP  1511827 4
8497299169 IMP  3323502 45
8497486895 IMP  3544612 37
8497499461 IMP  2084890 7
8497588225 IMP  1540076 5
8497606350 IMP  2420158 28
8498055790 Intractable. 12517491 521
8498067148 IMP   907217 3
8498141205 IMP  1728386 14
8498225875 IMP  3476572 22
8498345714 IMP 10441096 279
8498422903 IMP  9963314 374
8498573962 IMP  1386302 4
8498595041 IMP  1572990 7
8498608470 IMP  2676867 20
8499047822 IMP  6927942 94
8499060506 IMP  5965782 57
8499187052 Intractable. 13680032 387
8499206231 Win  1543348 4
8499256749 IMP   528860 1
8499481610 IMP   879462 1
8499693480 IMP  1133658 9
8499774034 IMP  8480855 148
8499892655 Intractable. 13505658 630
8500076107 IMP  1607684 8
8500105282 IMP 10976963 365
8500123561 Intractable. 14017117 372
8500196702 IMP  7049527 191
8500210766 IMP  5425611 87
8500242987 IMP  2972035 40
8500315521 IMP  2184729 8
8500513372 IMP  2871181 49
8500633054 IMP  2607319 20
8500707305 IMP  8101351 195
8500874217 IMP  1693087 10
8501159295 IMP  8014275 142
8501183795 IMP  7806598 276
8501245293 IMP  3612032 27
8502293762 IMP  4296257 55
8502405677 IMP  1083784 6
8502418559 IMP  7943711 179
8502569470 IMP  2941031 29
8502788915 Win  2717949 23
8502797493 IMP  3421164 54
8502973960 IMP  6241746 54
8503146827 IMP  3847440 52
8503240333 IMP   483000 0
8503397763 IMP   778900 3
8503480880 IMP  1363630 6
8503593119 Win   125288 0
8503718090 IMP   933033 4
8503761844 IMP  3055244 23
8503812982 IMP  1258438 5
8503839263 IMP   740887 2
8504316817 IMP  2935440 28
8504539499 IMP  2976965 18
8504701958 IMP  2495347 17
8504868489 Intractable. 12702694 459
8504935776 IMP  1756201 8
8505171551 IMP  2813073 15
8505523948 IMP  2456562 12
8506173055 IMP 12762579 681
8506188753 IMP  2634752 10
8506215014 IMP  3281854 30
8506374749 IMP  1913059 17
8506443584 IMP   605865 2
8506894382 IMP  5856662 82
8507066899 Intractable. 12621451 284
8507284287 IMP   861537 2
8507524310 IMP  1100116 4
8507586967 IMP  2254088 21
8507650009 Intractable. 13861026 427
8507858617 IMP  2930063 25
8507960643 IMP  2048758 13
8508097807 IMP  5961810 85
8508111531 Intractable. 13131083 477
8508122526 IMP   933418 3
8508429487 IMP  2404943 10
8508550121 IMP  8218399 116
8508906598 IMP  1527090 18
8508996107 IMP 12128787 411
8509339358 IMP  5942656 86
8509389090 IMP  6150545 161
8509982876 IMP  3566481 37
8510164365 IMP  4221461 27
8510209544 IMP  9162025 339
8510680436 IMP   530765 1
8510688191 IMP  2260120 22
8510804503 IMP  2131954 20
8510814280 IMP  5076588 57
8511359944 IMP  5547425 54
8511397914 IMP  1782799 13
8511424222 IMP   973071 2
8511448690 IMP   761336 5
8511503617 Intractable. 12834103 406
8511584519 IMP  1110041 3
8511606068 Win  2564493 11
8511991386 Intractable. 12368211 340
8512139943 IMP  1755901 7
8512243813 IMP   941092 3
8512299204 IMP  1943701 10
8512331945 IMP  1517311 5
8512429523 Win   486255 1
8512432394 IMP  1326652 6
8512435146 IMP  1076018 3
8512463004 IMP  2440866 37
8512952525 IMP  1385356 7
8512981348 IMP  1368737 6
8513002948 IMP 11872843 317
8513192447 Intractable. 13385038 299
8513231609 IMP   385634 1
8513238075 Win   263778 0
8513348205 Win  3682878 50
8513557974 IMP  3395099 17
8513753243 IMP  1880965 9
8514028104 IMP  2077399 36
8514034039 Win  6168218 77
8514128259 IMP  3411598 27
8514313316 IMP  3672508 73
8514510277 IMP   911009 4
8514623406 Win  3447406 22
8514716376 IMP  2540167 27
8514875391 IMP  1377657 10
8515001202 IMP  8793445 165
8515321004 IMP  3360551 22
8516095207 Win  1941442 10
8516177875 Win  2459673 13
8516221212 IMP  3401869 61
8516236193 IMP  1233519 8
8516246377 IMP  1533085 11
8516534646 IMP   307121 0
8516560820 IMP  1639131 7
8516597871 IMP  8287434 332
8516871361 IMP  5158202 73
8516898594 IMP  1137343 3
8516942160 Intractable. 15233565 421
8516950830 Win  2461613 32
8517037320 IMP  7231705 77
8517063889 IMP  5988461 98
8517138271 IMP  1962109 8
8517305751 IMP  2819407 19
8517343070 IMP  1091526 6
8517388422 IMP   666248 2
8517448406 IMP  2417574 16
8517595347 IMP   412471 1
8517827716 IMP  2518523 14
8517928925 Intractable. 12568548 515
8519025566 IMP  3636793 59
8519080018 IMP  2678795 13
8519365148 Intractable. 12175226 249
8519524609 IMP   456019 1
8519548482 IMP   523507 1
8519609707 IMP 10449942 275
8519701304 IMP   941340 6
8519797510 IMP  1317355 8
8520167658 IMP  2300511 12
8520226883 IMP  1452357 4
8521043087 IMP   598304 1
8521109416 IMP  2070742 13
8521586032 IMP  5754289 53
8521800258 IMP   486309 1
8521903202 IMP 10395684 277
8522074371 IMP  3236167 29
8522143838 Intractable. 13158309 301
8522205814 IMP  9599269 158
8522417832 IMP   347697 1
8522493539 Win   643332 0
8522574734 IMP  8369046 153
8522680389 IMP  1869517 6
8522686290 IMP 11639049 189
8522744808 IMP  1925336 19
8523087205 IMP  3750942 33
8523252745 IMP  1073396 4
8523398768 IMP  3466887 33
8523604603 Win  1985564 8
8523992919 IMP  1305257 4
8524009827 IMP  5235760 98
8524206392 IMP  6305114 90
8524207725 IMP   232343 0
8524396087 IMP  4124605 33
8524604948 IMP  2062814 12
8524618851 IMP   466742 1
8524618901 IMP  1593194 9
8524784479 IMP   950762 3
8524800970 IMP  5247725 80
8524833176 IMP  5067603 57
8524858410 IMP  1708077 5
8525128959 IMP  1622886 13
8525470918 IMP  5538718 35
8525580428 IMP  8469657 201
8525631066 IMP   174994 0
8525797287 IMP   513262 3
8525834394 IMP   845359 2
8525881598 IMP  1538342 12
8526119386 IMP  1172881 3
8526164096 Intractable. 12538479 422
8526214291 IMP  1878922 8
8527043729 IMP   396985 0
8527173221 IMP  1133849 4
8527299664 IMP 11015816 287
8527303788 IMP  4764446 56
8527695095 IMP  2085825 18
8527926552 Win  2669730 19
8527928362 IMP  1424042 3
8528012006 IMP  1439836 3
8528107764 IMP  1606061 14
8528272335 IMP  7884524 130
8528318749 IMP  4475689 40
8528435906 IMP  5097792 35
8528498693 IMP   649795 1
8528600604 IMP  5311193 52
8528664333 IMP  2527614 22
8528797472 IMP  1302304 12
8529285994 IMP  1175779 7
8529571587 IMP   576363 1
8529753345 Win 11454739 257
8530162400 IMP  1498771 6
8530436516 Win  3093859 38
8530589414 IMP   974797 3
8530695180 IMP  2290587 13
8530815168 IMP  1103295 4
8530968554 IMP  2645275 36
8530993380 Intractable. 13233582 1337
8531114535 Win   554429 1
8531265393 IMP  4509665 35
8531357730 IMP  3732624 17
8531385978 IMP  2355975 13
8531453219 IMP  2191098 20
8531587532 IMP  7295464 81
8532004742 IMP   819834 2
8532370654 IMP  4756382 79
8532449140 IMP  2305799 8
8532489404 IMP  1361014 5
8532905609 IMP 12482973 535
8532926556 IMP  1758079 6
8533079589 IMP  1973490 8
8533091878 IMP  5854928 135
8533193067 IMP  3696968 27
8533235057 IMP  5339910 63
8533291055 Win  5279612 55
8533374969 IMP 13527268 374
8533912836 IMP  6462570 109
8534351700 IMP  3302911 19
8534508838 IMP  1053464 3
8534531122 IMP  1426067 10
8534567335 IMP  1775513 4
8534622740 IMP  3518420 16
8534934926 IMP  5195388 98
8535034776 IMP   501414 1
8535266139 IMP  6286237 99
8535432048 Win  2783205 17
8535500538 IMP  9651463 152
8535643031 IMP  2534911 10
8535653858 IMP  2791705 23
8535774520 IMP  8322749 181
8535861507 IMP  1702611 7
8535986529 IMP  2800258 32
8536098831 IMP   922541 3
8536223473 IMP   378022 0
8536262608 IMP  2308936 14
8536326755 IMP   544343 1
8536382869 IMP  2609812 12
8536579358 IMP  4941073 77
8536678229 IMP   406680 1
8536702250 IMP  2572875 46
8536738226 IMP   933445 2
8537016731 IMP   324788 0
8537294036 IMP  1010531 6
8537407532 IMP  4316273 59
8538645544 IMP  1901359 9
8538688083 IMP   183570 1
8539122962 IMP  1590896 4
8539304604 IMP   803629 3
8539354292 IMP  6922270 134
8539808828 IMP  1607799 6
8539971344 IMP  1208397 8
8539971940 IMP  1259935 4
8540315449 IMP  2388073 23
8540367883 IMP  3107809 55
8540421252 IMP  2680953 31
8540656724 Win  2601147 13
8540928625 IMP  3094802 23
8541053273 IMP  3199582 37
8541296309 IMP  1783039 11
8541383336 IMP  1174494 6
8541633023 IMP  3000631 23
8541650329 IMP  7421524 133
8541823764 IMP  1440846 6
8541872686 IMP  2224421 16
8541959275 IMP  5295230 104
8542030877 IMP  8193194 197
8542278128 IMP  1796697 8
8542588641 IMP  8880637 184
8542686774 IMP  1074401 6
8543123714 IMP  2063104 9
8543950009 IMP  1023701 3
8544199400 IMP  1684543 10
8544301443 IMP   571249 1
8544345397 IMP  4131446 32
8544383909 Win   858264 2
8544507228 IMP  4237422 36
8544572529 IMP  1275077 5
8544616157 IMP   688198 1
8544675695 IMP  8645700 202
8544883091 IMP  4250689 33
8545221160 Intractable. 12081374 308
8545229685 Win  2629276 19
8545305192 Intractable. 13048179 268
8545425118 IMP  7166748 95
8545694021 IMP   135682 0
8545867386 IMP  1616320 6
8546154691 IMP  4591688 44
8546391723 IMP  1003906 4
8546460996 IMP   523711 2
8546519241 IMP  3414000 30
8546869373 IMP  3966021 21
8547003868 Intractable. 12984557 241
8547389630 IMP 11223702 473
8547547827 IMP  4410302 96
8547566837 Intractable. 11540620 329
8547711803 IMP  1466849 8
8547801549 Intractable. 13902595 649
8547858234 IMP  3091094 31
8548115291 IMP  4185742 33
8548449019 IMP  1594160 25
8548618240 IMP   809630 3
8548638706 IMP  1712049 8
8548660301 Intractable. 11014788 318
8548862610 IMP  5033960 76
8549117211 IMP  1195884 5
8549155741 IMP  1153738 4
8549635598 IMP  3639892 47
8549669376 IMP  6566722 159
8549884108 IMP  1617665 9
8549961850 IMP 10197280 166
8550195438 IMP  2918617 21
8550257538 IMP  3046538 31
8550458716 IMP  3338566 30
8550610926 IMP  6167668 100
8550778645 IMP  1888832 5
8550849381 IMP  1192601 11
8551217766 IMP  2745543 22
8551314469 IMP  2322385 14
8551413627 IMP  6128206 118
8551564546 IMP  2134000 11
8551895474 IMP   264724 0
8552057825 IMP 11833280 373
8552126251 IMP  6495627 94
8552483016 IMP  9615550 154
8552553110 IMP  1409165 4
8552750383 Win  5267301 42
8552781321 Intractable. 11640807 361
8552932294 Intractable. 13786230 445
8553264605 IMP  3550324 29
8553298689 IMP  4536074 53
8553391590 Win  2542757 10
8553396185 IMP  2978052 27
8553418554 Win  1291523 3
8553466655 IMP  9585449 314
8553482046 IMP  4240582 49
8553485698 IMP  6424243 90
8553487961 IMP  6131732 74
8554247574 IMP  5217512 128
8554383838 Intractable. 13334885 657
8554388873 IMP  7132094 180
8554658359 IMP  1421129 4
8554709156 IMP  4607149 116
8554798214 Intractable. 12609914 701
8555323575 IMP  4416476 106
8555341066 IMP  1973563 31
8555697646 IMP  1115732 3
8555795823 Win  8327298 155
8555981380 Intractable. 11224156 619
8556297774 IMP  2224739 21
8556307757 Win  6042701 147
8556328637 IMP  1444540 14
8556354624 IMP  1613262 8
8556442043 IMP  5572418 165
8556626622 Win   414548 1
8556810153 IMP  7665185 105
8557131815 IMP  2721914 26
8557291793 IMP  2130500 7
8557327573 IMP  4412985 91
8557551926 IMP  1279747 5
8558409928 IMP  6299070 191
8558480067 IMP  3198437 17
8558580656 IMP  2071995 16
8558596700 IMP  2490085 8
8558705465 IMP   833558 3
8558718789 IMP  5083513 230
8558725999 IMP  2716491 21
8558887743 IMP   971330 2
8559269406 IMP  4583077 86
8559817196 Win   925726 2
8560011208 IMP  1245273 5
8560209970 IMP  2307227 11
8560273307 IMP  4792048 90
8560579228 IMP  1993279 14
8560586668 IMP  6207246 61
8560770873 IMP  1974039 7
8560782274 IMP  2035712 68
8560797156 Intractable. 12939462 722
8561193741 IMP 10808181 202
8561290306 IMP  3846223 24
8561845950 IMP  5117909 79
8562508434 IMP  3856511 39
8562555160 Intractable. 10955448 375
8562563924 IMP  1369862 6
8562801282 IMP  9830371 200
8563117248 IMP  1481670 5
8563151619 IMP  4255796 40
8563515420 IMP  6350788 89
8563934148 IMP  3113725 18
8564144936 IMP  2750620 18
8564209729 IMP  7654878 108
8564322175 IMP 12478370 267
8564387067 IMP  1656991 5
8564588377 IMP  8817696 358
8564623204 IMP    52883 0
8564754819 IMP  1002043 2
8564814213 IMP  2280615 22
8564857816 Win  3458520 17
8565023974 IMP  3286865 51
8565197978 IMP  1129887 6
8565317804 IMP  1193589 5
8565388213 IMP  1866219 10
8565814864 IMP  1755260 7
8566016024 IMP  1023588 3
8566098278 Intractable. 12936212 398
8566140706 IMP  4441391 51
8566201691 IMP  4499341 40
8566236082 IMP  3318907 31
8566239746 Win  2185619 11
8566376457 IMP   664027 4
8566506591 IMP  1241148 4
8566531971 IMP  5488311 56
8566753149 IMP   550690 1
8566763476 IMP  3822013 48
8567436747 IMP  7897347 119
8567450025 IMP  5049171 41
8567514542 IMP  1173770 4
8567651216 IMP  7062341 89
8567881696 IMP   835050 1
8568089956 Intractable. 14578449 435
8568191001 IMP  5133387 64
8568497870 IMP  3548439 27
8568629005 IMP   950719 3
8568672659 IMP  4350628 30
8568679317 IMP 15336658 388
8568739666 IMP  1779229 21
8569288483 IMP 10449175 267
8569394167 IMP  4625334 73
8569980934 IMP  3781468 31
8570043950 IMP  8777826 284
8570222011 IMP  2915107 22
8570387440 IMP  8939333 137
8570425737 IMP  1254568 6
8570440262 IMP   682736 1
8570543580 IMP  3708699 29
8570584604 IMP  4263771 79
8570663159 IMP  7420666 124
8570995541 IMP  4846823 54
8571007586 IMP   484141 1
8571032301 IMP  5193118 65
8571040504 IMP   449557 1
8571197372 IMP  1939813 12
8571301141 IMP  1510090 11
8571412745 Intractable. 15614564 377
8571519247 IMP  1461598 3
8572079476 Intractable. 11198170 583
8572124255 IMP  2300770 42
8572190773 IMP  6101079 69
8572883928 Intractable. 12752669 334
8573063337 IMP   608498 1
8573083291 IMP   883867 2
8573090426 IMP 10350904 247
8573141826 IMP  2794585 23
8573223554 Intractable. 14084039 407
8573376338 IMP  8311975 552
8573724174 IMP  4749462 36
8573749059 IMP  1068785 3
8573754963 IMP  1565911 7
8574552427 IMP  1278345 9
8574680012 IMP  1202122 3
8574755257 IMP  1000085 3
8574832706 IMP   253588 0
8575016211 IMP   444191 1
8575025808 IMP  6550262 304
8575059193 IMP  5495388 135
8575131381 IMP  7783808 142
8575233189 IMP  1628158 7
8575295884 IMP  1454464 7
8575411375 IMP  2515426 32
8575523127 IMP   794406 2
8575787247 IMP  2022349 9
8575842205 IMP  3388747 25
8575843669 Intractable. 12637467 462
8575901351 IMP  2006621 14
8575949801 IMP  5953526 63
8576106484 IMP  3473785 48
8576456429 Win  8631621 148
8576727808 IMP  3387519 32
8577010194 IMP 10044207 194
8577440514 IMP  5251237 218
8577482529 IMP  4428302 34
8577738178 IMP  2854444 14
8577936975 IMP  1969497 19
8578275408 Intractable. 15072274 432
8578387509 IMP  8454229 187
8578652873 IMP  1299240 4
8579208551 IMP  3590434 29
8579633854 IMP  3822982 41
8579688233 IMP  4867793 92
8579849422 IMP   586984 3
8579963305 IMP   927206 3
8581444015 Win  3853701 37
8581731428 IMP  3978658 28
8583911729 Win  1729140 7
8586476768 IMP  1656593 4
8588205767 Intractable. 11113585 560
8588272771 IMP 10644929 170
8588503147 Intractable. 12042002 274
8588687373 Intractable. 12047981 408
6 Win    42009 0
Number of Freecells: 3   Mode: 

Winnables: 126
Impossibles: 1415
Intractables: 153
Total time: 38 Hours, 49 Minutes, 35 Seconds
