4971238009 IMP 10042358 192
4971487884 IMP  7649486 101
4971533849 IMP  1350961 6
4971688110 IMP   596430 1
4971903081 IMP  3516281 22
4972072476 Intractable. 13444904 280
4972202094 IMP   994889 3
4972218160 IMP  2771708 20
4972549102 IMP  4253919 35
4972667617 IMP  1037810 3
4972719041 IMP   830873 2
4972837396 IMP  4263061 131
4972940322 IMP   220797 0
4972958933 IMP 10268118 428
4973039083 IMP  1098448 3
4973173886 Win  1883505 9
4973236700 Win   944865 2
4973277500 IMP  7483548 108
4973356272 IMP  2135776 10
4973427268 IMP  6783483 88
4974290400 IMP  1729983 6
4974351778 IMP  7087515 67
4975070839 IMP  1366943 7
4975501232 IMP  2461844 12
4975553471 IMP   722900 1
4975592890 IMP  4510764 67
4975770417 IMP  2387195 12
4975797737 IMP  3029295 26
4975913117 IMP   923425 2
4975916419 IMP  2384682 11
4975966431 IMP  1584891 11
4976381569 IMP  3005151 16
4976442079 IMP  2505076 38
4976594217 IMP  3408543 49
4976733904 IMP  4563987 59
4976885220 IMP  1610822 4
4976963342 IMP   681790 3
4977068838 IMP   862960 2
4977083746 IMP   880962 3
4977229248 IMP  6426139 138
4977545424 IMP  2469575 13
4977674848 IMP  1851996 15
4978267553 Win  2466913 11
4978294663 IMP  1325431 8
4978590966 IMP  1072481 3
4979132667 IMP  3484999 71
4979163164 Win  2543118 11
4979292850 IMP  1516616 8
4979420006 IMP  2694142 11
4979608497 IMP  6720607 97
4979886521 IMP  7101604 111
4980188215 Intractable. 12669234 335
4980207688 IMP  8753378 268
4980273050 IMP  7147741 161
4980343788 IMP  1985685 13
4980567283 IMP  1256758 3
4980630770 IMP  8672714 313
4980986006 IMP  1214575 4
4981373562 IMP  1945509 8
4981833655 IMP  5436464 78
4981990262 IMP   782404 2
4982092478 Intractable. 13809518 364
4982139458 IMP  3889051 28
4982177385 IMP  1840899 6
4982545452 IMP  3715028 41
4982999919 IMP  4720326 42
4983519113 IMP  1287454 4
4983590419 IMP  2412247 12
4983830574 Intractable. 12214757 403
4983850082 IMP  1308622 12
4984137306 Intractable. 12568846 832
4984160250 IMP   390486 0
4984262706 IMP  1305975 4
4984362153 IMP  1996707 10
4984486688 IMP  1348489 4
4984492794 IMP  1333149 5
4984640746 IMP  1874611 10
4984843587 IMP  1191569 3
4984868024 IMP   981913 2
4984880487 IMP  5928051 129
4984928070 IMP  1902625 17
4985085013 IMP  3894106 26
4985797786 IMP  1486958 6
4985970583 IMP  1652957 37
4985973308 IMP  3100759 24
4986047091 IMP  5745517 85
4986083142 IMP  3903697 42
4986115633 IMP    20381 0
4986293443 Intractable. 13419792 371
4986756306 Win  3710801 37
4987185171 Win  4021389 39
4987218414 IMP 13095720 516
4987288794 IMP  1935796 8
4987390813 Win  1417453 6
4987864891 IMP  4532265 39
4988233417 IMP  4146771 31
4988289294 IMP  6566381 69
4988623371 IMP  1177231 7
4989217890 IMP  1676720 14
4989479809 IMP  4469064 95
4989565158 IMP  4138440 33
4989620247 Intractable. 12334802 650
4989702568 IMP  4590643 44
4990069501 IMP  3806560 36
4990083552 IMP  1069886 3
4990229675 IMP  6149204 87
4990358510 IMP  1698256 12
4990507457 IMP  2596656 16
4990607900 IMP  3160027 27
4990938029 Win  3300852 22
4991481025 IMP  3367012 74
4991594879 IMP  1941759 8
4991877362 IMP  2031779 8
4992099726 IMP  7555113 138
4992742878 IMP  1157459 3
4992847900 IMP  1258934 4
4993249922 IMP  1727526 12
4993427862 Intractable. 12456469 569
4993671586 IMP  5854843 111
4994005219 IMP  6192044 85
4994174038 IMP  1369291 5
4994227461 IMP  2153130 16
4994236408 IMP  1590294 7
4994335320 IMP  2405889 16
4994588584 IMP  2805923 28
4994595667 IMP  3822560 20
4994806981 IMP  1278433 4
4994836691 Win  5796157 57
4995102830 IMP  2032734 10
4995247730 IMP  1411388 4
4995391532 IMP  2356051 12
4995510171 Win  9043881 150
4995549898 IMP  2710744 17
4995761953 IMP  2090765 7
4995781646 IMP  2863574 22
4995868539 IMP  1290245 5
4995881006 IMP   134554 0
4996110252 IMP  2062000 10
4996503223 IMP   797357 2
4996544979 IMP  2909427 23
4996564236 IMP  1279577 3
4996675352 IMP  6055060 100
4996740723 IMP  4873060 122
4996774868 Win  4583426 51
4996997877 IMP  9807133 380
4997092515 IMP   815349 4
4997239448 IMP  1888913 6
4997259347 IMP  2694390 18
4997291083 IMP  3737168 19
4997321902 IMP   525043 1
4997674085 Win  3202716 28
4997709715 IMP  7630674 103
4997881836 IMP   841598 3
4997957532 IMP   305666 0
4998040708 IMP   669653 1
4998082928 IMP  1006084 5
4998294809 IMP   913928 2
4998412841 Win   418720 1
4998700810 IMP  4544656 55
4998801578 IMP  1009017 2
4999134259 IMP   428206 1
4999200913 IMP  1765439 9
4999288124 IMP   360421 0
4999740979 IMP  1237246 8
4999886653 IMP  2623095 12
4999887745 IMP  1416143 14
Number of Freecells: 3   Mode: 

Winnables: 13
Impossibles: 145
Intractables: 8
Total time: 2 Hours, 50 Minutes, 13 Seconds
