2148587001 IMP 14039081 650
2149572792 Intractable. 12846160 370
2149951719 IMP  2887130 20
2151807875 IMP  5540930 53
2152659232 Intractable. 14587204 299
2152780575 IMP  4291325 39
2152975418 IMP  2122780 9
2156843370 IMP  9771049 161
2156868213 IMP  7685290 168
2157479155 Intractable. 13854000 368
2159992025 IMP  4438260 44
2165742423 IMP  3573855 26
2170333341 IMP  4853066 60
2172144633 IMP  5593046 101
2172629228 IMP  7723105 123
2175275288 IMP  4558241 35
2176011433 Intractable. 13133996 279
2180372672 Intractable. 12644605 686
2183966380 IMP 14832118 572
2184723317 Intractable. 13577020 384
2185527822 IMP  4006002 56
2185872138 IMP  5087124 69
2188086207 Intractable. 13745461 321
2190255575 Intractable. 13832242 402
2190724136 Intractable. 11804741 325
2192651871 Intractable. 13454826 362
2195655371 Intractable. 13922245 313
2195847048 Intractable. 13275432 327
2197618520 IMP  5290860 50
2199078386 Intractable. 13195822 286
2203781328 IMP  4899292 74
2204775288 Intractable. 11737870 337
2206584372 IMP  9030960 206
2208707279 IMP  9849148 182
2208981936 IMP  8661884 176
2210566155 IMP  9716292 293
2210704809 IMP  1507363 4
2211511814 IMP  6300615 130
2219767801 IMP  3574371 37
2220366155 IMP  4104327 33
2221231668 IMP   613499 2
2221767569 IMP   288135 0
2222623698 Intractable. 13477139 330
2222708687 IMP  5389379 63
2224829429 Intractable. 13009538 380
2225102170 IMP  2087436 13
2225176743 IMP  2443084 16
2225177116 IMP  1623884 6
2225469887 IMP  4849064 33
2226809960 Intractable. 13526191 311
2228326036 Intractable. 12707171 823
2228357681 IMP  4252842 36
2229376818 IMP  2289182 19
2231444455 Intractable. 12468189 332
2234013067 IMP  6225737 182
2234566960 IMP  4055410 77
2235600636 IMP  6237566 59
2235828415 Win  4235149 30
2236190035 Win  7932419 126
2237879892 IMP  7841832 123
2240548491 IMP  3399537 18
2240993788 Win  1127109 3
2242556197 IMP 11673967 208
2242845936 Win 10457205 190
2243207096 Intractable. 14567413 364
2243354803 IMP  8332867 200
2243797248 IMP  9532375 176
2243940852 Intractable. 13390070 483
2244025989 IMP  4454918 29
2244315918 IMP  7679678 124
2244353515 IMP  3003513 20
2244812626 IMP    16813 0
2245167844 IMP 13243129 417
2245275817 IMP  3635009 40
2245280128 IMP  5903092 58
2245659161 Intractable. 12288731 323
2245900666 IMP   684879 1
2246068310 IMP  2987317 25
2246441214 IMP  4362780 39
2246457189 IMP  2061982 19
2246522417 Intractable. 11886892 247
2246762049 IMP  2718865 12
2246946735 IMP  4163320 128
2247279457 IMP  4383275 63
2247970416 Intractable. 13679047 271
2247978459 Win  1707185 5
2247980871 IMP  2348568 11
2248382867 IMP  3150953 23
2248471024 Intractable. 12208360 315
2248536624 IMP  7591416 171
2248649843 IMP  9171131 132
2248734615 IMP  8881904 138
2249117034 IMP  3710170 24
2249142699 IMP  1059600 2
2250014042 Win  6917125 113
2250311224 IMP  4425454 47
2250354694 IMP  2753182 11
2250410824 IMP  2181030 8
2250566020 Win  6369239 101
2250925188 IMP  1443671 6
2251122902 IMP  5421928 53
2251492212 IMP  1704113 7
2251646697 IMP  6526962 76
2251662034 IMP  4848103 37
2251858932 IMP  1323394 6
2251924874 IMP   764436 3
2252134399 Win  3671139 19
2252308828 IMP   901334 2
2252328766 IMP  2722145 21
2252517532 IMP  3107723 24
2253263300 IMP  4545843 51
2253490301 IMP  7648331 112
2253757436 IMP  2676967 10
2253769640 Intractable. 13481443 524
2253960205 IMP  8429314 156
2253967205 IMP  1960802 12
2254017262 IMP  4325548 59
2254499127 IMP   481316 2
2254589156 IMP  4140203 27
2254668006 IMP  1572100 7
2254970224 IMP  3146596 21
2255237991 Win  3008375 20
2255511536 IMP  4803159 56
2255572014 IMP  3401041 55
2255724027 IMP  4811983 51
2255876749 Win  1409207 5
2255889492 IMP  4626612 49
2255984965 Win  1911019 10
2256491674 IMP  2585801 12
2256566871 IMP  5957209 149
2256715247 IMP  3048555 24
2256790445 IMP  2591585 25
2257111749 IMP   392539 1
2257393726 IMP  5697696 81
2257648211 IMP 10408598 217
2257835241 Intractable. 11931866 735
2258437096 IMP  8977700 157
2258477176 IMP  4597429 62
2258719067 Win  3184908 15
2258779435 IMP  1155422 5
2258909077 IMP  6392113 71
2259245357 IMP  6250545 169
2259511651 Intractable. 12584820 313
2259560116 IMP  5850776 139
2259643867 IMP  1949336 6
2260085249 Win   200756 0
2260421786 IMP  3205219 21
2260688232 IMP   832009 2
2260777825 IMP  4403433 34
2261045947 IMP  7938573 135
2261146627 IMP   396261 1
2261433244 IMP  1876931 12
2261851565 Win  2786962 14
2261936792 IMP  5478036 67
2262090474 IMP  2961090 23
2262118875 IMP  5546628 58
2262234823 IMP  1537891 6
2262719657 IMP  7267703 88
2263205632 IMP  1141422 8
2263235373 IMP  4473577 79
2263986731 IMP  1909529 11
2264460943 IMP  5724174 43
2264612013 IMP  1525390 6
2264707850 IMP  1427225 3
2265035142 IMP   255585 1
2265096439 Win  5403389 54
2265384169 Win  5993881 96
2265466919 IMP  1307186 4
2265747886 IMP   644688 1
2265802991 IMP  7325899 88
2265952139 IMP   580534 2
2266019761 IMP  2677003 25
2266253205 IMP  1856548 14
2266430036 IMP  6817800 155
2266815134 Intractable. 12610104 367
2266840789 IMP  1212712 4
2267191454 IMP   828687 1
2267489340 IMP   638566 2
2267834131 Intractable. 11498072 436
2267986793 Intractable. 12784989 376
2268082788 IMP  3530722 28
2268376063 IMP  1985782 11
2268700642 IMP  1191704 9
2268778316 IMP  6332049 165
2269236125 IMP  2527700 11
2269465089 IMP  8704417 143
2269541284 IMP  9073169 441
2269796618 IMP 10485210 201
2269996568 IMP  1295162 5
2270391055 IMP  4023030 32
2270404012 IMP  2246969 17
2270518748 IMP   773479 4
2271153018 IMP  1386625 5
2271248620 IMP  1237367 3
2271370459 IMP  9268944 182
2271573653 Intractable. 13213402 435
2271659452 IMP 12642506 247
2271905010 IMP  4660999 42
2272019281 IMP  2051629 12
2272134275 IMP   372523 1
2272159195 IMP  1687764 10
2273208155 IMP  1762147 10
2273345913 IMP  4585667 55
2273348966 Intractable. 12517773 266
2273492908 IMP  4144861 47
2273667820 IMP  7024199 246
2274103392 Intractable. 13132104 293
2274307997 Intractable. 12495981 263
2274559911 IMP  2755152 42
2274616634 Intractable. 12538571 389
2274662339 IMP  8894751 329
2275046713 IMP  7948336 133
2275147776 IMP  7369581 189
2275258725 Win 12301734 302
2275375650 IMP  4238682 41
2275396170 IMP  2745858 16
2275764094 IMP   820089 3
2275853116 IMP  4655002 75
2275941303 Win  3760411 22
2275967348 IMP 13919776 347
2276069725 IMP  1790045 14
2276186546 IMP  3619143 63
2276963865 IMP   542832 1
2277128504 IMP  9897706 232
2277141938 IMP  4884770 69
2277315188 IMP 11765293 239
2277636758 IMP 10470501 212
2277719720 IMP  1338221 5
2277790474 IMP  2970402 19
2278246436 Intractable. 11429934 1082
2278317214 IMP  1957437 8
2278410220 IMP  1062665 4
2278631485 IMP  5611422 64
2278765319 IMP  8696286 208
2278831135 IMP  1123363 4
2279046345 IMP 10444525 211
2279216654 Win   580067 1
2279252541 IMP   657830 1
2279480905 Win  6628761 108
2279580214 Intractable. 13854674 471
2279692369 IMP   646735 1
2279805728 Win  6693282 149
2280026680 IMP  3405840 19
2280463373 IMP  3835969 29
2280642511 IMP  5425278 67
2280722230 IMP  9620033 145
2280920367 IMP  6290559 90
2281167716 IMP  9671640 140
2281339659 IMP  7125886 85
2281418142 IMP   722661 3
2281479303 Win  4018417 34
2281812884 IMP  4856104 87
2282095165 IMP  4230249 51
2282102049 IMP  4676872 90
2282187545 Intractable. 12289085 325
2282250243 IMP  1234464 3
2282586344 IMP  3699698 24
2282741425 IMP 13247899 411
2282749154 IMP   858742 4
2283645299 IMP   978404 3
2284022903 IMP   307586 1
2284028898 IMP  1072386 2
2284242647 IMP  5400367 67
2284299603 IMP  3467096 37
2284326380 IMP  2530033 13
2284512733 IMP  8838709 281
2284903813 IMP  2992466 27
2285257272 Intractable. 13342041 328
2285455621 IMP  1859736 8
2285456989 IMP  2946298 13
2285870559 Intractable. 12294329 585
2286683186 Win  6738704 96
2286724829 IMP  3377992 66
2286997404 IMP  3511626 37
2287015684 IMP  5886371 69
2287021382 IMP  9445148 228
2287308134 IMP  2844017 20
2287331923 IMP 10630537 242
2287460755 Intractable. 11631667 305
2287476011 Win   689095 1
2287761188 IMP  5417266 73
2287778769 IMP  2688527 44
2287844967 Win  1824596 10
2287975535 IMP  1880372 8
2288078440 IMP 10768899 163
2288287407 IMP  1187079 3
2288337988 IMP  3324109 29
2288639769 Win  3654228 21
2288759796 IMP  2007225 11
2289041857 IMP  1846298 7
2289138323 IMP  2807469 32
2289653835 IMP  1692309 5
2289685823 IMP  3933817 48
2289769323 IMP  1412421 5
2289816280 IMP  1712600 7
2289951508 IMP  1720235 7
2290090782 IMP  8951606 187
2290289715 IMP   831256 3
2290397231 IMP  2654492 16
2290454263 IMP  1864660 10
2290467313 IMP   910628 3
2290766706 IMP  4340442 54
2290795871 IMP  3331290 25
2290974168 IMP  7716605 103
2290975551 IMP  1566924 13
2291037346 IMP  1377022 5
2291039218 IMP  6679947 225
2291277887 IMP 10573921 220
2291293557 IMP  2794007 23
2291525592 IMP  1241397 7
2291800678 IMP  7392098 91
2291821754 IMP  2868539 17
2292059590 IMP  2461535 9
2292110660 Intractable. 11918773 253
2292374987 IMP  3882106 26
2292385784 IMP  7453259 151
2292443416 IMP   406705 0
2292499231 IMP  2101527 10
2292752256 IMP    20257 0
2292894684 IMP  4438054 69
2294123624 IMP  3459544 25
2294212368 Win   980147 3
2294379070 IMP  3790582 41
2294601545 IMP  1301943 8
2294700870 Win  1133374 3
2294751499 IMP  7633805 132
2294874309 Intractable. 12731904 611
2294896774 IMP  2123803 11
2295151803 IMP  6457127 65
2295502903 IMP  2404541 8
2295516558 IMP  1705773 8
2295548880 Intractable. 11959930 628
2295579093 IMP  1467094 6
2295598803 Intractable. 13740141 500
2295683962 IMP  8483610 216
2295873847 IMP  3011058 42
2296293152 Intractable. 12403310 317
2296413948 IMP  2662682 21
2296635980 Intractable. 11318605 231
2296643940 IMP  1925286 8
2296727796 IMP 12401644 372
2296880504 IMP  1547474 8
2297078433 IMP   499814 1
2297254493 IMP   391310 1
2297333572 IMP   983807 4
2297390564 Win  2266786 12
2297521705 IMP  3562322 37
2297646193 IMP  3828363 44
2297980278 IMP  1800052 12
2298511606 Intractable. 12867047 580
2298548290 IMP  1837474 8
2298610908 IMP  3875485 42
2298625655 IMP  1139401 5
2298781561 IMP  1798431 8
2298946062 IMP  4616983 44
2299610223 IMP  8376260 169
2299647667 IMP  4294376 39
2299747096 IMP   349047 1
2299771714 IMP  2596015 34
2299797993 IMP   770317 1
2299806810 Intractable. 10338689 329
2299926484 IMP   434340 0
2299952071 IMP  1745641 9
2300190371 Intractable. 12969306 434
2300365713 IMP  2028238 14
2300388540 IMP   619840 2
2300438245 IMP   867087 4
2300459444 IMP  9008371 221
2300791033 IMP  4987562 56
2301075578 IMP  2393471 13
2301115539 IMP  6610174 146
2301118820 Win   170031 0
2301397731 IMP   936334 2
2301609534 Intractable. 14804974 754
2301761938 Intractable. 12245094 382
2301978666 IMP   958798 3
2302288971 IMP 13072158 655
2302530570 IMP  2516924 18
2302610279 IMP  1472474 6
2302619454 IMP   990179 2
2302823538 IMP  9308426 231
2302848843 IMP  2263595 18
2303060059 IMP 10808020 296
2303186147 IMP   357744 1
2303397064 IMP  1491721 7
2303848366 IMP   342811 0
2303939220 IMP   629341 2
2303990289 IMP   743083 2
2304029390 IMP  1347745 4
2304127984 IMP  4320030 35
2304310657 IMP  1878233 8
2304575298 IMP  1874291 8
2304760748 IMP  3097692 31
2304797388 IMP  1424117 4
2304858772 Intractable. 12077304 459
2304913487 IMP   964824 3
2304956626 IMP  1180046 3
2304998553 IMP   899320 3
2305011947 IMP  1158158 2
2305302997 IMP  3396623 47
2305388571 IMP   586114 2
2305493081 IMP  1399052 5
2305505286 IMP   526626 1
2305590240 IMP  2616433 16
2305921817 IMP  3429643 79
2306189605 Intractable. 11087759 245
2306516651 IMP   719223 4
2306648080 IMP   840556 4
2306671799 IMP  2203279 12
2306714875 Win  1033754 3
2306784080 IMP   937944 3
2306999192 IMP  2634953 13
2307483731 IMP   275426 0
2307589014 IMP  8301840 157
2307873024 Win   727782 1
2308102118 IMP  8114252 224
2308102126 IMP   732814 2
2308112128 IMP   843453 2
2308648953 IMP 11040057 264
2308791076 IMP   106038 0
2308884403 Win   481112 1
2309058788 IMP  1701651 6
2309267703 IMP  2437842 17
2309302431 IMP  1530697 15
2309361082 IMP   163077 0
2309464977 IMP  2119702 16
2309514531 IMP   568384 3
2309683039 IMP  9454395 133
2309848467 Win   758213 1
2309932330 IMP   730384 4
2309967791 IMP  2281523 14
2310019110 IMP  5343942 56
2310080936 Win  1355238 4
2310085633 IMP  3650239 36
2310093997 IMP   655233 1
2310795557 Intractable. 12014398 494
2310852400 IMP  3845110 22
2311012251 IMP  3240920 28
2311461923 IMP  8875224 164
2311798251 IMP  1806525 14
2311890664 IMP  3862355 33
2312263763 IMP   540951 1
2312301911 IMP  2070068 18
2312463540 IMP   767643 1
2312773517 IMP  2178850 19
2312957491 IMP   197562 0
2313081427 IMP  6645597 84
2313104708 IMP  1008815 3
2313212990 IMP   796510 2
2313258280 IMP  4774330 67
2313311550 IMP  1952075 8
2313342067 IMP  1758906 9
2313502405 IMP  4280112 26
2313888289 Win  5575270 56
2314163673 IMP  1380773 3
2314176358 IMP  1057474 9
2314675199 IMP  1727558 8
2314934251 IMP  1186930 4
2314941066 IMP  9461816 335
2315042557 IMP   829362 4
2315236023 IMP  5598306 58
2315264165 IMP  2891892 17
2315286700 IMP  1899026 6
2315306054 Win  1732062 6
2315454197 IMP  1442057 9
2315682810 Win  5135029 44
2315698212 IMP 11003277 473
2315699187 IMP  5824724 116
2315745090 IMP   468255 1
2315780049 IMP  2006524 12
2316023771 IMP  6939398 374
2316661500 IMP  4098060 43
2316775917 IMP 10293529 152
2316885392 Intractable. 13557053 354
2316910796 IMP  1239904 9
2317076353 IMP   514819 1
2317106634 IMP  8802611 265
2317409230 IMP   999281 6
2317563766 IMP   653222 1
2317616553 IMP  7410744 246
2317794758 IMP  1433971 4
2317841717 IMP   302189 1
2317865925 IMP   638261 1
2318003092 IMP  6166649 94
2318003221 Intractable. 13264109 387
2318034027 IMP   716980 2
2318045012 IMP  1746173 7
2318054570 IMP  1708908 10
2318103834 IMP  1604376 20
2318154766 IMP  2254089 21
2318194973 IMP   696827 2
2318350665 IMP   750046 2
2318519524 Intractable. 12079254 327
2318581648 Win  4842077 50
2318836657 IMP  6766715 87
2318927501 IMP  7680428 114
2318944238 IMP  5343741 49
2319267661 IMP  1050366 3
2319471064 IMP  6473547 123
2319556704 IMP 10678661 171
2320062914 IMP  4502269 93
2320309587 IMP  3131733 38
2320521278 IMP  3248166 19
2320602392 IMP  3529545 31
2320817629 Win   837091 2
2320960077 IMP  1743476 13
2321064293 IMP  1426225 6
2321522043 IMP  9251321 130
2321944284 IMP  2812923 21
2322003321 IMP   755804 3
2322008722 IMP   927845 5
2322084282 IMP  3047506 19
2322134979 IMP  1620674 18
2322367364 IMP  7658406 209
2322378039 IMP   725778 2
2322452617 IMP  8535978 248
2322531911 IMP  1611199 5
2322608426 IMP  1524662 6
2322858991 IMP   496404 1
2323070083 Intractable. 13193094 321
2323239743 IMP   312908 1
2323578524 IMP  1296048 4
2323815692 IMP  3683280 65
2323881270 Win  1997789 6
2323925556 IMP  4100418 47
2324070488 IMP  3075031 67
2324261270 IMP  1303033 4
2324271595 Win  2902196 24
2324376723 IMP  1050983 4
2324397496 IMP  1174948 6
2324454614 IMP 10509015 181
2324499392 Intractable. 13275392 362
2324574963 IMP   989442 3
2324775162 IMP  2250217 12
2324960217 IMP  3442917 47
2325121160 IMP  9493224 348
2325335354 IMP  3480041 21
2325771879 IMP  2494985 37
2325805284 IMP  4102899 55
2325906164 IMP 10409782 354
2326006404 IMP   821473 1
2326067085 IMP  1703069 9
2326073650 IMP  7672597 98
2326102848 IMP  1383401 10
2326145838 IMP  1200986 4
2326189286 IMP  1571619 5
2326282789 IMP  1708005 7
2326332167 IMP   999506 2
2326354397 IMP  4899735 51
2326551326 IMP  1809141 8
2326699758 IMP  7319232 127
2326754763 IMP  5795535 404
2326868694 IMP  4908415 49
2327097442 IMP  1168875 5
2327206519 IMP   634597 2
2327615393 IMP  6337923 143
2327739096 IMP  4639961 97
2327915253 IMP 12186009 817
2328009648 IMP  3128458 32
2328104003 Intractable. 12908586 331
2328127748 IMP   193759 0
2328261695 IMP  3819302 41
2328423655 IMP  1359322 4
2328575649 IMP   608209 0
2328615326 IMP  8889909 189
2328672628 IMP  4669934 66
2328726702 IMP 10947876 240
2328883265 IMP   488228 1
2329006104 IMP  1339792 4
2329565534 IMP  2691653 34
2329840334 IMP   517280 2
2329946519 IMP  4280994 34
2329968729 IMP   365382 1
2330044713 IMP  1695879 8
2330097192 IMP  2236055 15
2330106752 IMP  3976563 28
2330230820 IMP  4325332 28
2330379332 IMP  7387871 287
2330425851 IMP   228752 0
2330459217 IMP   665423 2
2330473961 IMP  1333517 5
2330686248 IMP  5126856 64
2330808295 IMP  3258547 47
2330901560 IMP  1892030 9
2331068030 IMP  3569852 34
2331110266 IMP  5802948 456
2331154255 IMP  1437631 5
2331162344 IMP  6353227 100
2331196454 IMP  4856445 49
2332058216 IMP  6824497 102
2332069418 IMP   793158 3
2332125151 Intractable. 15871872 874
2332209416 Intractable. 12080057 305
2332492194 IMP  2451958 12
2332650218 IMP  4644204 32
2332827436 IMP   866340 2
2333011277 IMP  3103715 32
2333364267 IMP  6934969 94
2333489150 IMP  4537815 86
2333521431 IMP  4144248 44
2333583598 IMP  1831203 11
2333591560 Intractable. 13237880 368
2333749866 Intractable. 12160063 293
2333854500 Win  3984042 40
2333908075 IMP  3833973 24
2333984869 IMP  4510947 36
2333996597 IMP   308174 0
2334014506 IMP  3191142 26
2334195915 IMP  1423852 4
2334635635 IMP  9985192 255
2334815115 Intractable. 14122028 333
2334868048 IMP  2457158 17
2334888474 IMP  1530111 6
2334896739 IMP  5146493 42
2335048057 Win   722706 1
2335071522 IMP   700120 2
2335080075 IMP  2951661 30
2335166669 IMP   485204 1
2335170068 IMP   328736 1
2335189674 Intractable. 14283939 499
2335359171 IMP  7920123 113
2335629803 IMP  6340133 256
2335711836 IMP  2685746 18
2335781688 IMP  3520996 22
2335981987 IMP  5016596 46
2336034097 IMP  1385388 6
2336100003 IMP   989110 3
2336652344 IMP  2981137 48
2336803517 IMP   138652 0
2336845210 IMP   706814 4
2336873126 IMP   323082 1
2337187135 IMP 10883882 265
2337312723 IMP  4986303 61
2337370624 IMP  4379493 118
2337658581 IMP  1198491 10
2338044112 Win  1399530 5
2338089017 IMP   459124 1
2338728018 IMP  5883947 52
2338883576 IMP  5268908 47
2338892824 IMP   819237 3
2339050520 IMP   832706 4
2339197262 Intractable. 12049953 457
2339236065 IMP  6362979 125
2339290205 IMP  2540775 24
2339740084 IMP  3217668 28
2339782783 IMP  2805768 39
2340048947 IMP  2860914 13
2340106425 IMP  2941845 28
2340364658 IMP  2243003 11
2340540651 IMP  2044527 10
2340608534 IMP  1122431 5
2340660956 IMP   715778 2
2341047561 Win   826121 2
2341076876 Win  1094298 2
2341183535 IMP   506096 1
2341437807 IMP  3382056 36
2341442529 IMP  3767785 31
2341609295 IMP   586264 1
2341706073 IMP   447988 3
2341827321 IMP  4575644 67
2341830813 IMP  3545351 24
2342071390 IMP  2411505 15
2342102412 IMP  1034954 5
2342298528 IMP  3315258 17
2342570424 IMP   699931 2
2342675863 IMP   298329 1
2342682699 IMP  1809938 9
2342802934 IMP   508396 1
2343240195 IMP  8742458 207
2343442773 IMP  8415433 218
2343705191 IMP  3496263 23
2343818781 IMP   923312 3
2343844778 IMP  2111837 17
2343850897 IMP  3772071 39
2344112432 IMP   494792 1
2344131940 IMP  1776659 12
2344141303 IMP  1949614 13
2344274246 Intractable. 12165245 286
2344370480 IMP  2327122 13
2344403864 IMP  1241217 8
2344421120 IMP  2346810 17
2344473596 IMP  1566636 6
2345132453 IMP  7464739 117
2345678442 IMP  1531148 6
2345726306 IMP 12844438 366
2346419214 IMP  4677401 49
2346744796 IMP  2016103 20
2346869990 IMP  3395952 50
2346934515 IMP   688730 1
2347304233 IMP   640845 2
2347320647 IMP  4605702 28
2347451673 IMP   559177 1
2347509298 IMP  6721740 118
2347546958 IMP   925988 10
2347629394 IMP   674811 2
2347706401 IMP  1167793 5
2347896138 IMP  5545234 63
2348032636 IMP   455225 1
2348481509 IMP 11390862 207
2348913031 Intractable. 12919960 1067
2349172247 IMP  1636787 8
2349280203 IMP  1579331 16
2349287817 IMP  1524801 7
2349552654 IMP  4203937 63
2349994742 IMP  4818151 60
2350027791 IMP  5013272 79
2350419636 IMP  1051971 7
2350872099 IMP  3152758 24
2350964940 IMP  3589514 29
2351025679 IMP    71259 0
2351036108 IMP 13427170 328
2351116344 IMP  3181646 36
2351175802 IMP  9126340 149
2351298229 IMP  6254097 65
2351316191 Win  1055662 4
2351518593 IMP  2244716 29
2351691467 IMP  1888588 8
2351702499 IMP  1976524 8
2352042544 IMP  2110125 9
2352138371 IMP  1287863 3
2352468494 IMP  3382531 23
2352469310 IMP  2481583 14
2352482112 IMP  2058516 8
2352549734 Intractable. 11449804 256
2352665535 IMP  1224621 3
2352683444 IMP  7086307 151
2352687608 IMP  7677329 70
2352893581 IMP  6471339 147
2353053759 Intractable. 12386225 363
2353596923 Win  1650718 5
2353649496 IMP  5773553 85
2354284228 IMP  5289004 92
2354390208 IMP  1307621 4
2354894025 IMP  8435444 143
2355000123 IMP  9615940 224
2355080588 IMP  1606471 8
2355105109 IMP  4401187 98
2355187560 IMP  3221915 21
2355712231 IMP  2183855 26
2355833818 IMP  8371995 171
2355906209 IMP  1392770 3
2356838063 IMP 14320657 609
2357298065 IMP  4918197 122
2357545079 IMP  1689611 6
2357991731 IMP  5621815 52
2357995534 IMP  5693355 106
2358039021 IMP 10541641 275
2358251918 IMP  1815996 9
2358314745 IMP 11044426 205
2358608905 IMP   726952 2
2358904764 IMP  1501937 4
2358931255 IMP  4917966 45
2359274687 IMP  4440424 32
2359347514 IMP  8533353 175
2359392341 IMP 11135775 319
2359709002 IMP  5810946 64
2359848787 Intractable. 12234423 448
2360098942 IMP   668473 1
2360140128 IMP  3595749 25
2360280208 IMP  4839361 54
2360386421 IMP  1683590 8
2360577820 Intractable. 13642160 527
2360935745 Intractable. 14302803 323
2361118350 IMP  1661076 7
2361147427 Intractable. 14531330 342
2361187760 IMP  2719187 20
2361188743 IMP  2724775 17
2361488021 IMP  1710968 12
2361652187 IMP  2751058 22
2361765861 IMP  2986089 35
2361839978 IMP  3801929 74
2361889296 IMP  1733953 5
2362152614 IMP  4406285 58
2362405235 Intractable. 12115198 444
2362428549 IMP  6739777 83
2362508509 Win  2505300 12
2363092587 IMP  6852629 97
2363537008 IMP  1573506 6
2364029052 Intractable. 12108932 297
2364316674 IMP 10289296 210
2364415404 IMP  1019012 3
2364443945 IMP  2802417 29
2364911928 IMP 10482895 326
2364994141 IMP  1084162 2
2365147807 IMP  5967851 138
2365158027 IMP  5425311 176
2365233564 IMP  2620701 18
2365421895 IMP  1107223 11
2365601259 IMP  1352544 4
2365707218 Intractable. 14141581 603
2365982541 IMP  4825603 44
2365997348 IMP  1222518 6
2366212059 IMP   716944 2
2366343638 IMP  1988193 10
2366446636 IMP  9511932 316
2366452534 Win   797948 3
2366494416 IMP  1634330 14
2366588980 IMP   498377 0
2367378369 IMP  3996892 32
2367388530 IMP  1791864 6
2367698219 IMP  1151983 5
2367988535 IMP  1800946 11
2368491598 IMP  4856379 49
2368803896 IMP  3443074 17
2370035574 IMP  1937728 12
2370626846 IMP  6283843 88
2370861540 Intractable. 12085048 666
2370875187 Win  2811258 11
2371134933 IMP  7521818 89
2371377254 IMP  8074867 204
2371513579 IMP  1150986 4
2371562239 Win  1425536 8
2371712013 Win  3106154 43
2371824958 IMP  9096003 149
2372097515 IMP  4303054 62
2372338433 IMP  2672097 14
2372650984 IMP  3446618 21
2373021581 IMP   900301 2
2373050921 IMP  2038942 18
2373412161 IMP  1922324 16
2373415258 IMP  1199768 3
2373428204 IMP 13762379 380
2373721647 IMP  3071350 52
2374029325 IMP 11463900 205
2374055472 Intractable. 12333542 540
2374075973 IMP  9603276 231
2374081784 IMP  1500316 10
2374838393 IMP   824308 2
2375038024 IMP  6053591 61
2375139291 IMP  7702095 130
2375252220 IMP   712586 1
2376257232 IMP  7797120 116
2376383268 IMP  1142541 3
2376407885 Intractable. 11309010 330
2376507149 IMP  1722168 5
2376682924 IMP  2829620 15
2376859910 IMP  2213218 14
2376984730 IMP   922316 6
2377044476 IMP  2394225 10
2377135285 IMP  2117390 7
2377289941 Intractable. 13906614 433
2377353741 IMP  3293986 34
2377401711 Win   514875 2
2377443296 IMP  2432593 16
2377481162 IMP  1718003 12
2377750205 IMP  1777790 5
2377760320 IMP   836298 2
2377908722 IMP  5065648 93
2377946826 IMP  6055858 113
2377966665 IMP  1161266 7
2378008061 IMP  1736276 20
2378097581 Win  3200253 14
2378297135 Win  2033248 8
2378385297 IMP  2949051 23
2378474856 IMP  8716732 249
2378754226 IMP  3532302 27
2378770637 IMP  1534997 4
2379117981 IMP  4209205 27
2379379075 Intractable. 16286443 621
2379490504 IMP 10816372 231
2379650111 IMP  3436796 34
2380019453 IMP  2166804 8
2380037902 IMP  2456259 19
2380153677 IMP 10734522 224
2380650454 IMP  2952888 15
2380919167 Intractable. 14373081 315
2381608617 IMP  2667929 18
2381609716 Win  2787807 11
2381621014 IMP  6898936 134
2381854607 IMP  6265267 101
2381891694 IMP  3089156 19
2381970702 IMP  2733960 21
2382496510 IMP  4892222 139
2382605981 IMP  1874193 8
2382703914 Win   844274 4
2382820311 IMP   875578 3
2382863250 IMP  4693365 64
2382864103 IMP  2058024 10
2383096989 Win  5935742 59
2383161793 IMP  9648695 159
2383476352 Intractable. 11204167 256
2383508888 Win  2160175 10
2383731847 IMP  3154779 39
2383920494 IMP  3728807 29
2384097269 Intractable. 13525626 342
2384607701 IMP  1635014 6
2384708640 IMP  3954130 29
2384982663 IMP  1899606 10
2385429124 Win   847894 2
2385706081 IMP  1234488 3
2385840918 IMP  4681405 51
2386557085 IMP  5684846 84
2386788329 IMP  1749135 19
2386875631 IMP   847322 2
2386932095 IMP  2711536 12
2387191079 IMP  4787750 48
2387206794 IMP  1477522 4
2387352778 IMP  4352325 37
2387416075 IMP  2491281 23
2387577276 IMP   447282 0
2387743315 IMP   588674 2
2387911232 IMP  2579175 13
2388297632 Win  1030092 2
2389194911 IMP  8722960 392
2389269452 IMP  2780905 16
2389794206 Intractable. 12740317 288
2390102788 IMP  5134968 53
2390112877 IMP  1984893 14
2390508166 IMP  3560692 28
2390571726 IMP  3099801 33
2390708425 Win   845859 1
2390732884 IMP   244485 1
2390741538 IMP   548449 1
2391531184 Win   484690 1
2391685260 IMP  9358946 119
2391709363 IMP 10832460 222
2391752981 IMP   688898 1
2391834703 IMP  4010453 58
2391953674 IMP  4495852 59
2392649603 IMP  1403068 9
2393395412 IMP  3371067 41
2393444405 Win  6141549 61
2393661860 IMP  3528785 31
2393842640 IMP  7667891 94
2394134034 IMP  2955258 15
2394621849 IMP  8220116 114
2394641894 IMP   999166 4
2394773916 IMP  3360990 14
2394915326 IMP   131166 0
2394949555 IMP  2322434 17
2395100669 IMP  5717407 66
2395770036 IMP   570804 1
2395962097 IMP  4100671 56
2396298631 IMP  6601087 118
2396535387 IMP  3880815 32
2396614480 IMP  2192491 24
2396949078 Intractable. 11245365 365
2397252655 IMP  1412186 4
2397346592 IMP  1731969 7
2397796684 IMP   444699 2
2398033548 IMP  7778982 140
2398210370 IMP  2056499 14
2398257264 IMP  2594078 15
2398368980 IMP  1195550 5
2398748222 IMP  1311205 4
2398987374 Intractable. 12826580 337
2399083358 IMP  2207958 11
2399172735 Intractable. 12317251 330
2399500407 IMP  3256899 18
2399508106 IMP  6692259 130
2399634589 Win  1640617 4
Number of Freecells: 3   Mode: 

Winnables: 67
Impossibles: 792
Intractables: 92
Total time: 24 Hours, 19 Minutes, 5 Seconds
