4500127762 Win  2801211 11
4500240186 IMP  1777253 34
4500376711 IMP  1630938 8
4500508545 IMP  2718283 13
4500690674 IMP  3614183 48
4501084653 Win   237912 1
4501091096 IMP 11718776 429
4501121509 IMP  1452855 7
4501165863 IMP   392944 1
4501261110 IMP  2451621 24
4501262592 IMP  2108344 21
4501301877 Intractable. 15098092 392
4501905518 IMP  2991370 23
4502009607 IMP  3502925 29
4502185963 IMP   940474 2
4502202695 IMP  2318210 12
4502367435 IMP  3334901 27
4502759315 IMP  2070294 8
4502783635 IMP  1789558 29
4502844526 IMP  4927163 39
4502866471 IMP  1294283 5
4502869318 IMP    27527 0
4503306673 IMP  1642337 11
4503327126 IMP  4011278 26
4503582702 Win   368467 1
4503617225 IMP  1789784 39
4503724960 IMP  7475943 125
4503817143 Intractable. 14449123 336
4503828544 IMP  3385661 30
4504188452 Win  1560643 14
4504207480 IMP  2043936 11
4504207978 IMP  1628738 6
4504361594 Intractable. 11245424 665
4504597995 IMP  1079772 3
4504713002 IMP   869992 3
4505069267 IMP   257827 0
4505337802 IMP 11566417 254
4505431532 IMP  1016952 2
4505676832 IMP  1417933 4
4505785168 Win 10357786 191
4505976958 IMP  2013975 11
4506057714 IMP  9139909 214
4506099230 IMP   477013 1
4506109631 Intractable. 12840561 642
4506132547 IMP  3681156 21
4506360307 IMP  5948054 73
4506580732 Intractable. 13911297 614
4506926832 IMP  1534562 8
4507019553 IMP  1162431 7
4507159275 IMP  2692868 20
4507240700 IMP  2133531 20
4507442052 IMP  2719164 16
4507445397 IMP  5222342 57
4507482938 IMP   851363 3
4507820398 Intractable. 12954659 311
4508046509 IMP  5195007 61
4508160275 IMP  2943281 38
4508507076 IMP  2558193 31
4508674683 IMP  2659261 28
4508781690 Win  6189886 63
4509002068 Win  1447510 4
4509003375 Intractable. 11703658 572
4509209225 Intractable. 12714294 424
4509408889 IMP  2450749 12
4509582327 IMP  4904067 41
4509587238 IMP  3163487 30
4509664873 IMP 11253263 206
4509795876 IMP  1779664 7
4510032153 IMP  3215093 40
4510063143 Win  1285996 3
4510314800 IMP  4047683 29
4510608134 IMP   597465 2
4510721430 IMP   716533 1
4510839337 IMP  4744607 54
4510862907 IMP  1732485 6
4511004955 IMP  2213128 16
4511355308 IMP  4554039 36
4511565437 IMP   706510 2
4511614427 Intractable. 12583426 414
4511944535 IMP  1677918 5
4512186835 IMP  2384778 13
4512242885 IMP  3689745 48
4512524262 IMP   567790 1
4512577025 IMP  3142478 30
4512589425 IMP  3006924 32
4512685393 IMP 11347391 265
4512732026 IMP  2516524 19
4512971907 Win  3529682 25
4513003102 Win  9418748 190
4513086826 IMP  1002037 3
4513120185 IMP  1514293 12
4513181920 IMP  2882088 37
4513259524 IMP  2279373 19
4513279181 IMP  7930051 126
4513414405 IMP  2796363 18
4513452657 Intractable. 13139655 265
4513518378 IMP  1876236 13
4513528585 IMP  6397160 72
4513634317 IMP  2849932 20
4514009646 IMP  1625000 16
4514018435 IMP  6758962 161
4514343928 IMP  7921905 146
4514583755 IMP  3058189 20
4514681639 IMP  5280267 83
4514751225 IMP 11414229 297
4515074153 Win  1376673 8
4515341530 IMP  1968045 12
4515495987 IMP  2487937 14
4515566730 IMP  4416249 98
4515737307 IMP   481559 1
4516213666 IMP  1635579 7
4516263994 IMP  9689413 141
4516665749 IMP  1136388 4
4516775931 IMP  3471896 31
4517229600 IMP  1710922 9
4517287686 IMP  7306213 133
4517352880 IMP  4878018 43
4517533321 Intractable. 13791203 451
4517729078 Win  8201308 105
4518081547 IMP  3811034 18
4518294641 IMP  4188819 34
4518405203 IMP   558570 1
4518721635 IMP  1457809 5
4519186972 IMP   175496 0
4519302938 IMP  1728228 6
4519323539 IMP   771110 2
4519955248 Win  5989845 66
4520089125 IMP   350860 0
4520375871 IMP  6419369 122
4520693913 IMP  6024511 147
4521072241 IMP  3201342 22
4521133551 IMP  1994489 8
4521527541 IMP  4286410 36
4521583868 IMP  2813113 17
4522073419 IMP  7808739 145
4522166698 IMP  2111033 8
4522582196 IMP  6951594 135
4522606490 Intractable. 13119457 346
4522954681 IMP  3222875 15
4523174804 IMP 13076781 391
4523476263 IMP 10138513 442
4523533763 IMP  1788188 10
4523769945 IMP  3223063 60
4523871247 IMP  1018890 5
4523893850 IMP   556130 1
4523962501 IMP   875963 2
4523976425 IMP  3902082 31
4524200099 IMP  1536384 5
4524618673 IMP  4374252 34
4524728970 IMP  3824432 31
4524896593 IMP  3441600 23
4525176680 Win  1951939 13
4525228741 Win  1534103 6
4525346070 IMP  6132814 111
4525761115 IMP  1516963 19
4525770638 IMP  5475738 57
4526126208 IMP  3975719 37
4526169695 IMP 10851821 302
4526373433 IMP 11054462 515
4526511546 Win  1821952 4
4526541942 IMP  1798336 16
4526887963 IMP   939005 3
4527104424 IMP   437003 1
4527323370 IMP  1498274 7
4527347338 IMP  1860210 19
4527376482 Intractable. 13755855 312
4527697062 IMP  5008303 75
4527788824 IMP  5272200 98
4527820869 IMP  5216425 87
4527979253 IMP  1465515 11
4528145229 IMP  2130364 45
4528398099 IMP  2003084 9
4528858261 IMP 10048702 430
4528946398 Intractable. 12205713 255
4529231725 IMP   452775 0
4529406556 IMP  4887409 53
4529438638 IMP  2571116 9
4529572074 IMP  3624888 66
4530302950 IMP  4840809 62
4530371505 IMP  1690500 9
4530395395 IMP  4968443 58
4530497129 IMP   835084 2
4530595302 IMP  1717809 7
4530810408 IMP 11287359 492
4530865556 IMP  2913739 22
4531035840 IMP   767396 1
4531152761 IMP   749211 2
4531390748 IMP  7480825 134
4531392000 IMP     9878 0
4531409033 IMP  5753409 360
4531471281 IMP   961765 3
4531519747 IMP  3741619 27
4531628135 IMP   608053 2
4531993035 IMP  4811254 53
4532365001 IMP  1181075 4
4532408961 IMP   715806 2
4532514621 IMP  5371489 42
4532795724 IMP 10144335 298
4532867414 Win  1523566 6
4532894664 IMP   321059 0
4533057972 IMP  2288810 19
4533307422 IMP  7802793 360
4533639070 IMP  1382313 4
4534118756 IMP  3356648 30
4534245019 IMP  7004103 110
4534521340 Intractable. 14628760 478
4534615667 IMP  5530668 57
4534755579 IMP  3607246 114
4534832478 IMP  4902520 44
4534931801 IMP   861583 2
4534995152 Intractable. 13171206 768
4535065946 IMP   423975 1
4535089519 IMP  2986190 14
4535257402 IMP  4415911 31
4535290157 IMP  4732865 70
4535402315 IMP  1171863 3
4535569278 IMP  1261531 5
4535779073 Intractable. 13138503 905
4535924148 IMP  1730920 20
4536071282 Intractable. 12564187 274
4536574970 IMP  3102458 24
4536689868 Win  3952174 34
4536702856 IMP  1396448 4
4536904024 IMP   328640 1
4537083374 IMP  7558757 151
4537471909 IMP  2084143 9
4537575442 IMP  7850781 115
4537706679 IMP  7571697 141
4537709229 Intractable. 11808026 284
4537769195 IMP  5692383 65
4537953476 Win  6023364 75
4538061847 IMP 11932342 321
4538197899 IMP   656169 1
4538255670 IMP  6523298 120
4538363102 IMP   424221 1
4538659055 IMP  9857773 159
4538701592 IMP   890220 2
4538825042 IMP  8682452 204
4538872268 Win  2172456 14
4539083116 IMP   935651 3
4539193603 IMP  2345792 9
4539475631 IMP  1012920 2
4539572915 IMP  2113235 11
4539769050 IMP  1639420 12
4539871726 Intractable. 12858260 303
4539960187 IMP  5262284 89
4540076939 IMP  1710879 5
4540246679 IMP  2998236 21
4540361296 IMP  1532840 12
4540390111 IMP   492609 1
4540416750 IMP  1210805 5
4540432785 IMP  5423598 54
4540911069 IMP  1272198 10
4540949812 IMP  7778755 91
4541003758 Win  2962351 15
4541234481 IMP  4577924 117
4541451547 IMP  1537564 6
4541548926 Win  3179129 51
4541565380 IMP  2443815 13
4541758519 IMP  7821840 132
4542736782 IMP  5705979 96
4542805565 IMP  6790637 122
4542867981 IMP  1836416 51
4543270587 IMP  2130306 17
4543309980 IMP  3067195 18
4543376354 IMP  1193153 6
4543856694 IMP  3810238 257
4544012106 IMP  7225831 76
4544120387 Win   434044 0
4544243722 IMP  2332098 16
4544316668 IMP   822147 2
4544458787 IMP  6992748 74
4544470337 IMP  3644845 48
4544488063 Intractable. 13688422 403
4544567310 IMP  5478664 85
4545408739 IMP  1977031 15
4545844226 IMP  3759509 60
4545847892 IMP  1534624 13
4546008710 IMP  1325401 5
4546132788 IMP  7239128 121
4546146658 IMP   938336 2
4546226576 IMP  3231308 18
4546261935 Intractable. 11276067 650
4546403778 Win  1988387 19
4546519588 IMP   543894 1
4546746821 IMP  2660004 17
4546748957 IMP  9018010 120
4547152347 IMP  8528226 408
4547256660 IMP  7890780 192
4547340897 IMP  1918577 19
4547542805 Win  2295099 13
4547843256 Win  9929356 222
4548045559 IMP  1882591 8
4548418522 IMP   437868 2
4548538368 IMP  3341332 45
4548582247 Intractable. 11606618 309
4548831252 Intractable. 12974649 344
4548896466 IMP   553021 1
4549040122 IMP  4884541 53
4549151238 IMP  7344645 99
4549162322 IMP   598723 2
4549204340 IMP  2884958 20
4549269074 IMP  4161164 30
4549431853 IMP   321195 0
4549479056 IMP   485634 1
4549836842 IMP  5014672 91
4550161896 IMP  2722257 45
4550339595 IMP  2650239 17
4550466700 IMP  1235950 3
4550535821 IMP  8263937 200
4550687136 IMP  3445634 37
4550906867 IMP  1232698 2
4551078125 IMP  1621096 6
4551108119 IMP  3212732 38
4551245542 IMP  2058686 12
4551269015 IMP  2420589 22
4551764412 IMP   527905 0
4551877019 Intractable. 12318209 656
4552070021 Win  3080577 24
4552328984 IMP  3629026 24
4552386122 Intractable. 11577412 441
4552606663 IMP  3641625 44
4552653860 IMP   500342 1
4552741321 IMP  3017946 101
4552754163 IMP  1953312 47
4552934224 IMP   667324 2
4553025688 IMP  2487748 10
4553639957 IMP  3320499 32
4553657411 Intractable. 13992663 321
4553752242 IMP  1019811 3
4553930377 IMP  4234575 45
4554142175 IMP  3153672 21
4554235939 IMP  6657354 96
4554284055 IMP  1654565 8
4554316618 IMP  1198075 5
4554732300 IMP  2351034 20
4554779077 IMP  2243853 12
4554943964 Win  1331894 7
4555151006 IMP   657564 6
4555214486 IMP  1337574 16
4555339491 Intractable. 11540686 400
4555788064 IMP  3286980 18
4555845986 IMP  1946147 11
4555934695 IMP  2291938 44
4556183809 IMP  1982617 9
4556434283 Win  5256785 45
4556590970 IMP  7911933 124
4556599890 IMP  3583953 70
4556708560 IMP  1225314 4
4556739346 IMP  2953918 16
4557093363 IMP  5171359 52
4557196977 IMP  2648722 17
4557985296 IMP   874212 2
4558056844 Win  3525351 29
4558187237 IMP   585677 1
4558353414 Win  7314796 123
4558551319 IMP  1496609 14
4558592247 IMP  6046926 121
4558908995 IMP  4110024 51
4559904423 Win   997111 3
4560031230 IMP  1083669 5
4560093893 IMP  5293828 92
4560552092 IMP  3571799 34
4560760698 IMP  2053740 38
4561020771 Intractable. 12451803 241
4561214728 IMP  2647776 22
4561358205 IMP  1593380 13
4561727350 IMP  1465709 5
4561931447 IMP  1221317 7
4561962707 IMP  2073182 15
4562056645 IMP   861257 3
4562116310 IMP  3313083 25
4562211034 IMP  5744033 84
4562297193 IMP   174480 0
4562455796 IMP  3045555 20
4562513440 IMP  3744669 36
4562789612 IMP  1670801 5
4562819402 IMP  6429529 115
4563215063 IMP  2171355 21
4563312839 IMP  2099448 11
4563419524 IMP  1843143 9
4563475872 IMP  3854344 28
4563504592 IMP  2969655 25
4563963401 Win  2673423 11
4564277723 IMP  5505155 51
4564394304 Intractable. 14344158 361
4564855275 Intractable. 14253344 427
4564947971 IMP  1292719 4
4565060116 Intractable. 11466607 440
4565171380 IMP  7130583 104
4565418099 Intractable. 13271734 348
4565482381 IMP  1466232 7
4565719601 IMP  5981198 72
4565725394 IMP  3321967 50
4565757074 IMP  1730675 16
4565984692 IMP  3414135 25
4566011846 IMP  7902272 509
4566072311 IMP  2845771 83
4566137290 IMP  3425889 26
4566238222 Win  9020624 182
4566274012 Win 11561620 302
4566313698 IMP   443374 1
4566587345 Win  5003689 39
4567239987 IMP   537080 1
4567556715 IMP  5518358 237
4567570858 IMP  1837287 22
4567651116 IMP  1703731 6
4567682058 Intractable. 11822266 1189
4567765899 IMP  1040340 3
4567766284 IMP   260902 0
4568209814 Win  2351098 14
4568251434 IMP  2217321 8
4568265001 Intractable. 15532704 472
4568273747 IMP  3979089 52
4568411714 IMP  5446194 154
4568492494 IMP  3034113 26
4568508545 IMP 12578768 675
4568895353 IMP  3215620 20
4569176973 IMP  6983513 125
4569191271 IMP   586362 1
4569269553 IMP  8607652 142
4569593811 Win   924708 3
4569597867 IMP   143211 0
4570176373 IMP  1882066 11
4570233926 IMP  1318117 5
4570678247 IMP  2150677 16
4570687888 IMP  4776475 40
4570782184 IMP  4708463 75
4570838472 IMP  2836849 20
4571467019 IMP  1719596 12
4571515152 IMP  1170389 3
4571537642 IMP   311385 1
4571555308 IMP  4540126 74
4571570493 IMP  3390370 23
4571669056 IMP  7240728 150
4571687508 IMP  1430502 6
4571747538 IMP  1352846 7
4571824296 IMP  2587660 16
4572420118 IMP  1401407 5
4572640624 IMP   927068 2
4572811485 IMP  2481298 14
4572962259 IMP  1785066 9
4572976476 Intractable. 14351267 312
4573116172 IMP   585368 2
4573130284 IMP  1331021 4
4573138840 Intractable. 13916171 344
4573356077 IMP  6394499 70
4573520306 IMP   904173 2
4573599360 IMP   576303 3
4573627371 IMP  4764625 56
4573675576 IMP   765442 4
4574069030 IMP  1493314 5
4575016525 IMP  4225172 46
4575054907 IMP  4754748 38
4575366023 IMP  8399066 204
4575437483 IMP  6848533 106
4575843418 IMP  7482678 180
4575908692 IMP   263657 1
4577050397 IMP  1432995 5
4577090718 Win   970863 4
4577418647 IMP  8407604 170
4577590038 IMP  1186343 5
4577738223 IMP  3732204 42
4577847997 IMP  2512014 20
4578478202 IMP   541661 2
4578969644 IMP  1027065 4
4579036052 IMP   922341 3
4579578910 IMP  7615710 123
4579753844 IMP  3235874 14
4580006993 IMP  3019047 15
4580264801 IMP  6084799 48
4580568559 IMP  4270156 77
4580682251 IMP  8544088 453
4580787669 IMP  1565331 8
4580808776 IMP  3340754 21
4581273617 IMP  3295340 70
4581305111 IMP  9996898 189
4581874442 IMP  2752948 28
4582128255 IMP  1339666 6
4582184473 IMP   827652 1
4582430720 IMP  3072172 27
4582445080 IMP  3535022 33
4582495459 IMP  5888345 66
4582564840 IMP  1507452 7
4582610990 IMP  5914356 103
4582655513 IMP  1427103 5
4583090878 IMP  3393473 27
4583462266 IMP  1193704 5
4583654097 Win 10060983 180
4583957197 IMP  4735631 49
4584052370 IMP  2898312 24
4584176168 IMP  6830658 136
4584224692 IMP 11580490 250
4584252052 IMP  2307993 8
4584284090 IMP  9782949 229
4584332031 IMP 10407143 564
4584536278 IMP 12321569 288
4584726722 IMP  1410480 6
4585004925 IMP  1214776 5
4585186878 IMP  3029796 24
4585301646 IMP  6453219 170
4585325073 IMP  1995693 15
4585814771 IMP  2469251 15
4585833066 Win   902860 10
4585855412 IMP  1043372 3
4585906130 IMP  1596060 8
4586140143 IMP  1227133 3
4586563299 IMP  2462463 14
4586609674 IMP  1725146 13
4586720062 IMP  6002295 133
4587054879 IMP  4874485 33
4587071440 IMP  2422973 15
4587398080 Intractable. 12953892 279
4587437092 IMP  7615510 138
4587566970 Win  1275781 3
4587600862 IMP  5249344 51
4587698351 IMP  7907704 263
4587812301 IMP  1484090 6
4588699259 IMP  4019849 47
4588824741 IMP  6785821 169
4588978139 IMP  4572940 97
4589089467 IMP  7977025 147
4589325973 IMP  7704180 137
4589348716 IMP  1646152 9
4590096158 IMP  2062318 18
4590147532 IMP  2602733 28
4590229831 IMP   408101 1
4590289449 IMP   877613 3
4590472891 Intractable. 13179238 366
4590589805 IMP  1239554 3
4590794839 IMP 10383291 166
4590870492 IMP  3847294 52
4591000348 IMP  2923307 12
4591165246 Win  1847102 7
4591687520 IMP  1541347 8
4591706343 IMP   630234 1
4591785105 IMP 10422250 204
4592046395 IMP  4492988 100
4592164897 Win  4812379 53
4592342390 IMP  2096329 8
4592407306 IMP  2192185 10
4592590346 IMP  1771659 6
4592801390 IMP  1378420 5
4592849842 IMP  3173787 26
4592971641 Intractable. 13709748 326
4593060006 IMP  8499139 198
4593412839 IMP  2775816 16
4593424254 IMP  1783300 6
4593607688 Win 11896377 212
4593624101 IMP  1559822 9
4594169597 IMP  2297871 22
4594645461 Win   170805 0
4594688404 Win  1613130 7
4594838269 Intractable. 15765058 502
4595009817 IMP   898636 4
4595631802 IMP  3242934 49
4595913470 IMP  3742988 35
4596784067 IMP  3472698 30
4596824185 IMP  9986779 190
4596980392 IMP  4286456 37
4597250336 IMP  2345925 34
4597490568 Intractable. 11220860 250
4598377554 IMP  7289134 116
4598554294 IMP  3145077 26
4598673808 IMP  2885711 19
4598724653 IMP  2271929 9
4598851801 IMP  3457503 57
4599137652 Win  3851638 52
4599175797 IMP  5021041 46
4599182824 IMP  3922292 108
4599281920 IMP   650272 1
4599494483 IMP  2742096 15
4599652793 IMP  8044711 185
4599846934 IMP  1735905 8
4599940694 IMP  2361745 19
4599956647 IMP 11963387 504
4600571210 IMP  1656381 8
4600637650 IMP  5757897 86
4600816841 IMP   892114 2
4600902523 Intractable. 12338111 270
4601064231 IMP  4517124 34
4601550756 IMP  3267772 35
4601848852 IMP  6113845 84
4602085340 IMP  1076984 3
4602215761 IMP  3709332 26
4602251700 IMP  4160670 64
4602542292 IMP 10446647 267
4602672932 IMP  1084094 5
4602813156 IMP   704745 2
4602832485 IMP  1134136 7
4603338515 Intractable. 14086334 669
4603371466 IMP  2337600 29
4603633918 IMP  2319886 11
4603790302 IMP  4213758 45
4603886445 IMP  1356915 3
4604030230 IMP  4048280 64
4604048127 IMP  3381347 17
4604185028 IMP  4589819 61
4604254566 IMP   801244 2
4604556093 Intractable. 14902533 356
4604766610 IMP  5040129 46
4604779643 IMP  9700937 145
4604806051 IMP   376476 1
4605144187 IMP  2223406 15
4605307439 IMP  3008542 26
4605411962 IMP   865312 2
4605511626 IMP  1597106 5
4605769700 IMP  9490591 179
4605820961 IMP  4933993 45
4605874753 IMP  5845314 402
4606055788 IMP  1748741 5
4606091159 IMP  2454630 41
4606164520 IMP  6193322 124
4606593008 Intractable. 12791483 378
4606655659 IMP   602312 1
4606722897 IMP  2026441 19
4606739852 IMP  7941953 142
4606746595 IMP   789505 2
4606956093 IMP  4789668 45
4606981873 Intractable. 11649034 503
4607062603 IMP  2366555 16
4607104392 IMP   549382 2
4607195121 IMP  1142140 2
4607201192 IMP  1451854 10
4607275395 IMP  4576959 78
4607290786 IMP  1144933 5
4607377864 IMP   892362 2
4607738274 IMP  2746704 19
4607751997 IMP  2402301 13
4607787427 Intractable. 11842896 497
4607853743 IMP  1966713 10
4607933545 IMP   483357 1
4607990539 IMP  2918881 27
4608004773 Win  6584459 80
4608095440 IMP  1549105 4
4608513753 IMP  1219241 2
4608513858 IMP   641173 2
4609024576 IMP 10676364 366
4609812179 IMP  2015817 11
4609940128 IMP  3284665 27
4610092317 IMP  4281910 38
4610705545 Win  5735740 66
4610754391 IMP  2527338 24
4610840224 IMP  1133990 13
4610868617 IMP 14649645 334
4611354913 IMP   580937 1
4611725444 IMP   530818 2
4611889768 IMP  5516222 46
4612025094 IMP  3224994 12
4612044103 IMP  3673429 23
4612205285 Intractable. 13367902 420
4612333522 Win  1313469 5
4612368366 IMP   941419 5
4612376904 IMP  2372078 16
4612410558 IMP  2082334 11
4612478764 IMP 12149173 282
4612483907 IMP  8371172 224
4612686473 IMP  7925371 135
4612774382 IMP  2317361 14
4612830568 IMP  1049895 4
4612854262 IMP  1991042 8
4612914811 IMP  1729073 65
4613018815 IMP  9099741 111
4613091332 IMP   856202 2
4613101268 IMP  2120410 11
4613229706 IMP  1882718 17
4613581762 IMP  1816988 6
4613630998 IMP  1044185 3
4613669230 Intractable. 13356826 568
4614009433 IMP  1673752 16
4614090724 IMP  2253103 11
4614157857 Intractable. 12803092 979
4614163739 IMP  7046520 104
4614499484 IMP  9530520 170
4614549753 IMP  3122759 25
4614726386 Win  1132854 6
4615164200 Win  1313805 4
4615178803 IMP  2107400 21
4615545798 Win  4888364 47
4616219720 IMP  1886154 35
4616409742 IMP 11124505 473
4616424530 IMP   647603 2
4616448548 IMP  1337113 5
4616519804 IMP  1560508 25
4616551906 IMP  2061472 14
4616783654 Intractable. 12633915 350
4616852404 IMP  4836371 52
4617181232 IMP   486122 2
4617404852 IMP  5670018 88
4617620553 IMP  1991210 36
4617687812 IMP  2928808 23
4618242435 Win  6143498 97
4618897361 IMP   504752 1
4618917158 Intractable. 13967098 311
4619275625 IMP   988945 4
4619739227 IMP  4512949 50
4619762507 IMP   648913 2
4619899450 IMP  4761621 80
4620560165 Win  3198143 31
4620584164 Win   692272 1
4620700638 IMP  5218405 53
4620702426 IMP 12077703 386
4620728450 IMP  2710089 20
4620823260 IMP  5602330 44
4621779805 IMP  1451243 11
4622165390 Intractable. 12952059 389
4622483018 IMP   546163 6
4622582106 IMP  3962126 26
4622600295 IMP  2733689 42
4622698676 IMP  6740432 105
4623364036 IMP  3025692 21
4623400215 IMP  7570465 173
4623461936 IMP   313292 0
4623474819 IMP  2529096 17
4624269718 Intractable. 13286444 477
4624313146 IMP  4446036 54
4624546375 Win  3937863 34
4624824277 Win   887928 1
4625032466 Win  1208852 3
4625346944 IMP   912003 4
4625462301 Win  5252540 39
4625840959 IMP  1241438 6
4625865917 IMP  2507256 16
4625936620 IMP  4762472 37
4625940609 IMP  1765363 5
4626531590 Intractable. 12361842 331
4626779187 IMP 11115444 408
4626926458 Intractable. 11937477 411
4626998594 IMP  1688362 8
4627337202 IMP  1295562 4
4627428882 IMP  2126518 11
4627448280 Win  1587045 6
4627770915 IMP  2945622 25
4628014081 IMP  4960381 86
4628221364 Intractable. 15875161 448
4628240239 IMP  2262580 15
4628351907 IMP   829290 4
4628487735 IMP  3673607 43
4628539295 IMP  1004061 2
4628724514 Win   827426 1
4628727365 IMP   614460 1
4628808967 IMP  3623666 66
4628866337 IMP  3113252 25
4628941591 IMP  1623863 9
4628992510 IMP  5374708 40
4629530462 Intractable. 11915423 350
4629726686 IMP  2498494 10
4630579181 IMP   540941 3
4630637924 IMP  1396666 6
4630662150 Intractable. 11778073 328
4630721022 IMP  2364751 10
4630798194 IMP  8180462 211
4630868722 IMP  3222218 22
4630962931 Intractable. 12174508 512
4631101212 IMP   256569 1
4631230142 IMP  2100166 13
4631369784 IMP  1895673 9
4631829079 IMP  1441672 10
4631917972 Win  3258984 16
4631930869 IMP   766648 3
4632157425 IMP  6090710 79
4632331336 IMP  1939276 11
4632355042 IMP  1235803 4
4632730898 IMP  4632582 93
4633012216 IMP   737100 2
4633270346 IMP  3438997 60
4633360906 IMP  2198075 10
4633475676 IMP   458630 1
4633771906 IMP   492733 2
4633853361 IMP  9958482 158
4633908181 IMP   767099 3
4633922087 IMP   260659 0
4634412986 Win  1574744 7
4634474737 IMP  8627119 190
4634476338 IMP  2718261 18
4634578945 IMP   987824 3
4634629135 IMP   770220 3
4634643684 IMP   844456 3
4634653087 IMP  3253898 15
4634989764 Win  3522366 51
4635265930 IMP  2743150 24
4635304204 IMP  6029053 77
4635444756 IMP  1618602 9
4635730747 Win  5731735 63
4636046405 IMP  3006762 17
4636115641 IMP  4252242 49
4636209767 Intractable. 12664306 428
4636250386 IMP  1398284 3
4636289285 IMP   755216 5
4636381735 Intractable. 13446708 311
4636436524 IMP  3788958 44
4636645448 IMP   795008 2
4637051780 IMP  1983455 12
4637086089 IMP   489159 1
4637124299 IMP   761633 2
4637232160 IMP  1185370 5
4637276062 IMP  2664592 28
4637456060 IMP  3728168 25
4637657774 IMP   257943 0
4637791892 IMP  1125888 3
4637964919 Intractable. 13823554 624
4637974958 IMP  5618763 59
4638090003 IMP   729667 3
4638377060 Win 12007609 266
4638406653 IMP  3996540 61
4638544223 Win   726476 2
4639063073 IMP  4406163 171
4639388145 IMP  3293521 24
4639389546 Win   348412 1
4639596431 IMP  1419968 5
4639596789 IMP  1143763 4
4639715820 IMP  1026901 3
4639910969 IMP  1181511 4
4640192618 Intractable. 12429318 680
4640247647 IMP  2994124 29
4640901962 IMP  1158316 4
4641044392 IMP  4001935 53
4641331180 IMP  1906335 8
4641334498 IMP  3099950 47
4641460915 IMP  1615563 5
4641674380 IMP  3890281 31
4641743709 IMP  1564096 4
4641860746 IMP 11263787 359
4641898220 IMP  8369024 122
4642212949 Intractable. 12593726 474
4642347748 Win  2008855 9
4642749782 IMP  3195779 50
4642846196 Intractable. 12781839 449
4642969780 IMP  8395919 235
4643294260 Intractable. 12729803 284
4643439268 IMP  4396005 37
4643465785 Intractable. 11292712 244
4643655122 Win  2870198 15
4643701780 IMP   531752 1
4643721907 IMP  1472365 5
4643764848 IMP  3419752 25
4644226998 IMP  1545220 9
4644416110 IMP  4777668 65
4644454463 IMP   306967 1
4644509989 IMP  3929946 40
4644528964 IMP  4056317 37
4644546965 IMP  1559839 12
4644777554 IMP   407267 1
4645004203 IMP  2427142 18
4645114100 IMP  9771909 165
4645160852 IMP  5554004 93
4645224244 IMP  4870463 118
4645255391 IMP 11095811 216
4645470552 Win  2457775 10
4645590262 IMP  1186407 4
4645608442 IMP   630467 2
4645617242 IMP  1581700 10
4645748661 IMP  4138461 44
4645782224 IMP  4305953 35
4645801420 IMP  3350137 34
4645969105 IMP   993681 8
4646001280 IMP   835686 3
4646079690 IMP   365083 0
4646240681 IMP  2326302 9
4646328266 Win  2598901 11
4646592816 Intractable. 12915399 278
4646798890 IMP  1795931 8
4647331083 IMP  4333324 47
4647721285 IMP   679943 8
4647780428 IMP  1973595 12
4647855127 IMP   165515 1
4647859853 IMP  1548463 11
4648311020 IMP  9257529 217
4648635071 IMP  3818543 21
4648638397 IMP   819282 3
4648928153 IMP  2621387 14
4648990997 IMP  4034582 41
4649070727 IMP   717787 3
4649137227 IMP  3652702 34
4649217584 IMP  7197064 97
4649260847 IMP  5522236 53
4649624294 IMP   788769 2
4649721217 IMP  8665707 123
4649872675 IMP  5586057 164
4649878740 IMP  8941329 133
4650139914 IMP  1820401 26
4650223964 Intractable. 11865001 314
4650386320 IMP  3522532 23
4650534569 IMP  2336594 14
4650646062 Intractable. 13138883 407
4650810817 IMP  1291361 3
4650832394 IMP  7786465 142
4650966216 IMP  8747333 148
4651515688 IMP  1876975 11
4651519004 IMP  4221509 42
4651553694 IMP  7986461 100
4651905287 IMP  6989220 102
4652508366 Intractable. 13398472 365
4652937065 IMP  8833315 120
4653137901 Win   407795 0
4653140095 IMP  1861979 6
4653282122 IMP  6961208 65
4653340440 IMP  7960622 108
4653588446 IMP  6721266 270
4653846959 Win  2405276 13
4654050401 IMP  2108345 12
4654138870 IMP   762174 2
4654179073 IMP  3136867 17
4654641889 IMP  6734624 127
4654737582 IMP   732649 3
4654922678 IMP   555542 1
4655070366 IMP  9462131 165
4655157893 IMP   813571 2
4655239025 Win   738711 1
4655291314 IMP   944633 4
4655463181 IMP  1067736 3
4655615554 IMP   754710 2
4656082033 IMP  1649327 9
4656357024 Win  6429592 79
4656374194 IMP  7039384 139
4656723370 IMP  6735806 136
4656876270 IMP  6268358 76
4656931538 IMP  1016420 3
4656933706 Intractable. 14444535 327
4656975135 IMP  7124951 137
4657221450 IMP   742671 1
4657590211 IMP  4887060 54
4657710660 IMP  1151911 2
4657886845 IMP  7379501 101
4658278251 IMP   254200 1
4658327704 IMP   654386 3
4658356148 IMP  4505971 32
4658408823 IMP  1041542 4
4658420717 IMP  1717936 28
4658435369 IMP  3462474 43
4658712572 IMP 10081468 386
4659051840 IMP  5370750 102
4659079213 Win  4927019 57
4659121640 IMP   952388 3
4659136224 IMP  8954606 194
4659365062 IMP  6419931 144
4659512689 IMP   184573 1
4659526464 IMP  2620671 25
4659702923 IMP  2621780 14
4660075154 IMP  1836282 10
4660103694 Win  7280059 105
4660214970 IMP  3469413 22
4660482223 Intractable. 12801941 274
4660623138 IMP   534949 1
4660756538 IMP   865731 15
4660892654 IMP   843563 3
4660972124 Win  1306177 5
4661283483 Intractable. 14593628 413
4661844413 IMP  7818074 86
4661932360 IMP   920201 2
4662109940 IMP  5271914 111
4662134203 IMP  4839131 40
4662169499 Win  2944885 16
4662233873 IMP  1634934 6
4662607690 Win   735132 3
4662612411 IMP   515592 0
4662718718 IMP 10969853 306
4662767556 IMP  3267594 15
4662863540 Intractable. 11768395 421
4662897856 IMP  1323182 7
4662924959 IMP   352335 1
4663025243 IMP  9422325 568
4663263970 Win   851507 2
4663375871 IMP  8217951 205
4663463216 IMP 10699348 202
4664105946 IMP   873316 2
4664196539 Intractable. 15526670 374
4665110780 IMP  3044356 23
4665364276 Intractable. 12004304 433
4665472420 IMP 10781514 447
4665908764 IMP  2407936 22
4665956567 IMP  1528457 10
4666330607 IMP  6257501 84
4666705206 IMP  5812934 58
4666706347 IMP  1361431 5
4666710768 IMP   471209 1
4666711773 IMP  4480038 88
4666808372 IMP  8146907 148
4666929907 IMP  3790388 28
4666953939 IMP  8248181 211
4667008570 IMP  1335543 3
4667085373 IMP   568423 1
4667237666 IMP  4178087 88
4667253002 IMP  1226289 4
4667381973 Win 11224844 240
4667504756 IMP  1644224 8
4667724208 IMP  4132664 46
4667845240 Win  8710372 123
4668263920 IMP 12462250 475
4668374079 IMP  1417855 4
4668501557 Intractable. 12671091 491
4668759589 Intractable. 11286450 349
4668777476 IMP   353076 1
4669062155 IMP  1140255 7
4669108327 IMP  3503786 37
4669139351 IMP  2534336 38
4669526784 IMP  1702806 8
4669583656 IMP  3904549 30
4669810014 IMP  1936293 16
4670036780 IMP  1366050 11
4670263141 IMP  2381575 14
4670295922 Win  2255245 9
4670406071 IMP  1117408 2
4670634336 IMP  1589455 12
4671017583 IMP  3843910 71
4671266370 IMP  3872323 45
4671309835 IMP  7738182 943
4671369960 IMP   522823 1
4671480670 IMP  1791169 7
4671504548 IMP   982729 2
4671570847 IMP  1559395 5
4671575698 IMP  2611209 20
4671743274 IMP  8540055 135
4671752105 Win  6029121 86
4671837376 IMP  6188319 52
4672073745 IMP  2228098 8
4672261587 IMP  4646179 38
4672387496 IMP  4191274 39
4672547345 IMP 10278395 166
4672686088 IMP   798390 2
4672944697 Intractable. 14223118 423
4673035680 IMP  3211040 30
4673159051 IMP  1337770 8
4673275167 IMP  9177935 334
4673329322 IMP  3273372 25
4673583507 IMP  1574242 6
4674064553 IMP  5067980 69
4674154603 IMP  5000397 94
4674164223 IMP  4888931 61
4674368069 Intractable. 15353485 377
4674448552 IMP  9080687 156
4674791666 IMP  2216622 29
4675268705 IMP  1103323 3
4675327661 IMP 11848924 363
4675333678 IMP  2042120 17
4675643415 IMP  2516713 20
4675755575 IMP   642724 2
4675869627 IMP  6023968 88
4676127409 IMP  1531544 8
4676133336 Intractable. 12081394 387
4676279233 IMP  1174454 7
4676687739 IMP  1879036 7
4677087644 IMP 11584662 400
4677263711 IMP   617833 2
4678022914 IMP  5151014 45
4678113776 IMP  1177992 5
4678555272 IMP  2099572 21
4678689435 IMP  1826160 5
4678712561 IMP 11132497 241
4678721357 IMP  1076977 4
4678738777 IMP  5158308 63
4679140408 IMP  2066488 8
4679563534 Intractable. 14187309 299
4679616313 IMP  6725678 161
4680457835 IMP 10505392 350
4680498853 Intractable. 11968055 359
4680505265 IMP   172380 1
4680778784 Win  1182764 4
4681438788 IMP  5064067 62
4681460708 Win  5017752 30
4681527363 IMP  4068049 53
4681676035 IMP   965183 2
4681781302 Intractable. 11765415 428
4681861558 IMP  3531429 30
4681949948 IMP  1565646 10
4682181371 IMP  3781309 54
4682249154 IMP  1454451 4
4682288021 IMP  6799154 76
4682315491 IMP  7784265 84
4682370848 IMP  1251656 9
4682457904 IMP   961632 3
4682467217 IMP  3382766 41
4682529062 Intractable. 12899557 496
4682609470 IMP  3477522 22
4682811923 IMP  1951198 5
4683170167 IMP  1587457 3
4683509580 Intractable. 14042292 523
4683815504 IMP   690998 2
4684176511 IMP   572498 1
4684237682 IMP  4496255 41
4684381578 IMP  2507588 23
4684544833 IMP   603138 2
4684611656 IMP  1946049 13
4684720043 IMP   271052 0
4684935147 IMP  2014139 17
4685243888 IMP  3710308 37
4685285639 IMP  1181653 5
4685403648 IMP  1600612 6
4685666853 IMP  1617314 5
4685912198 IMP  4995681 54
4685926917 IMP  2791309 18
4685957016 IMP  1147075 7
4686053002 IMP    30561 0
4686153110 IMP  3366111 27
4686540873 IMP 13604224 298
4686790730 IMP  5716235 48
4686797209 IMP  1327455 9
4687084578 IMP  1234484 4
4687130204 IMP  1662384 6
4687477668 Intractable. 15536158 365
4687505011 IMP  1457199 8
4687637577 IMP   699800 1
4687641831 IMP  1309465 4
4687839266 IMP   873491 3
4687968596 IMP   555731 1
4688068286 IMP  8045212 138
4688111305 IMP   515170 2
4688127381 IMP  1015041 6
4688284220 IMP   418527 2
4688317904 IMP  6469727 101
4688326866 IMP  1200578 3
4688446263 IMP  3870258 66
4688528125 IMP  5778567 111
4688593487 IMP  4551756 81
4688963328 IMP  1601824 7
4689045265 IMP  2009881 23
4689431222 IMP  2159533 9
4689536204 IMP  2154788 17
4690045569 Intractable. 12340565 297
4690383382 Intractable. 13224695 259
4690805416 IMP  6111938 80
4691322039 IMP  1981930 9
4691830324 IMP  2393212 16
4691961532 IMP  3699860 52
4692079560 Intractable. 14441051 400
4692750343 IMP  9946728 281
4693212427 IMP   790394 1
4693252119 Win  1997676 7
4693444935 IMP  9022114 320
4693718521 IMP 12677227 427
4693802925 IMP  4847273 63
4693890598 IMP  4719469 37
4694420101 IMP  3630993 31
4694588487 IMP   591265 1
4695126162 IMP  3382132 41
4695227550 IMP  2938234 27
4695323650 Solver Aborted.  9820332 277
Number of Freecells: 3   Mode: 

Winnables: 91
Impossibles: 952
Intractables: 93
Total time: 26 Hours, 53 Minutes, 43 Seconds
