2000763947 IMP 11704394 417
2002621393 Intractable. 11871892 233
2002903759 Intractable. 12071354 221
2003749499 Intractable. 12214371 233
2004551207 Intractable. 13924803 241
2004579076 Intractable. 10968213 314
2005416352 Intractable. 11392406 402
2005469575 Intractable. 11829852 213
2006372344 Intractable. 14057371 290
2006434336 Intractable. 14958792 579
2008640534 Intractable. 12430752 236
2013703561 IMP 10877231 362
2014997522 Intractable. 13042286 263
2015816338 Intractable. 12043078 263
2016744945 Intractable. 14225006 293
2017335696 Intractable. 11432486 391
2017393331 Intractable. 13354431 344
2018602325 Intractable. 13866549 565
2018849865 Intractable. 11081375 470
2021746165 Intractable. 11083344 299
2021907964 Intractable. 12418526 377
2022449277 Intractable. 12066528 258
2023401391 Intractable. 11884599 511
2023837204 Intractable. 11689037 247
2024927414 Intractable. 11673147 273
2026590964 Intractable. 12731472 225
2027041041 Intractable. 12627146 282
2029438795 Intractable. 12509250 537
2030621733 Intractable. 12463350 289
2032476750 Intractable. 12440429 213
2032800472 Intractable. 12798645 290
2033687394 Intractable. 11881135 242
2033979110 Intractable. 12712451 265
2035060107 Intractable. 14129102 250
2041791543 Intractable. 12378514 237
2042222976 Intractable.  9993026 223
2042257957 Intractable. 13117449 304
2043596936 Intractable. 11890860 291
2045031836 Intractable. 12759440 204
2048416877 Intractable. 11502153 216
2048539829 Intractable. 12512849 340
2051468653 Intractable. 12854392 692
2052904724 Intractable. 11728839 296
2054333408 Intractable. 11399552 395
2054977245 IMP 11627812 328
2059261447 IMP 12842743 212
2059606881 IMP  9943308 296
2062548899 Intractable. 11693330 192
2066652159 Intractable. 11002132 245
2067971116 Intractable. 13353672 343
2068011740 Intractable. 14025953 328
2070361817 Intractable. 12855505 220
2072122844 Intractable. 12086794 240
2075064318 Intractable. 11443160 644
2075718474 Intractable. 12848310 250
2075934099 Intractable. 11851120 695
2076953167 Intractable. 15496921 312
2079700938 Intractable. 11948113 220
2081432278 Intractable. 14447863 243
2084127993 Intractable. 13145693 207
2086393773 Intractable. 13256604 318
2087991894 Intractable. 13135135 366
2088806235 Intractable. 11567882 241
2089639018 Intractable. 14196858 255
2090749304 Intractable. 12275217 287
2091523301 Intractable. 11776753 210
2091848834 IMP 11484609 282
2093384141 Intractable. 12760501 312
2093531271 Intractable. 13214952 279
2093789135 Intractable. 13484393 330
2094011483 Intractable. 12451316 402
2096834725 Intractable. 13152668 227
2097015102 Intractable. 12442952 257
2098041053 Intractable. 12514365 235
2098678795 Win 12292616 205
2100607669 Intractable. 12900525 268
2100705321 Intractable. 11558477 726
2101857446 Intractable. 13131490 277
2104027662 Intractable. 12197099 281
2104095126 Intractable. 13823190 293
2104509232 Intractable. 12179758 377
2104761683 IMP 11706190 293
2105799734 Intractable. 13386412 516
2108634952 Intractable. 12811394 293
2110315281 Intractable. 12023103 227
2112206722 Intractable. 13879175 252
2112409411 Intractable. 12347848 353
2116469727 Intractable. 11927437 452
2117022091 Intractable. 13529433 228
2119030752 Intractable. 12171662 239
2119537841 IMP 10756367 622
2120029555 Intractable. 13765518 228
2120251700 Intractable. 13117056 248
2120348550 Intractable. 13058433 343
2120689656 Intractable. 12286095 254
2123878371 Intractable. 13190335 264
2128636103 Intractable. 12596924 201
2130370598 Intractable. 12021568 451
2133151046 Intractable. 11611790 266
2133540763 Intractable. 14297409 274
2134057585 Intractable. 10739185 215
2136963532 Intractable. 13051402 212
2139551913 Intractable. 11211016 400
2141603726 Intractable. 13275754 331
2144283436 Intractable. 10922047 283
2144597878 Intractable. 13864754 255
2145407274 Intractable. 12606502 279
2145740304 Intractable. 13050149 251
2147060021 Intractable. 12367965 197
Number of Freecells: 3   Mode: 

Winnables: 1
Impossibles: 8
Intractables: 100
Total time: 9 Hours, 25 Minutes, 37 Seconds
