2600029433 IMP   661038 2
2600366206 IMP  1907364 11
2600391617 IMP    94545 0
2600515821 IMP  1478281 6
2600536414 IMP   985154 8
2600558730 Intractable. 14139143 366
2600565831 IMP   786853 3
2600582190 IMP  4394752 44
2600867429 IMP  2630049 20
2600877644 IMP  4947118 55
2600879778 IMP  2569388 15
2600882948 IMP   786002 2
2600889423 IMP   508785 2
2600918223 Win   689370 2
2601085553 IMP  1027302 4
2601166072 IMP  4762143 75
2601206428 IMP  2909446 19
2601268545 IMP  1089596 3
2601403548 IMP  5865079 69
2601489816 IMP  5003510 51
2601543166 IMP  3459586 22
2601599034 IMP  3620634 86
2601710215 Intractable. 14430816 358
2602198776 Intractable. 14625398 660
2602212488 IMP  1238683 4
2602316836 IMP  3037735 22
2602377662 IMP 11532699 261
2602453872 IMP   183241 1
2602651738 IMP  6223542 81
2602734236 IMP  7413287 110
2602821622 IMP  1223465 3
2603077842 IMP 10061149 148
2603114078 IMP  6064823 79
2603242058 IMP 14743640 481
2603362114 Intractable. 15572820 339
2603400442 IMP  2467853 13
2603599317 IMP  4647917 45
2603660064 IMP   983208 6
2603767246 IMP  2806435 16
2603880768 IMP  3279486 25
2603992470 IMP  2283426 10
2604103969 IMP  5078087 69
2604307940 IMP  5523448 182
2604395208 IMP  9026949 218
2604425502 Intractable. 14104043 521
2604706926 IMP    58292 0
2604780629 Intractable. 13862817 568
2604976469 IMP   599130 2
2605199514 IMP   634880 1
2605264974 IMP   269946 0
2605436722 IMP   710891 4
2605596027 IMP  4489124 93
2605614087 IMP  5215893 81
2605846015 IMP  2772590 33
2606015896 IMP  1493278 8
2606105308 IMP   449973 1
2606146115 IMP  1124105 6
2606293233 IMP  3947103 27
2606304673 Win   451213 0
2606667737 IMP  2442984 21
2606708247 IMP  5612927 91
2606842811 Win  5077052 44
2606893026 IMP  2544622 11
2606929870 IMP   614610 2
2607192624 IMP  1732559 15
2607236823 IMP  1099651 5
2607305603 IMP  1986098 12
2607308273 IMP  2839035 17
2607382197 IMP  5450511 50
2607578461 Intractable. 12995250 343
2607889458 Intractable. 12464930 296
2607947930 IMP  6965443 142
2608061584 IMP  4100617 25
2608073678 IMP  4112267 27
2608299760 IMP  1678660 9
2608348400 IMP   424061 1
2608387495 Intractable. 12816143 341
2608443055 Win  1943483 8
2608516858 IMP  5193707 60
2608616784 IMP  2624056 45
2608871902 IMP  2876568 25
2608940544 IMP  1693179 20
2609060563 IMP   862695 3
2609714877 IMP  9411618 206
2609741447 IMP  1811093 9
2609816455 IMP  1170911 5
2610062800 IMP  1942941 16
2610169270 Win  1941567 5
2610303355 IMP  6529671 65
2610311814 Intractable. 12893960 544
2610320547 IMP   328852 0
2610498344 IMP  1163796 5
2610499976 IMP  1372265 3
2610718322 IMP  5298260 52
2610775647 IMP   890232 4
2610938914 Win  3200864 31
2611011356 IMP   912058 3
2611155517 IMP  1118785 2
2611897617 IMP   504944 1
2611913123 IMP   656579 1
2612127478 IMP  3939279 31
2612147422 IMP  8945069 125
2612232035 IMP 13855953 315
2612378502 Intractable. 13044989 300
2612554863 IMP  4953312 58
2612664833 Win  2448820 9
2613394409 IMP  6242441 62
2613423159 IMP   997265 4
2613824465 IMP  2771129 15
2613831924 IMP  2085792 21
2613953190 IMP  5666646 60
2614033453 IMP  1240989 3
2614199147 IMP  1387460 7
2614252360 IMP  3256351 15
2614304358 Intractable. 13530488 304
2614318156 IMP  2402433 21
2614382790 IMP  1351446 4
2614406592 Win   266193 0
2614506050 IMP  3438170 19
2614529486 IMP  1938828 29
2614613201 IMP  4311739 25
2614735894 IMP  1306610 7
2614779871 IMP  2337753 13
2614838928 IMP  2254474 8
2614872059 IMP 12531406 260
2614884398 IMP  2623446 10
2614950568 IMP   656849 2
2614998930 Win   190116 0
2615563235 IMP  1111884 3
2615732592 IMP  1618135 4
2615789173 IMP   523309 2
2615863485 Win  1361768 8
2615993582 IMP  9391698 277
2616085620 IMP   146493 0
2616205214 IMP   468751 1
2616368186 IMP  1440494 11
2616373945 IMP  6244206 158
2616453945 IMP  1792407 7
2616482599 IMP  5005394 56
2616837100 Win  6340721 74
2616840029 IMP  3082958 24
2616920295 IMP  3441690 52
2616922047 Win  1987595 11
2616934590 Intractable. 13028229 478
2616936292 IMP   328233 0
2617105952 IMP  2008030 10
2617336530 IMP  1199478 8
2617443869 IMP  6122161 97
2617588758 IMP  1205458 6
2617691573 Win   583447 1
2617842579 IMP  2305477 20
2617882137 IMP  1002232 3
2617987727 IMP   887584 2
2618211169 IMP  1897495 12
2618225562 IMP  1496530 4
2618340429 IMP  1376792 5
2618431274 IMP  2830816 33
2618537222 IMP   755654 1
2618888995 IMP  2715408 14
2619045718 IMP  1116652 5
2619115742 IMP   964950 2
2619300006 IMP  2495157 16
2619442168 IMP  5919900 68
2619571928 IMP  4383159 78
2619602305 IMP  1190599 5
2619746411 IMP  6340662 87
2619944322 IMP   626990 2
2620025149 IMP  2752342 13
2620172232 IMP   955798 14
2620226488 IMP  1453181 5
2621080407 IMP  7163031 100
2621132688 Win   237788 1
2621301835 IMP  2134277 8
2621523777 IMP   391424 0
2621601553 IMP  1995563 12
2621688203 IMP   825862 2
2621725626 IMP  2600250 17
2621745808 IMP  1219521 5
2621817823 IMP  4288784 55
2621834426 IMP  3907330 33
2621950998 IMP  5078874 52
2621962557 IMP  1654221 5
2622394212 Win   718174 1
2622804647 IMP  1548706 5
2622879093 IMP  4623095 34
2623013723 IMP  3287776 119
2623048487 IMP   557046 2
2623076117 IMP  2049070 9
2623217729 IMP  3361122 41
2623386383 IMP  1552229 8
2623403625 IMP  1264471 5
2623419812 IMP  1057241 4
2623448052 IMP  1210784 7
2623489449 Intractable. 13004094 309
2623795814 IMP  1807602 22
2623870274 IMP   804343 2
2623975181 IMP  1874399 40
2624005320 IMP  1588988 9
2624275485 IMP  1493000 5
2624383342 IMP  2824645 13
2624404429 Intractable. 12684561 247
2624405980 IMP   717461 2
2624480575 IMP   437340 1
2625071556 IMP  5422456 95
2625320953 IMP   803911 2
2625379750 IMP  5139305 60
2625380123 IMP  2652994 17
2625494525 IMP   675468 2
2625571065 IMP   623156 3
2625615726 IMP  1056470 6
2625745674 IMP  3696191 38
2625774550 IMP   311494 1
2625823452 IMP  6794259 66
2625858667 IMP  7740545 231
2625881563 IMP  4696401 74
2626026959 IMP   642606 2
2626041746 IMP  1803758 7
2626389691 IMP 11443725 238
2626677228 Intractable. 13887421 443
2626921029 IMP  1796868 17
2627318884 IMP  9347306 253
2627353045 IMP  7483106 100
2627390879 IMP  4753770 66
2627503746 IMP  3708892 34
2627525235 IMP  3860568 24
2627663027 IMP  7393010 98
2627694932 IMP  3179007 20
2627731507 IMP  5203327 62
2627891340 IMP  6484373 67
2628248495 IMP  2177822 9
2628276330 IMP   527414 1
2628338413 IMP  2404694 26
2628436864 IMP   602333 4
2628476710 IMP  3128068 18
2628739167 IMP  1135657 9
2629136581 IMP  2995701 32
2629702124 IMP  5876482 68
2629928485 IMP   784792 2
2630082666 Intractable. 12043443 452
2630167189 IMP  1380382 8
2630266441 IMP   626412 3
2630376427 IMP  1312181 5
2630549437 IMP  2362520 20
2631147269 Intractable. 11824103 472
2631161781 Win   251633 1
2631460750 IMP  6097735 60
2631898798 IMP  4911457 57
2631966741 IMP  3051558 65
2631998081 IMP  3148243 14
2632069620 IMP   525680 2
2632369114 IMP  1026874 3
2632424704 Win  4585476 51
2632593612 Win  1491578 6
2633058442 IMP   794894 1
2633078405 IMP   917380 2
2633522912 Win  2327873 9
2633712914 IMP  1655597 7
2633732541 IMP  1690472 8
2634005523 Intractable. 11505339 463
2634010800 IMP  9159448 267
2634039717 IMP  2111155 11
2634217737 IMP  1661463 8
2634330105 IMP  7478711 101
2634367510 IMP  1585727 8
2634827652 IMP  2290110 11
2635056093 IMP  2852108 18
2635095130 IMP  1153503 6
2635098899 IMP  2957210 46
2635410642 Win   443878 1
2635709657 Intractable. 15134593 440
2635762676 IMP   509707 0
2635782544 IMP  7531393 81
2635938142 IMP  1159917 4
2636197674 Win    79700 0
2636215266 IMP  1398845 4
2636292721 IMP  1217056 10
2636483612 IMP  2739422 19
2636654457 IMP  8167629 144
2636713149 IMP  1822045 14
2636877778 IMP  3652143 54
2636945422 IMP  2947539 19
2637074029 IMP  3496259 25
2637166617 IMP   295183 1
2637218330 IMP  4893650 79
2637259716 IMP  3769889 27
2637303790 IMP 11852026 287
2637355254 IMP  6189345 63
2637709428 Win    87053 0
2637714494 IMP   826885 3
2637837450 IMP  1501471 6
2637872499 IMP  5065232 55
2638128467 IMP  1683609 6
2638172970 IMP  1602063 8
2638259854 IMP  4645406 94
2638589878 IMP   910603 10
2638634544 IMP  1166510 6
2638692507 IMP   829750 3
2638713448 IMP  1434121 6
2638796782 Win 10517049 180
2638892096 Win  1418761 6
2639412324 IMP  2400277 47
2639685086 IMP  1784157 7
2639865362 IMP  2234157 11
2639872073 Win  9457252 199
2640130326 IMP  1432190 7
2640555346 IMP   629888 2
2640590161 IMP   406196 0
2640967987 Intractable. 13383584 461
2640993314 IMP  2454395 18
2641043524 IMP  1337162 6
2641123223 Win  1559654 5
2641278705 IMP  3914786 32
2641671100 IMP  3585628 27
2641680224 IMP   239520 0
2641783345 IMP   909722 2
2641818605 IMP  6155773 54
2642011279 IMP  5603912 52
2642057134 IMP  2703476 12
2642166255 IMP   458731 1
2642191261 IMP  3312831 54
2642197853 IMP   609950 1
2642471262 IMP   855539 8
2642523592 IMP  9072588 145
2642571932 IMP  6218533 158
2642631992 IMP  1344755 5
2642713475 IMP  3710813 50
2642746131 IMP  8147897 96
2643340552 IMP  2562237 12
2643543876 IMP   639789 2
2644097469 IMP  2237809 12
2644181684 Intractable. 13198850 535
2644226468 Win  2729426 11
2644605796 IMP  6634635 103
2644729564 IMP  5503156 76
2644866150 IMP  4631504 50
2644913502 IMP   693314 3
2645041642 IMP   621198 2
2645096870 IMP  2180877 23
2645110104 IMP  3192587 21
2645438131 IMP  2337127 11
2645503433 IMP  3977849 56
2646268986 IMP 10228848 173
2646526201 IMP  1483007 9
2646705345 Win 10722049 138
2646899981 Win  3669494 28
2647021588 IMP  6978020 65
2647114076 IMP  3287945 29
2647269772 IMP  2652503 13
2647623902 IMP  9316472 122
2647677289 IMP   969018 4
2647863660 IMP  4849148 57
2647979330 IMP  5999282 60
2648247033 IMP 10879363 242
2648297439 IMP  4168040 130
2649028046 IMP  1752967 10
2649044317 IMP  2935150 16
2649055505 IMP  1126592 4
2649104471 IMP  1121481 5
2649173769 IMP  6331673 134
2649365996 IMP  1136600 3
2649621122 IMP  4299164 23
2649679608 IMP   586199 3
2649848931 IMP  9081498 103
2650124401 IMP   920821 3
2650143026 IMP  4863353 50
2650677922 IMP  4039544 40
2650705102 IMP  1217149 3
2650758693 IMP  2079194 10
2650885825 IMP  6213087 82
2651066900 IMP  2565839 18
2651245432 IMP  2400046 15
2651259536 IMP  4712199 26
2651624651 IMP   893565 3
2651732490 IMP     8551 0
2651925167 IMP  1644906 4
2652068694 IMP  2324623 10
2652121846 IMP   670265 2
2652295380 IMP   474887 1
2652382323 IMP  1805597 17
2652466822 IMP  1088423 5
2652501561 IMP  2351207 43
2652666297 Intractable. 13338083 409
2652760523 Intractable. 13007912 263
2652803132 IMP  1827985 8
2652804146 IMP  2437723 12
2652821328 Win  2566975 10
2652842603 IMP  1154767 10
2652947682 IMP   889072 1
2653003609 IMP  1722194 10
2653050144 Intractable. 11323316 559
2653534731 IMP  1113359 3
2653823911 IMP  2500619 13
2654113305 IMP  3080171 29
2654202328 IMP   837872 2
2654250916 Intractable. 14455038 251
2654312197 IMP  5958405 69
2654332101 Win   358087 0
2654426468 IMP   660086 2
2654445075 IMP  7881732 183
2654888092 IMP  5580890 95
2655027963 IMP  3789834 20
2655133292 Win    79189 0
2655398174 Intractable. 13967075 1384
2655477239 IMP  3972245 26
2655512627 IMP  2673463 29
2655600984 IMP    61577 0
2655687860 IMP  1219033 3
2655777169 IMP  8879189 179
2656172771 IMP  1340627 5
2656204484 IMP  1935586 6
2656269168 IMP   841077 2
2656390513 IMP  1021879 2
2656675256 IMP  1735932 10
2656679414 IMP  1520821 11
2656769272 IMP   643887 2
2656798874 IMP  8661365 162
2656829250 IMP  2855009 32
2656843891 IMP   608681 1
2656844135 IMP   722484 2
2656847598 IMP   556231 1
2656855915 IMP  1166431 3
2657002499 IMP  5450120 62
2657840276 IMP  2152912 14
2657921765 IMP  5114087 46
2657947142 IMP  3925230 19
2657966501 Intractable. 15028156 354
2658083070 IMP  2384554 26
2658167188 Intractable. 13383566 402
2658418328 Win   857247 2
2658460181 IMP  3271173 50
2658703515 IMP   408674 0
2658877237 IMP  2709268 13
2659204988 IMP  2572134 11
2659258723 IMP  2422491 14
2659404060 IMP  1196009 9
2659453870 IMP  2172791 9
2659480245 IMP  4499085 31
2659562286 IMP  1167340 2
2659586790 IMP  1979897 7
2659910979 IMP  2159486 8
2660045265 IMP   534276 1
2660120311 IMP  1099141 3
2660256125 IMP  3994770 22
2660334088 IMP  1160521 4
2660493751 IMP  1644835 9
2660566401 IMP  4434999 54
2660582619 IMP   485322 1
2660766107 IMP  1815161 12
2660820297 IMP   868732 2
2660908039 IMP   342426 0
2661019667 IMP  2977896 33
2661030506 IMP  8100145 183
2661346619 IMP  2017708 7
2661576580 IMP  4855585 78
2661968846 Intractable. 11965172 371
2662039259 Intractable. 13323625 281
2662070950 Win  1032396 2
2662104020 IMP  2994679 52
2662236104 Win  5050683 32
2662260195 Intractable. 12103838 551
2662265430 IMP  3654007 32
2662276475 IMP  3987470 47
2662559365 IMP  1887994 18
2662590148 IMP  1277778 6
2662961052 IMP  1089682 4
2663099478 IMP  2709030 51
2663234430 IMP   820007 1
2663455929 IMP  3264469 20
2663653628 IMP  1649661 6
2663742203 IMP  6712631 215
2663746406 IMP  1439698 6
2663891677 IMP 12390569 247
2663983561 IMP  2344749 10
2664268662 IMP   494847 1
2664650269 Intractable. 12839671 289
2664872374 IMP   763075 3
2664927676 IMP  1102568 2
2665140418 IMP  1625311 7
2665277766 IMP  1456090 7
2665376994 IMP  1470261 6
2665481126 IMP  2020206 7
2665489669 IMP  4527513 43
2666122221 IMP  1495375 5
2666263585 IMP  9158927 294
2666362031 IMP   328983 1
2666501839 IMP  2662083 23
2666654626 IMP  1334110 7
2667096345 IMP  2441243 14
2667324810 IMP  2477770 21
2667377039 Win  1614144 5
2667477383 IMP   815923 2
2667697435 Win   599794 2
2667784587 Win  1266746 3
2667983867 IMP  1084423 4
2668152199 IMP  2234733 36
2668201193 IMP   993053 2
2668340749 IMP  1412838 12
2668510830 IMP  1279184 7
2668531904 IMP  6432608 48
2668614769 Intractable. 13396441 291
2668679433 IMP  2090747 9
2668926054 IMP  2275613 12
2668955427 IMP   365025 1
2668969854 IMP  1817272 9
2669205504 IMP 10531720 233
2669355819 IMP  1421438 6
2669629697 IMP  3296562 16
2669751481 IMP   584110 1
2669940524 IMP  1397403 4
2670028676 IMP  3720905 22
2670029103 IMP  2669037 13
2670045148 IMP 11781966 243
2670138413 IMP  7642857 86
2670155273 IMP   936973 3
2670173362 Intractable. 13076175 439
2670277362 IMP   169982 0
2670298416 IMP  2127267 19
2670352572 IMP   682709 2
2670469099 IMP   630287 2
2670830031 IMP  1777347 21
2670927409 IMP  2499645 17
2671033126 IMP  6470408 122
2671281639 IMP  3148043 13
2671290182 IMP  1363226 8
2671357470 IMP  2573450 33
2671512783 IMP  3952868 48
2671534010 IMP  2890357 22
2671853537 IMP  1446088 4
2671950844 IMP  4576711 47
2671954563 IMP  5384546 138
2671979213 Intractable. 15115836 365
2672313231 IMP  2067967 10
2672449165 IMP  1067217 7
2673154620 IMP  3788198 80
2673392045 IMP  1195891 3
2673446148 IMP   641232 3
2673705645 Win   880731 3
2673907033 IMP  4134088 47
2675235439 Win   277630 0
2675248418 Intractable. 13039754 488
2675253126 Intractable. 14687018 612
2675339971 IMP   729560 1
2675825108 IMP  9472027 130
2675962769 IMP  4313838 55
2675989392 Intractable. 12213764 270
2675998253 IMP   845985 2
2676012753 IMP  1989456 9
2676058489 IMP   283422 1
2676334927 IMP  2919914 31
2676448566 IMP  3659218 28
2676523418 IMP  9842966 235
2676629241 IMP    24795 0
2676671977 IMP   533697 1
2676816605 IMP   744691 4
2677048875 IMP  2144771 8
2677236588 IMP  7972162 240
2677786624 IMP   576993 1
2677844583 IMP  1812562 10
2677861379 IMP 10025286 292
2677931246 Intractable. 12181724 357
2678011312 IMP  3196501 65
2678229270 IMP  1272164 4
2678324619 IMP  5041375 86
2678395489 Intractable. 13310657 259
2678523542 IMP  2644860 23
2678547421 IMP   290658 0
2678804543 IMP  1349965 5
2679021075 IMP  3609176 36
2679033521 IMP   849202 3
2679156420 IMP   820127 4
2679317118 IMP  2880668 17
2679819012 IMP  2016819 14
2679860273 IMP 12129553 416
2680128156 IMP  6840956 263
2680492571 IMP  9645449 500
2680566950 IMP  5064603 48
2680688177 IMP   309841 1
2680757935 IMP  1655555 8
2680837170 IMP  6653394 227
2681148855 IMP  2993936 34
2681344288 Win 13370731 288
2681368695 IMP  1336824 11
2681408019 IMP  2161538 24
2681449851 IMP  5586131 110
2681986272 IMP  4880669 153
2682053455 IMP   737066 2
2682495643 Win  1520166 10
2682657704 IMP  3332757 39
2682809688 IMP  2935404 24
2682977409 IMP  3690951 30
2683359382 Win  2105593 8
2683546262 Intractable. 12558009 581
2683868562 IMP   482040 1
2683939168 IMP   709985 2
2684002890 IMP  7252126 82
2684148395 IMP   982544 3
2684206124 IMP  2768720 43
2684344822 Intractable. 12652326 544
2684360463 IMP  1526411 7
2684498647 IMP  4227579 80
2684546745 IMP  1679938 7
2684737657 IMP  4884565 67
2685389127 IMP  1059249 7
2685416855 IMP   645015 1
2685431759 IMP  2429765 10
2686061799 Intractable. 14017734 341
2686270062 IMP  7335957 89
2686402496 IMP  9256505 134
2686431854 IMP  1150335 9
2686440385 IMP   150306 0
2686492322 Win  4218231 47
2686517846 IMP  2892353 19
2686748536 IMP  3589985 31
2686896267 IMP  2670006 16
2686925474 IMP  4708086 47
2686980963 IMP  2193002 11
2686987687 IMP   929182 3
2687082907 IMP  4273788 54
2687108883 IMP  3731144 19
2687125177 IMP  5757267 54
2687131568 IMP  3203069 20
2687155781 Intractable. 12050214 665
2687325773 IMP  5355157 54
2687396285 IMP  6125333 62
2687690932 IMP  5327791 74
2687710968 Intractable. 14596701 331
2687955829 IMP  6615351 49
2688080980 IMP  6967453 92
2688118426 Intractable. 12688724 548
2688216143 IMP  6586588 93
2688488592 IMP  3736646 27
2688715154 IMP  1893012 13
2688878926 IMP  1540639 5
2689052817 IMP  2822829 21
2689216925 IMP  9707058 462
2689287085 Win  3915478 28
2689396236 IMP  4375480 27
2689432982 IMP   771699 4
2689437240 IMP  1016856 3
2689502229 IMP  1769556 4
2689995192 IMP  2567420 29
2690068324 IMP  7818454 143
2690082357 IMP  2770884 15
2690190146 IMP  3469142 43
2690252748 IMP  3513888 26
2690305682 Win 10617403 225
2690329000 IMP  2757539 15
2690470206 IMP 10352435 230
2690556565 IMP  2637046 20
2690801147 IMP  2758277 15
2690930447 IMP  1611167 12
2691147131 Win  1738456 6
2691266888 IMP   203906 1
2691293204 IMP  2378767 15
2691444179 IMP 12873446 300
2691589061 IMP  2649873 13
2691673911 IMP   916852 9
2691759402 IMP  7980559 95
2691941873 IMP  6587878 93
2692093533 Win  4103920 67
2692391950 IMP  1184327 4
2692473658 IMP  1254600 4
2692594641 IMP  2886782 17
2692646138 IMP  3387834 17
2692672063 Intractable. 13291120 357
2692725919 IMP  1938446 11
2693264569 IMP   573286 1
2693683191 IMP   272556 1
2693792196 IMP  1912425 12
2693915806 IMP  1466004 6
2693915923 IMP  1661663 11
2693922978 IMP 11593915 380
2694529183 IMP  1578092 8
2694555999 IMP  3675753 48
2694562038 IMP  1225455 12
2694578552 IMP  5387933 141
2694929705 IMP  2216135 58
2695051793 IMP  1079304 2
2695384033 IMP  1269146 3
2695395386 IMP  2665195 17
2695629171 Intractable. 14028352 435
2695956087 Intractable. 12779805 278
2696281299 IMP  3975619 67
2696411353 IMP  7628236 234
2696449595 IMP   431083 1
2696642409 IMP   945984 2
2696809509 IMP  2407803 16
2697065286 Intractable. 13757779 398
2697147835 IMP  2795510 14
2697254985 Win  1616731 9
2697602176 IMP   303414 1
2697764688 IMP  2387391 21
2697772603 IMP 10158670 180
2697777963 IMP  2605732 12
2697893651 Intractable. 12780085 493
2697904411 IMP  4151391 44
2698078818 IMP  7169611 118
2698278058 Intractable. 14833664 353
2698645569 IMP   927512 3
2698704539 IMP  2019020 9
2698708500 IMP  1393306 19
2698765408 IMP  1163808 2
2698846721 IMP   285055 0
2698902790 IMP  5222244 61
2698924914 IMP  9335103 200
2698934198 IMP  2257434 11
2698989463 IMP  1299355 4
2699162753 IMP  3174101 30
2699465570 IMP  3315690 18
2699847656 IMP  4956975 41
2699902572 Win  9269427 215
2699937008 IMP  3537669 22
2699951086 IMP  1424208 14
2700124017 IMP  3318867 42
2700150376 IMP  2674504 21
2700254807 IMP   408682 1
2700655253 IMP   536147 1
2700731545 IMP  2870557 20
2700771621 IMP  3426759 16
2700997737 IMP  1613597 5
2701037593 IMP  7239537 153
2701099208 IMP  6763410 111
2701224480 IMP  3928059 43
2701289652 Intractable. 12321946 396
2701944768 IMP  7148436 155
2702663180 IMP   763075 1
2702888032 IMP   664750 2
2702955601 IMP  3251733 30
2702966741 IMP  6544862 90
2703576773 IMP   704115 1
2703764480 IMP  1150786 4
2704000354 Intractable. 11859249 293
2704036047 Win  4141979 42
2704039752 IMP   636590 2
2704284463 IMP  2043278 22
2704300890 IMP  3744403 23
2704748305 IMP  4501525 77
2704754509 IMP  2256088 10
2704794566 IMP  2868927 18
2704888020 IMP  3288411 17
2704942649 IMP  1846734 5
2705041639 IMP   267373 0
2705181853 Intractable. 13755061 308
2705314465 IMP  3393412 39
2705351082 IMP  3855895 27
2705386865 IMP  5983511 84
2705556955 IMP  2769878 27
2705560411 IMP  2767214 19
2705989661 IMP  2060494 23
2706009565 IMP  4969930 45
2706322662 IMP  5731703 75
2706484583 Win   796154 1
2706818716 Intractable. 15757195 320
2707016990 IMP   732121 2
2707067484 IMP   620082 3
2707211957 Win  1036510 3
2707561365 IMP   566256 1
2707639028 IMP  5780314 113
2707957541 IMP  1121074 3
2707965532 IMP  9618769 173
2708238562 IMP   733425 3
2708666714 IMP  1623384 4
2708813200 IMP  3828063 38
2708869140 IMP  6666213 144
2709252657 IMP  1655191 6
2709289856 IMP   951053 3
2709312847 IMP   825039 2
2709639649 Intractable. 13067382 439
2709775411 IMP  4286210 93
2709900208 IMP  1352939 5
2709945297 IMP  6172178 103
2710236999 Win  3670590 25
2710274680 IMP  2330913 25
2710435330 IMP  3975469 41
2710487167 IMP  7692169 99
2710823983 IMP  7847504 223
2710898577 IMP  1069659 4
2711048853 IMP  1223410 3
2711157007 Win  2186162 9
2711196750 Win  4035194 22
2711725072 IMP  1106556 4
2711730522 IMP  5263621 109
2711822245 IMP  1751152 6
2711949703 Win   252706 1
2712051659 IMP  1542792 6
2712125140 IMP   839890 6
2712177357 IMP   638626 1
2712275983 IMP  1094353 5
2712352543 IMP   584576 1
2712714684 IMP  1952707 9
2712797712 IMP  1693525 10
2712861266 Intractable. 11831874 310
2713203052 Intractable. 12214673 404
2713734451 IMP  2460258 11
2713839735 IMP   471123 1
2713951344 IMP  1086666 3
2713965758 Win  4903579 34
2714060018 IMP   781755 2
2714373614 IMP  8302864 184
2714389255 IMP  4245167 72
2714500864 IMP  1016028 4
2714500908 IMP  2199493 17
2714568467 IMP  2144704 12
2714846244 IMP  4556929 30
2715153342 IMP   682565 1
2715210578 IMP  8192443 131
2715304889 IMP   342716 1
2715349703 IMP  1958508 11
2715463369 IMP  1991859 7
2715472254 IMP   569696 1
2715542729 IMP   142766 0
2715667683 Intractable. 10460737 300
2715767253 IMP  1562854 6
2715802800 Intractable. 11738529 310
2716054167 IMP  1052995 3
2716398226 IMP  3188279 36
2716633556 Intractable. 14495717 302
2716757181 IMP  2320694 11
2716811492 Intractable. 12700647 264
2716840334 IMP  6273646 76
2716878165 IMP  4483871 90
2716892576 IMP  7410967 130
2716966746 IMP  5953565 75
2717250118 IMP  6102402 55
2717302282 IMP  4411784 56
2717428908 IMP  3012057 17
2717436131 Intractable. 12185797 368
2717614604 Win  2108225 10
2717633141 IMP  8819214 152
2718535128 IMP  1912288 7
2719235293 IMP  3481466 44
2719544018 IMP  2017029 15
2719881475 IMP  8446272 164
2720025457 IMP  3002159 55
2720160316 IMP  1596886 7
2720210987 IMP  1611134 7
2720223640 IMP  2110594 13
2720352919 IMP  5041188 64
2720490532 IMP  1621142 9
2720562494 Win  3996746 34
2720663772 IMP  5135269 57
2720753263 IMP  3369487 19
2720973933 IMP  6745688 177
2720998385 IMP  4777031 82
2721104694 IMP 10719245 395
2721164361 IMP  2057564 12
2721185968 IMP   711619 2
2721446322 IMP  8965351 145
2721643778 IMP  6109256 61
2721718294 IMP  2566156 21
2721884234 IMP  6182226 227
2721936128 IMP  1475047 8
2722038287 IMP  2915368 24
2722056014 IMP  1910422 11
2722376978 IMP  2867221 28
2722529462 IMP  1701587 6
2722610577 IMP  2611981 22
2722725380 IMP  4252684 37
2722877838 IMP  2049662 7
2722921781 IMP  2075079 10
2723181380 Win  6074339 81
2723225117 IMP  8079576 121
2723225860 IMP  2536914 13
2723255639 IMP   677551 1
2723264301 IMP  6708982 189
2723377773 IMP  1951641 13
2723448931 IMP  2258562 14
2723745951 IMP  2785006 30
2723810754 IMP   115227 0
2723886517 Intractable. 13536350 674
2724063650 Intractable. 14201067 314
2724194073 IMP  1155182 6
2724354275 IMP   591778 1
2724643845 IMP  1338011 7
2724916392 IMP  4351443 87
2724952841 IMP  1745421 12
2724962399 IMP  1032661 5
2724982714 IMP  4685396 67
2725381288 IMP   407953 0
2725548117 IMP   885645 3
2725598999 IMP  5397010 159
2725610056 IMP  2848638 20
2725858642 IMP  1125884 4
2725959079 IMP  7706637 444
2726014155 IMP  3406116 19
2726029431 IMP  7192213 113
2726284613 IMP 10465227 222
2727372274 IMP  2141606 12
2727385557 IMP 13575089 335
2727995476 IMP   433769 1
2728155334 IMP 11384657 554
2728155517 IMP  2083511 9
2728229540 IMP   471570 0
2728319841 IMP  9970999 195
2728522877 IMP  2531894 34
2728577674 IMP  3261102 97
2728579312 Win   816007 1
2729035802 IMP  2459879 21
2729272524 IMP 14522750 483
2729376069 IMP  5134729 68
2729510988 IMP  2115527 11
2729761533 Win  1585909 11
2729860591 IMP  6674039 78
2729965478 IMP  2483223 51
2730105074 IMP  1055936 6
2730314451 IMP 10209922 407
2730337445 IMP  2993974 16
2730560270 IMP  1178110 4
2730717084 IMP   225062 0
2730829835 Win  2355162 9
2731476482 IMP  6522787 121
2731552713 IMP  4871522 44
2731635621 IMP 10440533 489
2732003281 IMP   468146 1
2732046430 IMP  5851194 76
2732252005 IMP  8384483 138
2732272294 Win  1035108 3
2732548496 IMP  7065183 98
2732648730 IMP  1486124 4
2732713635 Intractable. 11858284 317
2732881862 IMP   811387 2
2733361049 IMP  7420823 172
2733477975 IMP  1326293 3
2733576613 IMP  1336270 4
2733758547 IMP  1907069 6
2733888241 IMP   613413 1
2734298096 Win  2956865 18
2734472001 IMP  2609986 18
2734613324 IMP   115621 1
2734832040 IMP  8500198 147
2734892586 IMP   786189 2
2734996636 IMP   845291 2
2735335907 IMP  3243647 22
2735346205 Win  6039858 66
2735975559 IMP  4496845 85
2736246372 IMP  7489379 91
2736320334 Intractable. 12531596 504
2736448213 Intractable. 14686570 322
2736776795 IMP  7333316 121
2736876541 Win  2155416 8
2737028173 IMP  4309015 34
2737101954 Win  2190956 10
2737140165 IMP  2646086 20
2737368141 IMP  3667057 25
2738028500 Intractable. 12303099 289
2738505755 IMP  4230552 18
2738553762 IMP  2160375 9
2738683105 IMP   290123 1
2739075624 IMP  7252732 108
2739329376 IMP  1832075 17
2739643546 IMP  2773702 27
2739890008 Win  8007688 108
2740039572 IMP  2876164 14
2740053949 Intractable. 13716364 470
2740122317 IMP   808001 4
2740182301 IMP  1380626 5
2740937151 IMP  1180226 4
2741027689 IMP   246116 0
2741196590 IMP  4477054 51
2741358026 IMP   738804 1
2741458460 IMP  2913143 18
2741592540 IMP   810707 2
2741613674 Win  5172800 55
2741641311 IMP  2766041 28
2741750032 IMP  1444714 6
2742113300 IMP  1563234 11
2742497863 IMP  1043090 3
2742635004 IMP  1417848 6
2743846355 IMP  3978287 44
2743901291 Intractable. 11265619 317
2744560273 IMP   633294 1
2744844179 IMP  3883657 47
2744997595 Intractable. 15399112 488
2745428358 IMP   848081 2
2745690900 Intractable. 11698560 397
2745900637 IMP  4550091 30
2746037819 IMP  2174730 7
2746484608 Intractable. 15050556 428
2746612497 IMP  1191920 3
2746923474 IMP  4644984 31
2747021835 Intractable. 13209905 361
2747229808 IMP  3017256 19
2747260618 IMP  3487073 26
2747441456 IMP  2996721 25
2747463903 IMP   722454 3
2747625468 IMP  1354683 6
2747745051 IMP  2499922 21
2747802902 IMP  2040041 14
2747830932 IMP   630802 6
2747994740 IMP  1008543 7
2748144667 Win   758581 1
2748181082 IMP  1493775 12
2748376774 IMP 11242499 280
2748583355 IMP  6256808 86
2748800644 Win   489700 1
2748851574 IMP  4245623 28
2749381058 IMP  7268102 132
2749603779 IMP  3234067 157
2749637919 IMP  4192297 45
2749686015 IMP  1997528 8
2749790729 IMP  3248269 47
2749813209 IMP  4612810 70
2749909302 IMP  1948275 10
2749928143 Win  1596865 6
2749963583 Intractable. 14090925 537
2750478812 IMP   962499 2
2750647589 IMP  3381201 16
2750759173 IMP  2718547 23
2751007944 IMP  5431608 68
2751031427 IMP   875892 3
2751099874 IMP  1076086 4
2751110527 IMP  5893502 68
2751233393 IMP  9056350 138
2751304310 IMP   534010 1
2751518926 IMP   747578 2
2752035435 IMP   498362 1
2752485787 IMP  8112010 163
2752677677 IMP   767367 2
2753509586 IMP  2211980 19
2753513274 IMP  2104558 17
2753717171 IMP  2581911 13
2753746879 IMP  1395466 6
2754179168 IMP  5797826 63
2754428255 IMP   614601 4
2754568253 IMP  1135084 7
2755022077 IMP  3871620 32
2755137115 Intractable. 13125851 499
2755423145 IMP  7433345 168
2755452589 IMP  4141565 33
2755509833 IMP  4976174 50
2755555858 Win  1511722 6
2755604888 IMP  1316359 25
2756084075 IMP   883053 2
2756160449 IMP  2508599 14
2756283582 Win  9256501 137
2756440294 Intractable. 12453149 278
2756481000 IMP  2352480 24
2756546951 IMP  1480642 15
2756572865 IMP  6159807 245
2756653017 IMP  6585744 221
2756714079 Intractable. 13792480 370
2757051148 IMP  1590285 6
2757145617 IMP  4925715 86
2757545990 IMP  1280120 4
2757558281 IMP  2526370 13
2757727942 IMP  7449966 92
2757933423 IMP  1223198 5
2758029739 IMP    11440 0
2758154774 Win  7699434 162
2758188179 IMP  1279665 5
2758431842 IMP   761945 5
2758475510 IMP  1422161 11
2758716519 IMP  1586174 8
2758800579 Intractable. 14129743 364
2759650603 IMP  2844101 17
2760022364 IMP  5594288 149
2760243349 IMP   933906 2
2760452574 IMP   852260 3
2760510702 IMP  3155033 39
2760662603 IMP  6848290 90
2761115671 IMP  5328238 117
2761133285 IMP  1748884 6
2761155945 IMP  2644883 44
2761164759 IMP  6730939 104
2761257490 IMP  2620556 12
2761707984 IMP  3117814 51
2761740675 Win  2684210 17
2761888384 IMP  3231180 23
2762005357 Intractable. 12136553 313
2762022176 IMP  1228360 6
2762120272 IMP  1395253 4
2762184391 IMP 10351974 186
2762322062 IMP  2397773 13
2762448903 IMP  2453483 16
2762522680 IMP  1591007 8
2762627368 IMP  5109893 227
2762794334 IMP  4169617 38
2762802532 Intractable. 13345048 369
2762807908 IMP  3960814 41
2762882005 IMP   862669 3
2763081197 IMP  6106682 81
2763362497 IMP  8486640 243
2763407205 IMP  1828888 8
2763825162 IMP  2140902 16
2763839032 IMP  4538025 46
2763902998 IMP  1282589 3
2763928378 IMP  8804859 102
2763944787 IMP  1267840 8
2764075945 IMP  1019654 2
2764301114 Intractable. 11058293 495
2764309170 IMP  5384541 86
2764360086 IMP  2504906 22
2764597132 Win  3600575 20
2764692281 IMP  9288847 149
2764841756 IMP  1040732 3
2765382752 IMP   414464 2
2765844767 IMP  3079997 14
2765976216 Intractable. 14267969 431
2766069842 IMP  1480994 5
2766110472 Intractable. 13986971 352
2766169512 Intractable. 13487645 354
2766666649 Win  2426606 33
2766721982 IMP  2525890 11
2766837168 IMP  7642572 390
2767013441 IMP  4768334 59
2767381149 IMP  2600911 12
2767454049 IMP  1047525 2
2767623113 IMP  2318698 15
2767963643 IMP  6635152 127
2768327995 IMP  1959368 7
2768741047 IMP  2799901 11
2768743058 IMP  1030870 3
2768748501 IMP  1789699 8
2769381842 Win  5380014 52
2769642883 IMP   679895 1
2769831613 IMP  2152059 10
2769836801 IMP   712385 2
2769848052 IMP  1948299 11
2770144169 IMP  1260142 5
2770862339 IMP  2176823 11
2770897240 IMP   365297 1
2770939179 Intractable. 11950251 499
2771158992 IMP  3044371 24
2771212116 IMP  1609086 12
2771422000 Win  3694204 31
2771569331 Intractable. 12365808 313
2772162086 IMP 11268889 265
2772178989 Win  3189444 19
2772218034 IMP   394262 1
2772379852 IMP  1283466 3
2772566414 IMP  1635460 5
2772763854 IMP  3654425 48
2773198710 Intractable. 12478111 358
2773206511 IMP  4866827 43
2773247713 Win  4405646 78
2773605243 Win  6174032 94
2773689259 Intractable. 11864822 312
2773974117 Intractable. 13614776 392
2774046297 Win  4584091 24
2774073779 Intractable. 16031123 481
2774162222 IMP  2829773 15
2774262199 IMP  5862936 113
2774311513 IMP  1392377 6
2774398794 IMP  4243226 83
2774626093 IMP  4219159 54
2774689439 Intractable. 13675390 1918
2774835064 IMP  1189465 5
2774936926 IMP  3038764 25
2775824415 IMP  1970338 8
2775847332 IMP  6620285 98
2776251165 IMP  2224674 30
2776424005 IMP  3997853 36
2776497641 Win  1659907 9
2776976111 IMP  5434722 54
2777668369 IMP  8445205 203
2777834868 Intractable. 13432357 297
2777951024 IMP  5777006 112
2778098508 IMP  2874040 21
2778126401 IMP  2315300 10
2778482479 Intractable. 15083610 353
2778512336 IMP  2937230 36
2778814186 IMP  5650817 60
2779031764 IMP  2545459 23
2779156584 IMP  6077484 68
2779345332 IMP  7988568 90
2779368267 Win  8238985 225
2779422672 Intractable. 13046446 361
2779939717 IMP  8249433 207
2780107013 IMP  5497131 75
2780597538 IMP  2982178 38
2780742933 IMP  7728961 103
2780824800 IMP  1597705 15
2781101360 IMP  2228628 13
2781208004 IMP  4704356 36
2782315949 IMP  1382945 4
2782372923 Intractable. 12330445 486
2782386875 IMP  1527189 7
2782737407 IMP  8189795 143
2782840165 IMP  1312953 3
2783035477 Intractable. 12593923 330
2783630861 IMP  4682579 45
2783636668 IMP  1650424 7
2783994639 IMP  7533506 134
2784029056 IMP  8797694 219
2784268413 IMP 11242932 396
2784301838 IMP   933255 3
2784378675 Intractable. 13810820 347
2784502226 IMP  4261048 27
2784515086 IMP  3573304 56
2784576235 IMP  1082418 5
2785307675 IMP  2125565 15
2785580120 Intractable. 12259331 392
2785757496 Intractable. 12053724 511
2786004235 IMP   704043 3
2786059940 IMP  1512785 6
2786120785 IMP  1402043 12
2786594551 IMP  1905116 12
2786673448 IMP  2532523 32
2786743144 IMP  1320627 5
2786769409 IMP  1945223 8
2787012085 IMP  4126323 33
2787202806 IMP   530437 2
2787314913 IMP  3415502 21
2787343209 IMP  7376332 233
2787430394 IMP 11784044 283
2787597122 IMP  2831272 17
2787631626 IMP   979949 2
2787892971 Win  2092502 10
2788023423 IMP  3440666 29
2788090672 IMP  5582865 123
2788904440 IMP  3744838 40
2789098931 IMP   818757 5
2789270426 Win  3244881 19
2789525005 IMP 11709808 250
2790407489 IMP  4100749 36
2790410955 Win  3132236 29
2790429317 Intractable. 11682258 258
2790475962 IMP  1238368 3
2790548712 Win  1297084 3
2790759896 IMP  8882059 142
2790935895 IMP  3524439 67
2790959085 IMP  1947376 6
2791207703 IMP   835010 2
2791349199 IMP  4351650 38
2791424034 IMP  1384293 16
2792235142 IMP   772446 5
2792525481 Win  4745073 39
2792593263 IMP   972672 2
2792781443 IMP  2137919 12
2792952038 Intractable. 12697577 367
2793460704 IMP  2179268 10
2793816458 Win  3125548 13
2793849562 IMP  4213799 35
2794101436 IMP  1736253 15
2794237498 IMP  2334870 19
2794406551 Intractable. 13819147 428
2794529696 IMP  7440744 118
2794789224 IMP  1182448 6
2794893134 IMP   747297 2
2795050161 IMP  2066910 10
2795199541 IMP  2328970 22
2795252693 IMP  2574340 15
2795267494 IMP  3463697 19
2795358895 IMP  3093662 23
2795649354 IMP  6746544 226
2795691420 IMP  8785415 134
2796000388 IMP  2516342 20
2796723537 Win  8475661 291
2796876700 IMP  7845063 149
2797134506 Intractable. 12051774 731
2797268203 Intractable. 12447345 428
2797283931 IMP  1566352 7
2797339231 Intractable. 13819367 567
2797762103 Win  1463174 5
2798405479 Intractable. 10481676 316
2798497898 IMP   674743 1
2798761364 IMP  2387013 19
2798874184 IMP   859512 2
2798942224 IMP  7741676 99
2799622975 IMP 12991716 341
2799659065 IMP 13194725 450
6 Win    42009 0
Number of Freecells: 3   Mode: 

Winnables: 97
Impossibles: 1055
Intractables: 110
Total time: 27 Hours, 15 Minutes, 3 Seconds
