7250020594 Intractable. 10369309 344
7250132675 IMP  2272503 7
7250582905 IMP  1974705 13
7250819501 IMP  1237762 5
7250915079 IMP  2366015 22
7251133254 Intractable. 13795174 432
7251291561 IMP  1502535 4
7251392485 IMP   814090 2
7251460579 IMP 11101980 205
7251665003 Intractable. 12779819 359
7251857899 IMP  4698650 46
7251876394 IMP  4951379 57
7252083075 IMP  1133982 2
7252271125 IMP  4982590 59
7252331339 IMP  3567020 28
7252676624 IMP  2776940 33
7253035232 Intractable. 14460435 463
7253107098 IMP  9967210 190
7253244319 Intractable. 12791218 270
7253483924 Intractable. 11240757 287
7254143433 IMP 11997504 407
7254145713 Win   198875 0
7254414614 IMP  7174039 87
7254735621 IMP  1210193 7
7254997798 IMP 11475480 306
7255221611 IMP  1374930 7
7255270620 IMP  1113317 8
7255424542 Intractable. 13815325 330
7255585563 IMP  2479240 13
7255627989 Win  7779897 109
7255631107 Win  1544226 10
7255855828 IMP  4009823 35
7255890898 IMP  1321774 5
7255918221 IMP  7448293 101
7255978006 IMP  3028074 25
7256043253 IMP  1421867 8
7256273584 Win  1468382 8
7256330559 IMP  3312051 15
7256562477 IMP  1720201 6
7256630477 IMP  1190017 5
7256632101 IMP  3563667 38
7256638977 IMP  5544071 76
7256708368 Win  8518166 94
7256852418 IMP  3962263 67
7257117952 IMP  2335080 9
7257237724 IMP  1591774 5
7257377550 IMP  1359139 5
7258074834 IMP  7052373 144
7258430594 IMP  3438779 39
7258721884 IMP   755995 3
7258753029 Win   705212 2
7259091473 IMP  8180936 145
7259441053 IMP  5733107 56
7259635018 IMP  7158557 93
7259644628 IMP  1918197 13
7259799050 Win  1585212 5
7260022513 IMP 11639872 650
7260170085 IMP  4171315 72
7260173015 IMP  3097448 25
7260564931 Intractable. 13229804 530
7260727063 IMP  4448798 222
7260816419 Win  3159596 21
7260876962 IMP   652370 1
7261003423 IMP  1369213 4
7261129623 IMP  4301905 63
7261161119 IMP  1932253 38
7261183235 Win   256187 1
7261542364 Intractable. 12369879 382
7261654269 Intractable. 11493342 462
7261875799 IMP  2585187 11
7262026178 IMP  1641974 7
7262063014 Intractable. 12703697 279
7262233648 IMP  1978201 13
7263156699 IMP  2195252 12
7263299299 IMP  6814232 140
7263505245 IMP  3273699 22
7263693620 IMP   474350 1
7263731957 IMP 11584437 259
7263759079 IMP 10349358 207
7263803799 IMP  6327808 84
7263930334 IMP  1689778 12
7264161075 Win  1637361 9
7264323572 IMP  6343651 173
7264325300 IMP   877165 5
7264401126 IMP  7523407 209
7264472841 IMP  4585327 65
7264938725 IMP   697970 2
7264960893 IMP  3793605 39
7265161871 Intractable. 13822246 359
7265264636 IMP  1351798 7
7266006162 IMP  1301835 6
7266158378 IMP 12031274 498
7266216230 Intractable. 14481075 461
7266412252 IMP  2585497 15
7266495530 Win  2883182 19
7267033641 IMP  5319949 93
7267048785 IMP  9971938 370
7267056046 IMP  1676507 10
7267370141 IMP   899625 3
7267436692 IMP  3167083 25
7267511460 IMP  6569396 134
7267658856 IMP  1972683 12
7267748534 IMP  6916953 130
7267820362 IMP   788893 1
7267915365 IMP  1929765 8
7268028447 Intractable. 14025423 323
7268036363 IMP  2227417 12
7268079064 IMP  5726748 62
7268080665 IMP  2719132 33
7268293281 Intractable. 14730680 559
7268401282 IMP  4142981 36
7268669540 IMP  1522503 7
7268761249 Intractable. 14472353 602
7268875927 IMP  1229176 3
7268973823 IMP  1643887 7
7269056155 IMP  7392361 102
7269133667 IMP  3036145 18
7269205520 IMP  1734293 12
7269233170 IMP   622177 2
7269304007 IMP  1591543 23
7270057157 IMP  1039808 4
7270261594 IMP   319372 0
7270445601 IMP   704015 1
7270481991 IMP   267196 1
7270486559 Win  1550301 4
7270531933 IMP  1232982 7
7270599313 IMP  1755359 7
7270626185 IMP  1051769 3
7271044756 IMP  3173605 27
7271135884 IMP   385003 1
7271332149 IMP  6284602 54
7271595990 Intractable. 12925786 322
7271869308 IMP  6195178 76
7271941302 IMP  3368603 18
7272089758 IMP  1590528 6
7272121617 IMP 10440399 166
7272389392 IMP   974099 4
7272799482 IMP  1417640 4
7272977683 IMP  4527695 42
7273316892 IMP  2354234 13
7273327400 IMP   976298 2
7273662226 Win  4577174 99
7273900499 IMP  1454014 4
7274126145 IMP  1145080 6
7274131762 IMP  2329091 10
7274149443 IMP  6590612 146
7274166588 IMP  3325662 21
7274184291 Intractable. 11578060 378
7274492700 IMP  8704095 155
7274546119 IMP  1070856 5
7274728521 IMP  4693657 56
7274925874 IMP   613787 2
7275135757 IMP  1097577 6
7275242832 Intractable. 11811388 366
7275336659 IMP  3144633 15
7275692084 IMP  4990796 107
7275781067 IMP  1994689 14
7276543002 Win  1265430 3
7276655522 IMP  3792477 22
7276734192 IMP  8760519 191
7277021016 IMP  1735456 9
7277322908 IMP  9573810 205
7277640559 IMP  1693405 7
7277776288 IMP  6131213 126
7277779673 IMP  1776657 6
7277870791 IMP   427181 1
7277958468 IMP  9431299 220
7278218371 IMP  4624244 99
7278631144 IMP  9199681 112
7278648025 IMP  3287884 23
7278837965 IMP  5901991 70
7279011723 IMP  7377560 161
7279084938 Win  1024036 3
7279314194 IMP  2651203 11
7279357770 Win  7314306 107
7279574346 IMP  2284057 14
7279681051 IMP   623892 5
7279712268 IMP  1620750 13
7279895510 IMP  1170843 5
7280047833 IMP  1128083 4
7280060803 Win    65532 0
7280146352 IMP  1792489 9
7280589589 IMP  1582251 14
7280657569 IMP  3939970 44
7280737992 IMP  4087442 23
7280878923 IMP  2551333 33
7280883601 IMP  3702403 30
7281223765 IMP  4321741 68
7281679823 Intractable. 12081852 269
7282004066 IMP  1642307 17
7282149323 IMP  1492551 6
7282242970 IMP   336027 1
7282248102 IMP   606517 1
7282614173 IMP   345890 0
7282811067 IMP 10042265 267
7282889201 IMP  1127569 5
7283132511 IMP  1776877 6
7283232492 IMP  1053013 3
7283477324 IMP  1307850 4
7283644582 IMP  5568234 152
7283721941 Intractable. 12581078 351
7283723483 Intractable. 12958897 418
7283748400 IMP  4105451 32
7283908076 IMP  5851964 50
7283919414 IMP  5937332 96
7284050235 IMP   889655 5
7284198846 IMP   926583 4
7284259084 IMP  1909075 16
7284436640 IMP  5650833 61
7284595436 IMP 13263272 480
7284644172 IMP  1622061 7
7284682440 Win  2190070 11
7284689133 IMP  3327672 23
7284763101 IMP  1415232 4
7284967308 IMP  3660815 50
7285171695 IMP  1142752 6
7285215627 IMP  1307150 4
7285261262 IMP 11642607 215
7285289865 IMP  8584063 103
7285642422 IMP  4665505 44
7285814510 IMP  3100990 66
7285839975 IMP  1371812 11
7286084613 IMP  2523344 12
7286094841 Win  1619374 6
7286514058 IMP   703011 2
7286574527 IMP   662325 5
7286848245 IMP  2157698 6
7287111788 IMP  4311103 51
7287238056 IMP  2939693 21
7287571955 IMP   269813 0
7287833956 IMP  1185483 3
7287864747 IMP  6623266 204
7287998684 IMP  2036051 9
7288118460 Win  1548143 6
7288345125 IMP  6486680 89
7288424241 IMP   910481 3
7288567988 IMP  3536160 32
7288590977 IMP  3515102 45
7288676625 IMP  1194764 3
7288832313 IMP   773589 2
7289080011 IMP  9298454 299
7289124674 Intractable. 12728468 355
7289188899 IMP   839690 3
7289409275 IMP  1330104 5
7289409816 IMP  2354448 19
7289602496 IMP  1764893 8
7289723281 IMP   379286 1
7289862414 IMP  1096945 3
7290233014 IMP  2330872 20
7290376418 IMP  1996804 10
7290394532 IMP   620357 1
7290462115 Win  1173865 6
7290648007 IMP  3882240 32
7291006497 IMP   735144 1
7291170237 IMP   198543 1
7291194392 IMP  2782131 13
7291220196 IMP  6133428 80
7291440118 IMP  1308715 3
7291645653 Intractable. 11623361 447
7292127043 Win   133461 1
7292284800 IMP  1389471 14
7292535597 IMP  6803158 105
7292562425 Win  1983808 11
7292666966 IMP  1518224 19
7292745973 Win  1896891 7
7292966920 Intractable. 12925211 281
7293019378 Intractable. 15051506 349
7293097275 IMP  3284693 32
7293128911 IMP   978901 3
7293154533 IMP  2102025 7
7293294172 Win  3018103 13
7293568787 IMP  2491991 10
7294076194 IMP  7735732 105
7294214818 IMP  3246773 23
7294293235 IMP  4209207 41
7294380114 IMP  1684327 12
7294950442 IMP  4463315 46
7295008666 IMP   208116 0
7295013864 IMP   991699 3
7295201299 Win  2993947 20
7295202990 Intractable. 14563204 360
7295307617 IMP  1814346 6
7295328335 IMP  7639618 104
7295779128 IMP  2753264 22
7295812816 IMP  4569571 155
7295996831 IMP   712110 2
7296034360 IMP   457590 1
7296043284 IMP  1515006 8
7296057218 Win   412863 1
7296393222 Win  3393145 18
7296415555 IMP  3784981 27
7296608514 IMP  1244529 4
7296665781 IMP  3588636 25
7296869712 IMP  3968627 44
7296958200 IMP  9136343 224
7296999318 IMP  5356482 86
7297228345 IMP  2426354 16
7297261358 IMP  2154786 11
7297300570 IMP  6878363 84
7297404541 IMP   608906 2
7297456827 IMP  3323524 21
7297577630 IMP  1429745 5
7297632146 IMP  1456195 5
7297724496 IMP  2941487 15
7297757780 IMP  1083945 4
7297900380 IMP   988077 3
7298129410 IMP  2891295 21
7298447403 IMP   954845 2
7298680890 IMP  3021005 36
7298798361 IMP  3602554 40
7298872628 IMP  2043314 16
7298923524 Intractable. 11291819 373
7299026783 IMP  8804799 313
7299051672 IMP  2156389 14
7299556833 IMP  1265075 6
7299789018 IMP  3804799 36
7299836097 IMP  2978419 16
7299855632 IMP  2431550 17
7299875030 IMP  6327300 82
7299880377 IMP  1515224 6
7300058201 IMP   959986 3
7300089161 Intractable. 11746295 346
7300249662 IMP  1155070 3
7300377515 IMP  4452652 39
7300713299 IMP  3055441 41
7300855601 IMP   695374 2
7300874206 IMP  6223891 70
7301030187 IMP   477434 0
7301068604 IMP   801132 3
7301192571 IMP  1442754 5
7301208362 Win  1800689 5
7301729047 IMP  1104350 4
7301794922 IMP  4138253 38
7301884778 IMP  5265694 120
7301996152 IMP   945176 5
7302232281 IMP  3542774 40
7302622765 IMP  1383346 16
7302889466 IMP  3718584 21
7303064739 IMP  6507436 230
7303095357 Intractable. 13711027 371
7303204080 IMP  4696999 66
7303520866 IMP  2715481 25
7303692852 IMP  3369030 28
7303855405 IMP  8258641 135
7303957520 IMP  3176520 16
7304087903 Win  8557308 156
7304361003 IMP   700442 1
7304422836 IMP  2569934 23
7304431529 IMP  1807844 7
7304442178 IMP  4753969 48
7305294722 Intractable. 12133693 604
7305329866 IMP  1551294 10
7305347134 IMP  7384360 183
7305390974 IMP  3897024 40
7305392244 IMP  1739415 8
7305416145 IMP  6394764 80
7305568183 IMP  1003977 3
7305801503 IMP  1304847 10
7305859903 IMP  7990036 154
7305868650 IMP  2434040 14
7305951439 Win  4415331 38
7306092056 IMP   600392 1
7306402970 IMP  4343242 51
7306757170 IMP  1187631 5
7306772300 IMP   525845 1
7306928362 IMP  2101247 11
7307084122 IMP  5859716 197
7307283366 IMP  3129478 26
7307386576 IMP  7301664 114
7307553297 Intractable. 14313763 568
7307557774 IMP  7035538 105
7307560960 Intractable. 12521921 527
7307917810 IMP  1255843 5
7307941629 IMP  1709088 8
7308130757 IMP  3359756 35
7308322971 IMP  4495603 30
7308330735 IMP   793810 2
7308445545 IMP  5582383 48
7308691722 IMP   682540 2
7308772215 IMP   775531 2
7308884754 IMP  2522826 18
7309140037 Intractable. 13177411 445
7309458724 IMP  1146302 5
7309479126 IMP  5113286 50
7309536667 Intractable. 11063009 278
7310120954 IMP  1494908 7
7310618836 Intractable. 14359754 482
7310638574 Intractable. 13618357 276
7311273116 IMP   758527 2
7311315780 IMP  3115084 44
7311340304 IMP  5598967 64
7311523917 IMP  1292138 3
7311669971 IMP  1177739 7
7312007492 IMP 10536962 146
7312083883 IMP   924732 4
7312715619 IMP  1436168 5
7312953344 IMP  3963021 47
7313036932 IMP  3246428 27
7313299740 IMP  9540078 177
7313392600 IMP   202465 0
7314004092 IMP  2186590 23
7314095905 IMP  4509233 34
7314121575 Win  8794893 224
7314124641 Intractable. 14424767 354
7314214948 IMP  1581706 7
7314546323 Win  2379695 10
7314751267 IMP   306248 0
7314827954 IMP   190083 0
7314839316 IMP  2246143 18
7314866637 IMP  4108979 34
7314890153 IMP  1215314 4
7315420476 IMP  1150499 3
7315713507 IMP  5541492 49
7315922226 Win 10031565 261
7316537146 IMP  3957467 33
7317258889 IMP  4514245 40
7317490972 IMP  2882039 16
7317546345 IMP  1296180 4
7317581117 IMP  1851778 11
7317627062 Win  4194462 36
7317677688 IMP   808255 5
7317820005 IMP  7737296 125
7318074250 IMP  3392285 48
7318374231 IMP  6941573 190
7318483848 Intractable. 14383473 457
7318548961 IMP  2099181 30
7318756018 IMP 10341215 277
7318943717 IMP  1054022 5
7318996879 IMP  5322556 109
7319319554 IMP   495239 1
7319483995 IMP  3046219 24
7319492385 IMP  2125851 15
7319532378 IMP  5355661 191
7319647204 IMP   425378 1
7319810349 IMP   248412 0
7319866718 IMP  6116426 113
7319878118 IMP  4637685 32
7320067275 IMP  1074451 2
7320094811 IMP  8057788 162
7320180795 IMP   924846 4
7320200094 IMP  4923143 113
7320335634 IMP  2734332 30
7320352377 IMP  1921607 10
7320432283 IMP  1709080 9
7320514905 IMP   674859 2
7320659132 IMP  1721191 13
7320694361 IMP  4697547 53
7320869806 IMP  3346031 21
7321047371 Win  2025855 8
7321164294 Win   352919 1
7321456159 IMP 11544372 259
7321462924 Win   721923 1
7321487658 Win   691465 1
7321660789 IMP  3307249 27
7321770618 IMP  5546528 55
7321811496 IMP  3096905 20
7321923831 IMP  2509328 15
7322091986 Intractable. 12082553 265
7322158537 Win   519621 1
7322244677 IMP  1539718 5
7322314422 IMP  2296697 13
7322561862 IMP  1423738 5
7322686405 IMP  7683003 104
7322755432 IMP  3515209 41
7323057402 Win  1434249 8
7323091502 IMP   852783 2
7323145018 Win  6604728 56
7323294632 Intractable. 15382092 345
7323570466 IMP   952258 2
7323849304 IMP   487857 1
7324009165 IMP  9843031 141
7324012010 IMP 11164476 493
7324071850 IMP  1057156 3
7324148980 IMP  2712913 33
7324150215 IMP  4319917 34
7324319633 IMP  1094706 3
7324343472 IMP  1674613 8
7324604908 IMP  1571429 19
7325241260 Win   883353 3
7325512499 Win   218443 0
7325585309 IMP  1503446 5
7325717166 Win  1296360 10
7325773654 IMP  7766015 127
7325868191 IMP  6941089 72
7325925021 IMP  2449622 21
7326553507 Win   353736 1
7326914782 IMP   606728 1
7327032124 IMP  1113852 3
7327037835 IMP   849999 6
7327213920 Intractable. 13850429 419
7327510457 IMP  1996958 11
7327614699 IMP   170448 0
7327787603 IMP   655216 10
7328305123 IMP   245774 1
7328356388 IMP  3456693 30
7328559720 IMP   939482 3
7328679231 IMP  1338221 8
7328688350 Intractable. 12060739 465
7328775112 IMP  1636782 5
7328795236 Intractable. 13546979 542
7329216569 IMP  4618936 38
7329354444 IMP  5175836 62
7329400353 Intractable. 12991204 312
7329481383 IMP  3430906 22
7329703486 IMP  1132963 4
7329758127 IMP  1332412 5
7330028383 IMP  3337358 20
7330097381 Intractable. 12030459 431
7330171645 Win  7955249 130
7330284898 IMP   838586 1
7330303152 IMP  1532902 8
7330354469 IMP  4217718 41
7330505397 Win   261304 0
7330514819 IMP   271949 1
7330578236 IMP  6678161 210
7330687653 IMP  1370229 5
7330861525 IMP  9843709 249
7330993695 IMP  3389260 19
7331262559 Win   272578 0
7331729477 IMP  2740164 17
7331802367 IMP  9310266 222
7331889943 IMP  4993332 65
7332035495 IMP   623222 2
7332124036 IMP   864634 3
7332203726 IMP   940040 9
7332230696 IMP   939452 2
7332276952 Intractable. 13055465 326
7332326403 IMP  1406497 9
7332399944 IMP  2174281 33
7332491608 IMP  1974513 17
7332748017 IMP  2992787 31
7332814856 IMP  1431233 11
7332883469 IMP  1209587 4
7333094906 IMP   790867 5
7333122377 IMP  2799344 29
7333397984 IMP  1243098 4
7333528518 IMP   996526 4
7333810394 IMP  8823849 257
7334089676 IMP  8931677 137
7334105857 IMP  8526901 385
7334109456 IMP  1734877 11
7334312960 IMP  4248595 28
7334449106 IMP  2632695 13
7334793364 IMP  9514554 212
7335019984 Win  3060555 36
7335155230 IMP  2168146 15
7335358129 Win  7385516 118
7335371718 IMP  6579249 81
7335457892 IMP  1010926 10
7335549721 IMP  3595959 35
7335681169 IMP  1423817 11
7335884370 IMP  3921837 41
7336220259 IMP  6139209 83
7336418564 IMP  7694984 129
7336600303 IMP   621869 6
7336631184 Win  5162638 54
7336708549 IMP  2402527 10
7336928115 IMP  3689168 44
7336956769 IMP  4729852 89
7336993295 IMP  4287099 66
7337124922 IMP  1284822 8
7337338075 IMP  3907829 25
7337601723 IMP  4802588 43
7337983458 IMP  1356618 6
7338086138 Intractable. 13039186 567
7338153070 Intractable. 10971898 345
7338201247 IMP   431930 1
7338238423 IMP  2122053 13
7338404929 IMP  2770121 15
7338418505 IMP  1495758 29
7338637164 IMP  1037769 3
7338665338 IMP  2846329 51
7338752156 IMP  3203419 20
7338773977 IMP  4899458 97
7338829699 IMP  3755825 41
7338885870 IMP  5403556 51
7339457573 IMP  4320259 48
7340061505 Win   149232 0
7340507428 Intractable. 13656075 334
7340665436 IMP    60984 0
7340816794 IMP  4543189 88
7341396890 IMP  2014664 28
7341493973 IMP  3079575 23
7341620142 IMP   752509 2
7341737105 IMP  2021925 48
7342174728 IMP  1645752 9
7342322521 IMP  9887832 243
7342401039 IMP  2157442 15
7342474603 IMP  5506827 58
7342627797 IMP  4027324 46
7342940191 IMP  4068787 30
7342997520 IMP 11309447 328
7343200207 Intractable. 13703184 305
7343405671 IMP  6122003 68
7343989986 IMP  4985646 65
7344060988 IMP  1846486 15
7344118451 Win   597161 1
7344316264 IMP  1586736 9
7344810916 IMP   933019 4
7344846313 IMP  3028887 20
7344872181 IMP   835025 2
7344921996 Win  6313916 108
7344999959 IMP 11540337 206
7345351971 IMP  4272465 30
7345546764 IMP  6105089 113
7345549989 IMP  1109594 3
7345738052 IMP  1028935 7
7345923636 IMP   570424 2
7346329224 IMP  3063827 34
7346544808 IMP  3938962 33
7346611540 IMP  7922554 94
7346904962 Intractable. 14078466 418
7347006508 IMP  1757695 8
7347085158 IMP   406227 1
7347125394 IMP  2328600 9
7347208817 Intractable. 12695585 519
7347684963 IMP  1709350 9
7347719145 IMP  4229068 32
7347948423 IMP  1136205 5
7347969611 IMP  1696119 5
7348067995 IMP  1324574 6
7348151137 IMP   954217 4
7348432218 IMP  1561187 21
7348509945 IMP  3118421 21
7348635427 Intractable. 14458664 382
7348720895 IMP  2107925 10
7349071965 IMP  3042963 32
7349080517 IMP   994997 4
7349208815 IMP   354979 1
7349358892 IMP  7231754 120
7349735458 IMP  1021184 5
7350261755 IMP  3952802 26
7350345602 IMP  2960910 24
7350529307 Win 10664281 178
7350682971 Intractable. 14043979 365
7350852268 IMP  4900057 76
7351919590 IMP  1033726 4
7351968496 IMP  1519207 6
7352119788 IMP   873340 3
7352419310 IMP  2513168 16
7352558160 IMP  1069585 2
7352631187 IMP  7257311 203
7352726041 IMP  1047524 14
7352890305 IMP   733485 2
7352892308 IMP  5430357 46
7353001741 IMP  2500140 12
7353008467 Intractable. 13041958 418
7353129352 IMP  9344243 186
7353177318 IMP  2636591 10
7353381516 IMP  6191936 69
7354310762 IMP   956795 3
7354417518 IMP   673510 2
7354424479 IMP  1938125 9
7354481498 IMP   684065 4
7354931956 Intractable. 15399141 338
7354986785 Intractable. 13941876 462
7355081819 IMP  4756921 67
7355200046 IMP  2548885 19
7355331974 IMP  2265413 16
7355549966 IMP  3856511 29
7356517554 IMP   337516 2
7356642471 IMP  2743326 27
7356792374 IMP  3005155 39
7356842246 IMP   985320 3
7356848450 Intractable. 12965828 396
7356930813 IMP   455595 1
7357020157 IMP  7895546 88
7357233979 IMP   606935 3
7357256456 IMP  4046184 38
7357369152 IMP   898919 3
7357911830 IMP  6352400 75
7358012102 IMP   667958 2
7358341411 Win  1675644 13
7358596108 IMP  1853321 11
7358686396 IMP   994605 3
7358727559 IMP  1181846 4
7358762204 IMP  5013660 56
7358804127 IMP  7777150 99
7358807718 Win   240803 0
7359027986 IMP   674509 2
7359144323 IMP  2684113 18
7359204376 Intractable. 13812511 367
7359340161 Intractable. 15234805 346
7359435372 IMP  2010523 14
7359520365 IMP   795473 3
7359696720 IMP  1140627 3
7359739734 IMP 10846650 230
7359863972 IMP   660492 2
7359911819 Win  3418091 20
7359935645 IMP  1974549 7
7360162875 IMP   546939 1
7360386110 IMP  3347626 37
7360403296 IMP  4114836 127
7360474645 IMP  4673159 65
7360498013 Intractable. 12579935 277
7360502870 Intractable. 12421112 308
7360521473 Win  8422381 212
7360677857 Intractable. 13171358 392
7360695757 IMP  3160306 22
7361859929 IMP  7904205 225
7361869773 IMP  5983000 81
7362112578 Intractable. 12510697 380
7362179636 Win  4549240 44
7362432487 IMP  3376060 23
7362626260 IMP  2356036 20
7362669705 IMP   760076 5
7362928544 IMP  1368831 4
7362974917 IMP  1817242 7
7362996271 Win   801542 3
7363011371 Win  7961174 103
7363026582 Intractable. 12456267 335
7363356406 IMP  2675717 20
7363516493 IMP  3543194 30
7363585513 IMP  3587942 68
7363603544 Win  1582278 5
7363621822 IMP  1205950 11
7363763587 Win  1284148 3
7363853341 IMP  6806089 218
7363946754 IMP 11125850 276
7364026286 IMP  1018851 3
7364199835 IMP   508134 1
7364587161 IMP  6529308 180
7364701390 IMP  3344863 44
7364750622 IMP   241019 0
7364762378 Win  3119738 14
7364766956 IMP  2814386 27
7364824870 IMP  2240729 17
7365370341 IMP  5195537 77
7365381418 IMP   842044 2
7365646586 IMP  1882864 9
7365749678 Win   646381 1
7365968947 IMP  6986664 84
7365984078 IMP  8059436 141
7366306987 IMP   865889 4
7366351851 Intractable. 12067085 400
7366414835 IMP  1924147 12
7366751570 IMP  1598340 16
7366973214 IMP  3088623 28
7367311536 IMP  4365845 86
7367462800 Intractable. 13924375 859
7367759950 IMP  5020771 46
7367918051 IMP  2311745 16
7367954327 IMP  1912324 8
7368148958 IMP  2059118 15
7368251519 IMP   265937 0
7368381009 Intractable. 14122889 476
7368770054 IMP   284215 1
7368873403 IMP   543593 1
7369081113 IMP  6160509 71
7369089000 IMP  7458119 140
7369094510 Win  5114452 45
7369288739 IMP  2818501 24
7369384300 Intractable. 11701995 384
7369673630 IMP  2239113 9
7369723966 IMP  5032178 45
7369790879 IMP  1010797 2
7370063652 IMP  1354263 4
7370125639 IMP  4273669 86
7370413433 IMP   215417 0
7370439383 IMP  3484403 44
7370755308 IMP  1847291 14
7370899894 IMP  4180812 45
7371157739 Win    48431 0
7371241447 IMP   839190 2
7371243054 IMP  2007021 26
7371291423 IMP   760912 1
7371475115 IMP  8835203 163
7371927922 IMP   225669 0
7372076224 IMP  1909277 7
7372097113 IMP  3606386 128
7372206987 Intractable. 11817251 248
7372291071 IMP   801369 3
7372297743 IMP  3226108 24
7372796117 IMP  3629866 44
7372878107 IMP  2584953 35
7373111920 IMP  3051051 69
7373121570 IMP  1035040 2
7373275931 IMP  1476523 12
7373421893 IMP  1163825 4
7373484593 IMP  1118031 6
7373621826 IMP  6203796 104
7373660796 IMP  1840773 10
7373998652 IMP   926339 4
7374177826 IMP  1249752 4
7374448872 IMP   611830 2
7374558563 IMP  1643247 7
7374563759 IMP  1342801 33
7374590757 IMP   832979 2
7374824283 IMP  3345157 35
7374912798 IMP  2304884 9
7375026121 Win  2121229 7
7375078007 IMP  5238945 37
7375107789 Win  2036116 8
7375230716 IMP  8552028 156
7375251649 IMP  4845804 46
7375404151 IMP  1172772 4
7375567321 IMP  5962213 114
7375600769 IMP   408149 0
7375629226 IMP   719308 4
7375671934 IMP  2272074 12
7375899370 IMP  3323268 49
7375980522 IMP  4377310 36
7376145274 IMP  1598140 9
7376246208 IMP   820015 2
7376275761 IMP  3385292 18
7376338142 IMP  1363633 13
7376347533 IMP   801125 3
7376391632 IMP  5229789 58
7376395157 Intractable. 13546577 647
7376499821 Win   624403 2
7376753053 IMP  3441666 42
7376836678 Win  9114930 137
7376959092 IMP  2234486 16
7376992119 IMP  6378097 218
7377290711 IMP  6024762 170
7378001035 IMP  1658247 6
7378023510 IMP  1005488 3
7378076870 IMP  5453672 70
7378215437 IMP   609021 1
7378337037 IMP  6872234 83
7379023282 Intractable. 12737890 303
7379144778 IMP  3258733 25
7379157561 IMP  3200088 60
7379207409 IMP  2811090 15
7379562357 IMP  2884763 48
7379876691 IMP  2816331 24
7380096382 IMP  3554685 108
7380277956 IMP   454019 0
7380734970 IMP  1163428 3
7380778002 IMP  2153724 15
7380848674 IMP  4298160 37
7380941092 IMP 11063890 239
7381107408 IMP  2948730 24
7381132897 Intractable. 12520198 462
7381467945 Win  1113580 4
7381757979 IMP  1150613 4
7382190551 IMP   305038 1
7382237765 IMP  6385044 95
7382306936 IMP  5727996 91
7382776967 Intractable. 12766896 287
7383144526 Intractable. 13132405 272
7383206972 IMP  6017574 72
7383313649 IMP   601488 2
7383351501 IMP  2195561 8
7383668933 IMP  7024073 96
7383720512 IMP  4165872 38
7383754084 IMP  2319443 15
7384229801 Intractable. 14660911 553
7384468442 IMP  3542547 32
7385173069 IMP  9542812 183
7385192547 IMP 10987536 255
7385505166 IMP  5317940 83
7385545244 IMP  2182280 13
7385872390 IMP  3965050 62
7385965538 IMP   534392 1
7385988386 IMP  2826975 16
7386050695 Intractable. 12690636 540
7386214125 Intractable. 15099012 387
7386374086 IMP   914430 6
7386508279 IMP  6066784 101
7386679249 IMP  5763241 54
7386793378 Intractable. 13638258 270
7386811238 IMP  2537150 39
7386862404 IMP   876789 2
7386888945 Intractable. 12457037 307
7386910660 IMP  2559615 18
7387106246 Intractable. 13505733 365
7387228457 IMP  6702346 184
7387526136 IMP  2538479 11
7387597896 IMP  2709320 30
7387846624 IMP   617946 1
7388017072 Win  2066394 9
7388209946 IMP  3522200 58
7388241677 IMP  1122939 3
7388417623 IMP  3160077 27
7388458149 IMP   910001 2
7388562584 Intractable. 14354497 377
7388809216 Intractable. 13164876 495
7389313661 IMP  3148118 21
7389443005 IMP 13343736 745
7389506605 IMP  5751617 66
7389605423 Win   443473 0
7389667622 IMP  2557898 11
7389991667 IMP   343030 1
7390361313 IMP  1683437 27
7390447813 IMP  2458101 24
7390926705 IMP   580229 2
7390938707 IMP  4477883 73
7391088642 IMP  4159838 57
7391099586 IMP  8167081 484
7391417268 IMP  1829936 15
7391447841 IMP  4390321 31
7391629130 IMP  4816503 59
7391650439 IMP  1683940 23
7391719121 IMP  5123439 117
7392110563 IMP  1258905 4
7392239809 IMP  3373441 35
7392448026 Intractable. 14476525 474
7392544134 Intractable. 12103221 484
7392815518 Intractable. 13131456 390
7392847779 IMP  1307375 8
7392856315 IMP  1957212 12
7392860303 IMP  7772074 148
7393205167 IMP  2476575 22
7393415943 IMP   624267 2
7393633437 IMP  2603847 17
7394032455 IMP  1243796 4
7394288783 Intractable. 13554792 532
7394323023 IMP  1572927 20
7394641274 IMP  2041849 13
7394823212 IMP  1141126 3
7394926984 IMP   636614 2
7394976895 IMP  8303601 111
7395060466 IMP  4886241 39
7395573523 Intractable. 14956041 352
7395629333 IMP  1333400 5
7395776152 IMP  5459899 47
7396286539 IMP  2739332 22
7396331644 IMP  8759085 273
7396494895 IMP  4446863 58
7396676955 Win 12325097 296
7396789780 IMP  3828039 32
7397107135 IMP  2900042 27
7397247479 Win 12474408 315
7397277964 IMP  4252076 47
7397361608 IMP  3463345 83
7397378400 IMP   773838 2
7397600184 IMP   435476 0
7397641449 IMP  3933830 37
7397687495 Intractable. 14851967 295
7397889509 IMP  5368258 111
7397912940 IMP  1517801 5
7398176825 IMP  1308092 6
7398791355 IMP  3019224 34
7398847753 IMP  4445844 101
7399177998 IMP   610892 1
7399185812 IMP  2607305 11
7399319400 IMP  1615877 8
7399365496 IMP  2685230 13
7399661068 IMP  4780016 50
7399870402 IMP  1933202 11
7399967156 IMP  6007246 74
7400171616 Intractable. 13051264 311
7400263513 IMP  1732445 7
7400269511 IMP   514573 1
7400443288 IMP  1601810 6
7400489863 IMP  2379038 17
7400716699 Win  5965200 70
7400973493 IMP  3516054 38
7401067248 IMP   834994 5
7401073979 IMP  1067592 3
7401182023 IMP  4564158 60
7401190687 IMP  1829025 7
7401203774 IMP  1548917 6
7401457426 IMP  5485948 58
7401461770 IMP  1182390 3
7401496184 IMP  2071874 9
7401536296 IMP   535252 1
7401754679 IMP  2095463 10
7401755959 IMP  4609512 39
7401838114 Intractable. 14574113 814
7402005993 IMP  1058448 9
7402147136 Win   634172 1
7402298284 IMP  2265087 11
7402439551 IMP  6229343 127
7402446231 IMP  2564444 20
7402585134 IMP  6290548 114
7402654547 IMP  2821927 13
7402789961 IMP  2451556 42
7403007066 IMP  3453759 29
7403195992 IMP  1184378 4
7403538913 IMP  3724422 34
7403828041 IMP  6404002 71
7404081681 IMP  1544596 10
7404102295 IMP 10101764 289
7404268509 IMP  4396763 36
7404338576 IMP  6011416 83
7404379673 IMP  3825845 65
7404471025 IMP  2112114 13
7404478945 IMP  1809124 9
7404650701 IMP  7253175 121
7404758467 IMP  1367169 8
7404803008 Intractable. 13201290 313
7404989952 IMP   543745 1
7405320735 IMP  1228453 5
7405327012 Intractable. 12065445 985
7405342272 IMP  5552126 43
7405425242 Win  3067622 39
7405462187 IMP  4417263 72
7405936100 Intractable. 14834619 287
7406180889 Win  2090466 7
7406325376 IMP   788107 1
7406484866 IMP  2008934 7
7406555130 Intractable. 12841032 338
7406629383 Win  6182495 72
7406760679 Intractable. 13743445 329
7406782530 IMP   669874 1
7406786554 Win 10890148 154
7406829119 Intractable. 12240124 381
7406976922 IMP  1778288 15
7407118787 IMP  1592459 5
7407308081 IMP  2909788 21
7407891186 IMP  5342333 64
7408062307 IMP  5321239 85
7408062746 IMP  1147693 2
7408167984 IMP  1664778 6
7408256356 IMP   744107 3
7408461492 Intractable. 12928919 324
7408506940 IMP   444904 0
7408519628 IMP  4640620 158
7408826835 IMP  3015875 14
7408911905 IMP   953225 10
7409210477 IMP  5202865 112
7409496713 IMP  2088937 15
7409522644 IMP  2759909 16
7409538019 IMP  6132162 119
7409594373 IMP  4205380 38
7409651164 IMP  2784148 14
7409668402 Intractable. 12464056 292
7410103449 IMP  1233058 6
7410147076 IMP   721131 1
7410218126 Intractable. 12667564 255
7410612373 IMP  2727204 19
7410949783 IMP  3037649 36
7411311271 IMP   568279 2
7411374581 IMP   712012 1
7411400342 IMP   846784 4
7411496817 Intractable. 12758697 280
7411505426 IMP  3603856 59
7411561463 IMP  4200611 59
7411662255 Win  1231890 3
7411674578 Intractable. 12800292 499
7411691082 Win   876092 2
7411950292 IMP 11962913 267
7412079994 Intractable. 12562039 544
7412081574 IMP  1924404 10
7412225415 IMP  1123302 5
7412257077 IMP  2687321 20
7412463779 IMP   574608 1
7412687773 IMP  3884292 30
7412793838 IMP   195549 0
7413063819 IMP 11914424 481
7413143751 Win  1819568 6
7413187533 Win   113093 0
7413604200 IMP  2152566 31
7414016682 IMP  1235685 3
7414166643 Win  3172555 26
7414232202 IMP 10813480 262
7414313047 IMP  2711021 18
7414667567 Win   815676 2
7414669563 IMP  3133805 16
7414829979 IMP   529329 2
7414834457 IMP  2303017 7
7414961213 IMP  1481919 5
7414975247 IMP  2406144 22
7415072380 IMP  3087935 15
7415259831 IMP  3528986 25
7415353604 IMP   938342 3
7415904852 IMP  6391628 131
7416084667 IMP  1898149 10
7416099690 Win  8660137 113
7416137803 IMP  1565120 6
7416365779 IMP   530275 1
7416498817 IMP  1723676 21
7416578780 IMP 11225792 465
7416586446 IMP  3503827 55
7417139202 IMP  3260828 17
7417187134 IMP    15389 0
7417475892 IMP  1486141 5
7417849899 IMP  3888463 29
7417958611 IMP   528735 1
7417984315 Intractable. 10563935 458
7418120323 IMP  6131700 119
7418541861 IMP  9928611 244
7418614125 IMP  8687348 352
7418783374 Intractable. 13150342 351
7418867470 IMP   929702 2
7418903786 IMP  5326394 66
7419296778 Intractable. 11414258 1874
7419336443 IMP  1629472 6
7419431217 Intractable. 13469587 550
7419516291 IMP  2141518 9
7419541437 Intractable. 13432923 416
7419591929 IMP  1375848 7
7419663790 IMP  7863186 110
7419810607 IMP   349016 1
7419828502 IMP  1696977 5
7420007361 IMP  2482140 25
7420621291 IMP  2123277 10
7420825710 IMP  1263275 9
7421369339 IMP  2750734 20
7421370495 IMP   891158 4
7421438074 IMP 12162665 294
7421545758 IMP  4916107 39
7421640083 Intractable. 14159154 297
7421655363 Intractable. 13556176 315
7421700010 IMP  1983655 8
7421700425 IMP  5587607 71
7421874828 IMP  8385785 164
7422154309 IMP  2516573 17
7422251583 IMP  4477313 25
7422291537 IMP   598427 2
7422304856 IMP  5302582 222
7422330780 Win  1113990 3
7422487490 Win   603611 1
7422620680 IMP  7441517 117
7422714182 Intractable. 14283096 373
7422986947 IMP  3930725 25
7423049624 Intractable. 14162426 517
7423086067 IMP  3661489 37
7423155016 IMP  3497055 38
7423730152 IMP  1346929 6
7423850509 Intractable. 11576510 508
7424091192 IMP  2603377 15
7424152435 IMP  1712966 6
7424250854 IMP   682359 2
7424358223 IMP  2728719 13
7424614768 Win  2755544 13
7425046993 Intractable. 13258674 364
7425097200 IMP  5717993 159
7425342220 IMP  4829110 52
7425521784 IMP  7607274 94
7425678536 IMP  8647063 197
7425920263 IMP  6421390 107
7426112538 Win   626872 1
7426281267 IMP  2251137 27
7426595082 IMP   980522 2
7426648932 IMP   637030 3
7426681415 IMP  9070646 158
7426685915 IMP   666387 2
7426702769 IMP  2450880 28
7426748305 IMP  4001826 49
7426936166 IMP  5101475 123
7427252822 IMP  2801210 15
7427321495 IMP  3368877 22
7427325739 Intractable. 12124472 425
7427480196 IMP  1858140 5
7427697243 IMP  3168132 21
7427866600 IMP  2345171 10
7427960474 IMP   977017 5
7428137698 IMP  3550819 48
7428202405 Intractable. 13302567 351
7428592019 IMP  1536442 7
7428621835 Intractable. 14503139 520
7428849441 Win  4392682 31
7429331195 IMP  7467453 122
7429356770 IMP  5578565 74
7429652731 IMP  2903468 32
7429797280 IMP  1601710 11
7429822415 Win  5385044 79
7429902649 IMP  1923485 9
7429923649 IMP  2752453 15
7430077052 IMP  1685474 7
7430099872 IMP  1785695 5
7430120394 IMP  5146140 46
7430149595 IMP  4110131 31
7430231199 IMP    55093 0
7430277776 IMP  5438110 64
7430348005 Intractable. 13107901 904
7430492454 IMP  4305334 59
7430531226 IMP  7096955 382
7430767285 IMP   755499 2
7431355545 IMP  2106326 17
7431598046 IMP  1074605 4
7431627779 IMP   407301 0
7431671430 IMP   475508 1
7432065792 IMP  1006714 2
7432131048 IMP  2170118 12
7432133787 IMP  3364224 19
7432520069 IMP   398520 1
7432702813 IMP  3233196 29
7432716165 IMP  1477275 11
7433163353 IMP  1281095 8
7433317218 IMP  7364438 231
7433355933 Win  2193957 12
7433665763 IMP  1660545 8
7433828967 IMP  1640157 6
7434059029 Intractable. 13085291 865
7434227572 IMP  2677857 74
7434254465 IMP  1654719 21
7434269748 IMP  2283579 13
7434388999 IMP   406490 2
7434479987 IMP  1110414 3
7434560734 IMP  1248637 5
7434785733 IMP  2559444 18
7435085549 IMP  4082949 86
7435144793 IMP   775698 1
7435238907 IMP  1521913 15
7435310689 IMP  2862690 16
7435323601 IMP 12350839 429
7435356613 IMP  6566601 69
7435587219 IMP   661840 2
7435763589 Intractable. 10716780 970
7435869733 IMP   675897 1
7436074397 IMP  4699735 68
7436144421 IMP  5185677 117
7436175955 IMP  2854898 16
7436231682 IMP  1431245 7
7436372292 IMP  1335770 4
7436641616 IMP  3172203 20
7437140049 IMP  1357091 6
7437295353 Intractable. 12149512 363
7437445219 IMP  2881825 14
7437492406 IMP  1352958 16
7437608386 Win 10728197 195
7437641915 Win  2466371 11
7437679023 IMP  2787494 40
7437688037 IMP 10959409 233
7437794303 IMP   314952 0
7438038748 IMP  1498280 8
7438153821 IMP  1146757 2
7438257138 IMP  4986120 187
7438328896 IMP  2534391 14
7438336183 IMP  2027322 26
7438629094 IMP  1435376 8
7438654624 IMP  3104046 35
7438713024 IMP  1810791 10
7438768210 Intractable. 13072016 402
7439045832 Intractable. 11200149 268
7439089060 IMP   604931 1
7439108231 IMP  5634909 83
7439357744 IMP   892792 4
7439391104 Intractable. 13018896 363
7439685515 IMP  5140171 85
7439746119 IMP  6717811 88
7439848568 IMP   944136 3
7440261706 IMP  1156242 3
7440374265 IMP  1359304 5
7440408930 IMP  7380092 83
7440641482 IMP  3921548 29
7440695080 IMP  6186978 205
7440705785 IMP  1179921 8
7440799353 IMP  5464185 87
7440936372 IMP   963190 3
7441130202 IMP  1091482 4
7441552755 Win   806076 2
7441556911 IMP  3710246 36
7441615538 IMP   904063 3
7442061030 IMP  4085018 62
7442213024 IMP  8965541 155
7442231211 IMP  3320585 25
7442315597 IMP  3386136 24
7442483990 IMP  3007362 20
7442493429 Intractable. 12215131 284
7442534074 IMP   918178 3
7442591402 Intractable. 11673129 508
7443110288 Intractable. 14869191 461
7443162446 Intractable. 11595087 471
7443362919 Intractable. 12859592 497
7443508161 IMP   526747 1
7444313392 IMP  7754951 116
7444367269 IMP  6350531 55
7444754288 IMP  1300377 8
7444876956 IMP  1184534 5
7444978781 IMP  6464765 130
7445799798 IMP   925246 2
7445811278 IMP  2591938 18
7445844456 IMP   396964 0
7445946898 Win  4503875 35
7446083228 IMP  2011211 10
7446098577 IMP  2235317 10
7446305218 Win  4374187 40
7446525746 IMP  2291277 17
7446578294 IMP  1355671 6
7446679510 Win  4129670 36
7446839601 IMP 11454974 350
7446934652 IMP  1653495 8
7447020831 IMP  1160279 2
7447054510 Win  1103422 4
7447235991 IMP  5050232 67
7447429284 IMP  1790164 25
7447537346 IMP 12430112 373
7447635095 IMP  4596282 48
7447677437 IMP  1478943 13
7447973514 IMP  3520997 38
7448050258 IMP   852841 3
7448063587 IMP   482252 1
7448079479 IMP  1593411 7
7448173502 IMP   679324 3
7448556969 IMP  4876259 34
7448604354 IMP  1367408 11
7448806673 Intractable. 14943463 518
7448813465 IMP  1550037 9
7448825139 Win   214236 0
7448983940 IMP  3640217 44
7449174232 IMP   737491 3
7449220910 IMP  1164617 3
7449297791 Intractable. 13522011 484
7450027580 IMP   683467 1
7450232623 IMP  1633452 5
7450341255 IMP   839097 3
7450449902 Intractable. 13567010 320
7450671973 IMP  1079997 5
7450679336 IMP  3573397 37
7450698173 IMP   504681 2
7450727784 IMP  5525591 93
7450796345 IMP  3329844 21
7451248705 IMP   671472 1
7451265104 IMP  2577436 15
7451558758 IMP 13580698 298
7451873277 Win   767933 1
7452022488 IMP   777365 2
7452158344 Intractable. 14451811 386
7452245809 IMP  2207295 14
7452357406 Win 10841372 294
7452399076 IMP  3051941 16
7452444447 IMP  7968734 117
7452447713 IMP  6224237 80
7452617676 IMP  8679618 170
7452816835 IMP  5019611 68
7452882507 IMP  2220261 14
7452899643 IMP  1902770 8
7453278264 IMP  6651923 441
7453375772 Intractable. 14820651 332
7453730448 Intractable. 13912492 288
7454046852 IMP  9351619 191
7454086240 IMP  1036757 4
7454095802 IMP   861190 3
7454278286 IMP  4983601 29
7454828500 Win  1798902 8
7455028499 IMP  3506447 28
7455087691 IMP  4778100 51
7455116176 IMP  6324596 162
7455257859 Win  5222994 48
7455332393 Win  4314165 32
7455393555 Win  2749977 11
7455813988 IMP  2589896 78
7455838298 IMP  2617664 14
7456179454 IMP  3371120 24
7456312660 IMP  2554741 21
7456645281 IMP   726269 2
7456745859 Win 10129178 161
7456815812 IMP  3661799 32
7456826905 IMP  6992695 161
7456956856 IMP  3350913 33
7457041624 IMP   507592 1
7457097276 IMP   152070 0
7457194290 IMP  2173358 8
7457217251 IMP  1783287 17
7457397157 IMP  7913692 162
7457446477 IMP  1911169 23
7457470359 IMP  1025015 2
7457549099 IMP  5335529 69
7457610146 IMP  1602425 9
7457648700 IMP  1156411 3
7457686700 IMP   348875 1
7457757215 Win  3107397 18
7457777521 IMP   292502 0
7457844836 IMP  2309586 16
7458288281 IMP  8829081 246
7458363469 IMP   683161 1
7458430000 IMP  4228078 49
7458555085 IMP  3070355 39
7458613868 IMP  2672545 12
7458905933 Intractable. 12163090 591
7458997164 IMP  3097526 38
7459168843 IMP  6358159 158
7459184358 IMP  5930437 110
7459391937 IMP  3382553 31
7459603094 IMP  3856887 32
7459609475 IMP  2565439 18
7459769402 IMP  1517165 5
7459893615 IMP   624425 8
7460198553 IMP   255742 1
7460567324 IMP  1027680 5
7460704049 IMP  4702229 46
7461020342 IMP  4577278 44
7461122293 IMP 10409359 289
7461137578 IMP  1802417 13
7461499361 IMP  1580017 9
7461566901 IMP  1343050 15
7461693790 IMP   304036 0
7461765912 IMP  1910217 6
7461999502 IMP  6712573 121
7462242875 IMP  1580708 6
7462540548 IMP   299428 0
7462664673 IMP   838616 2
7463105156 IMP  1418328 5
7463136268 IMP  1484518 6
7463184328 Win  4740110 55
7463415997 Win  1160912 5
7463454984 Win  4194660 22
7463515032 IMP  1262082 3
7463543165 IMP  1806462 14
7463739701 IMP  5514501 52
7463859364 IMP  4026366 49
7464028145 IMP  3298831 23
7464168010 Win   725990 1
7464312608 IMP  1440262 5
7464677962 IMP   664615 1
7464804238 IMP   549274 1
7464818423 IMP   882309 3
7464945875 IMP  1541278 4
7464947365 Win  1519835 7
7465615009 IMP 10619209 144
7466074448 Win  7347703 92
7466204849 IMP  1191662 4
7466326858 IMP  4537160 36
7466454329 IMP   577892 1
7466666001 IMP  7583449 104
7467069332 IMP  1782998 7
7467263521 IMP  1515012 6
7467303800 IMP  3103300 39
7467415693 Intractable. 14317005 293
7467760241 IMP  2172787 12
7467875368 IMP  6541409 73
7467887608 IMP  3387986 21
7467950421 IMP  1372839 9
7468236318 IMP  1627341 6
7468410564 Intractable. 12904739 405
7468523862 IMP  1368953 15
7468706069 IMP   920510 5
7468864131 IMP  1860382 9
7468896668 IMP  1155810 2
7469127682 IMP  7322743 100
7469236495 IMP  6971212 164
7469374319 Intractable. 13050291 274
7469549388 Win   527432 1
7469682983 IMP  4479346 37
7469866948 IMP  2152879 8
7469900510 IMP  4556597 69
7470167234 IMP  2337226 13
7470345446 IMP   446898 1
7470653467 IMP  1375632 5
7470761454 Win  1842243 7
7470787019 IMP   572610 1
7470879587 IMP  1621107 4
7470895407 IMP   521319 1
7470962290 IMP   576572 1
7471096550 IMP  5789383 56
7471313653 IMP   320073 0
7471730378 IMP  2629657 16
7471780169 IMP   547283 1
7472052439 Intractable. 11697140 275
7472156986 IMP  1171906 7
7472424504 Win   545338 2
7472781818 IMP  1070131 7
7472871128 IMP   902331 10
7473077451 IMP  1025243 2
7473238477 IMP  2529598 10
7473573448 IMP  1119143 4
7473576902 IMP  6916456 78
7473818314 IMP  6373464 61
7474149876 IMP  1071968 5
7474389893 IMP   922214 2
7474432952 IMP   498637 1
7474768780 IMP  4831595 104
7475052067 IMP  1519728 8
7475421056 IMP  5662581 33
7475536497 Win 12482223 194
7475571161 IMP  1724216 7
7475599371 IMP  1426877 7
7475945144 IMP  2764197 11
7476373609 IMP   433109 1
7476518737 IMP  8621018 248
7476579345 IMP  2771027 16
7476694569 IMP   729463 2
7476798732 IMP  5050160 57
7476817173 IMP  1737703 12
7476871089 IMP  3015150 39
7476892914 IMP   738868 2
7477146951 IMP  1123961 2
7477586476 IMP  1812787 8
7477921418 Win  2870687 17
7478175462 Intractable. 12021553 502
7478459210 IMP  3167994 26
7478631080 IMP    98792 0
7478774672 IMP  4343758 38
7478818309 IMP  1479221 8
7479065974 IMP 10034259 228
7479456716 IMP   598063 1
7479565321 IMP  1627845 8
7479764744 IMP  1497666 13
7479850812 IMP  4031918 85
7479983381 IMP  7688432 136
7479989554 IMP 13876755 367
7480089778 IMP  2794125 23
7480170913 IMP   953190 2
7480254184 IMP  9685749 138
7480291208 IMP  8617581 210
7480417409 IMP  1684677 6
7480576900 IMP 10001979 420
7480912050 IMP  1479476 5
7481122105 Intractable. 11139687 317
7481215145 IMP  1614544 8
7481293217 IMP  1631099 10
7481802735 IMP  1685693 6
7482003240 IMP   877883 3
7482009700 IMP   288420 0
7482353901 Intractable. 11606856 351
7482402471 IMP  5506061 42
7482472245 IMP  3479420 89
7483339045 IMP   978825 3
7483659769 IMP   254095 0
7483754246 Intractable. 12878132 324
7483934960 IMP  1985541 10
7484335756 IMP   978927 2
7484770968 Intractable. 14356113 303
7484815505 IMP  8072718 113
7484868017 IMP  4114597 37
7484891715 Win 10050837 163
7485027521 IMP  2466567 19
7485092704 IMP  3964302 56
7485422958 IMP   889923 2
7485545423 IMP  4952806 75
7485680303 IMP  3688360 25
7485897078 IMP  2399911 10
7486075773 IMP  4015961 57
7486317458 IMP  4303396 27
7486339208 IMP  1979340 19
7486499027 IMP   486902 0
7486614350 Win  5091104 45
7487053597 IMP  1372293 5
7487413204 Win  2632334 21
7487504520 IMP   964126 9
7487576187 IMP  2123882 10
7487624299 IMP   403454 1
7487677029 IMP  3408381 15
7487710552 IMP 13102429 274
7487920105 IMP  1744607 8
7487978125 IMP  3054129 26
7488330267 IMP   238328 1
7488420820 IMP   678125 3
7488651174 IMP  2654616 11
7488675905 IMP  4458644 28
7488838921 IMP   306392 0
7488839648 Win 12075335 196
7488893457 IMP  7460247 116
7489152494 IMP  2258432 12
7489220447 IMP   889141 2
7489429786 IMP  7873653 119
7489446562 IMP  3091875 19
7489720361 IMP  1197680 10
7490091256 IMP  4239274 28
7490184179 IMP   945748 3
7490627945 IMP   475881 1
7490766016 IMP  1571154 6
7490817327 IMP  1479700 5
7491132242 IMP  2499188 16
7491208211 IMP  2876419 21
7491309576 IMP  1093805 3
7491314039 IMP    60801 0
7491482818 IMP  1248869 7
7491622531 IMP  1620003 5
7491775503 IMP  3334879 51
7491879888 IMP  1846056 7
7492161400 IMP   800588 2
7492354539 IMP  1123178 2
7492710901 IMP  4171553 33
7492913098 IMP   756391 1
7493126338 IMP  4561384 72
7493376097 IMP   517471 1
7493377751 Intractable. 11659593 230
7493501881 IMP   989674 2
7493518318 IMP  3017380 19
7493560201 IMP   660436 2
7493569667 IMP  2823418 12
7493715047 IMP  4360130 33
7493744547 IMP  6354804 199
7493776123 IMP  5743945 108
7493824302 IMP  2961180 26
7493838378 IMP 10971075 316
7493906360 Intractable. 13128224 469
7494016744 Intractable. 12623332 370
7494242663 IMP  3903076 50
7494451179 IMP  2459091 11
7495295734 IMP  2793291 32
7495306168 IMP  1754600 7
7495438211 IMP  4460158 74
7495559723 IMP   802522 4
7495572546 IMP   629256 5
7495624171 IMP  6101994 83
7496102386 Intractable. 10673106 573
7496648074 IMP  1521957 6
7497283135 IMP  1655756 6
7497602481 IMP 12116297 820
7498185804 IMP   789516 2
7498369991 IMP   473809 1
7498388425 IMP  4575369 101
7498771040 IMP  2117789 7
7498887880 IMP  2121443 10
7499261192 IMP  5195096 35
7499491370 IMP  2676682 19
7499493407 IMP  6562324 100
7499810507 IMP   591247 2
Number of Freecells: 3   Mode: 

Winnables: 129
Impossibles: 1306
Intractables: 150
Total time: 35 Hours, 52 Minutes, 18 Seconds
