350076008 Win  2146259 16
350296896 Intractable. 14121481 368
350383633 IMP 11406532 293
350590119 Intractable. 12908168 338
350877807 IMP  5941976 89
350882787 Intractable. 13604009 292
350913750 IMP  5726050 69
351094329 Intractable. 13951356 256
351192255 Win  2046706 10
351393250 Intractable. 10245509 306
351435470 Intractable. 12686050 359
351608811 IMP   944886 4
351643750 IMP  1728625 10
351738500 Win    63448 1
351788001 Win  2964979 16
351792959 IMP  4900592 55
351973653 IMP  6878919 94
352100619 Win  7215257 79
352140254 Intractable. 10460123 223
352350297 Win    81802 0
352393894 IMP  5823962 106
352454712 IMP  2884378 19
352604375 IMP  7034724 90
352613301 Win 10951484 300
352694768 IMP  3487311 20
352709454 IMP  1795077 6
352724312 Win  5389893 51
352854933 IMP  3175476 29
353066432 IMP   945930 4
353183110 IMP  2939009 15
353219675 IMP  5742860 80
353319306 IMP  2834242 17
353392308 Intractable. 14017718 290
353489821 Intractable. 13344758 380
353585824 IMP  2399775 10
353670517 Win   666371 2
353703244 IMP  2995827 50
353860744 Win  1183809 5
353908737 IMP  1555334 8
354018093 IMP   443177 0
354086462 Win 11571262 539
354146431 IMP  5586654 73
354441596 Intractable. 12930750 307
354646264 Win   559532 1
354692079 Intractable. 11785010 394
354703638 Intractable. 13142553 260
354775657 IMP   648630 1
354824031 IMP 10514834 160
355045235 Win  4065748 42
355167606 IMP  1545802 18
355425114 IMP  1336272 5
355428107 Win   474088 1
355563320 Intractable. 12416837 464
355590919 Win  1357827 3
355663036 Win  2219597 8
355663983 IMP  3701439 39
355713619 IMP  3032983 16
355755628 IMP  5629899 81
355935554 Intractable. 13212452 347
356100259 IMP  2372898 17
356170689 IMP  2870568 24
356220554 IMP   551547 1
356301863 IMP  1747255 9
356564046 Win  7531654 127
356609087 IMP   867229 1
356633832 IMP  1350132 4
356703183 IMP 11099077 461
356746162 IMP  6174662 73
356799648 IMP 10733137 228
357013206 Win  2689738 14
357033934 Win  1899960 6
357038811 IMP   983354 3
357060333 Win   282365 0
357075192 Win 14159144 276
357336053 Win  1143438 2
357392861 IMP   908109 3
357456525 IMP    70133 0
357488476 Win   766076 2
357536666 IMP  3627055 20
357563068 IMP    82651 0
357594181 IMP 11780490 215
358130384 IMP  2770858 14
358195702 IMP  3536869 32
358545224 IMP 12918798 279
358815981 IMP  1131837 3
359056545 IMP   821735 3
359283573 IMP  1152771 3
359369030 IMP  1233576 7
359464672 Win  2687958 11
359498530 Win 11756531 177
359632154 IMP  3250970 32
359716240 IMP  2080325 9
359736595 IMP  5873322 158
359882599 IMP  1594677 76
359976103 Win   417532 0
360142570 Intractable. 12115515 400
360298336 Win   280255 1
360334641 IMP  5986364 115
360479774 IMP  1576073 4
360619495 Intractable. 10283953 216
360629111 Win  4461612 25
360786057 IMP  1590085 11
361108819 Win  4165699 34
361321641 IMP  1690732 7
361542170 Win   842561 1
361736267 IMP  5287361 82
362164204 Win  8313011 161
362295165 Win   192631 0
362314601 Intractable. 12420460 494
362331342 Win   795301 1
362349616 IMP  7297374 288
362443790 IMP  3291679 17
362448336 IMP  7200867 136
362547696 Win  2905934 13
362619236 IMP  1698781 7
362682138 Intractable. 12931972 310
363166285 Win 10454155 223
363267242 IMP 11765616 636
363278866 Win  1061818 4
363282869 Intractable. 12614271 288
363441638 IMP  1206581 7
363557831 Win 10635336 305
363726657 Intractable. 12558649 359
363745166 IMP  2225077 8
363775228 Win  1397138 5
363778178 IMP  1970911 7
363779342 Win  1508294 10
363825681 Win  4510347 45
363974442 IMP  1016165 8
363988631 Win 10660391 217
364335997 Win  1099131 2
364441510 Win  4747261 48
364513623 Intractable. 12381575 444
364563495 Win  9996423 201
364842181 Win   128821 0
364904233 IMP  3134590 30
365638689 IMP  1861217 9
365758465 IMP  3793791 47
365865603 Win   903981 2
366034766 Win  9198222 201
366047777 Intractable. 13238595 340
366141351 IMP  2650477 20
366184085 Intractable. 11485877 392
366256149 Win     2677 0
366311319 IMP  9122123 234
366361398 IMP  1504037 6
366482524 IMP  2253828 40
366487642 Intractable. 12757815 351
366574508 IMP  2568724 17
366780535 Win  6271768 97
367032373 IMP  3750212 39
367351904 IMP  1563088 8
367563888 IMP  4383236 101
367606431 Win  1453003 4
367611926 IMP 12433023 481
367810249 IMP 11770382 242
367841854 Win  6338485 94
367935531 Intractable. 13075108 247
367959597 IMP  7860470 111
367982398 IMP   694499 2
368087171 Intractable. 14883758 372
368176962 IMP 12559627 438
368343539 IMP  1347760 8
368628658 Win  4727525 44
368740103 Win  8447395 125
368791318 IMP  2028131 20
368876468 IMP  5077569 38
368878784 Intractable. 12739802 503
368916295 Win 10109241 124
369012116 IMP  4328747 35
369149204 Win  4484807 33
369165105 IMP  3423633 33
369285559 IMP  1668820 6
369562889 IMP  4075654 48
369853914 Intractable. 11172394 340
369887863 Intractable. 14928686 287
369943405 Win    16041 0
370166214 IMP  2590485 19
370202941 IMP  1401648 5
370265097 IMP  3684905 26
370477907 IMP  6250502 100
370611466 IMP  7262095 333
370615386 Win   624519 2
370680212 IMP  5047099 64
370707742 Win  9468665 203
371376560 IMP   449238 1
371685604 IMP  3645397 22
371944299 Win  2273655 9
372024478 Win    94331 0
372081841 IMP   759250 2
372182281 IMP  7245718 82
372219223 Win    17226 0
372345185 IMP  2242239 12
372538046 IMP  7587222 148
372597172 IMP   682900 2
372620310 IMP  3830623 38
372639987 IMP   159117 0
372930267 Win  3410155 20
372960565 IMP  7086198 98
372985194 IMP  2731357 15
373093033 Intractable. 12113397 230
373139184 Win  2822069 14
373169472 Win   491727 1
373205674 IMP 11318333 263
373542924 Win  2688013 15
373607424 IMP  3151509 36
373640455 IMP  2971972 25
373935365 Win  5949874 98
373987506 Win  1546493 4
374007749 Win  5951144 62
374024731 Win  9058057 381
374055904 IMP  1262035 4
374238175 IMP  4581172 63
374266512 IMP   813507 2
374315108 Win   511048 1
374329451 IMP   935280 3
374592765 Win  1732069 8
374641467 IMP  2896705 22
374645191 IMP   413752 1
374711692 Win   288947 0
374798008 Intractable. 14431263 309
374906350 Win   740914 2
375071643 IMP  4888079 36
375088943 Win  3106948 16
375118129 Win  1386597 4
375134763 Win  4006422 30
375264210 IMP  6673508 146
375330179 IMP  2844908 12
375600870 Win  4591855 26
375808923 IMP  2908828 17
375859094 IMP  3124068 18
376146873 IMP  1967431 8
376593568 IMP 11363673 283
376671396 IMP   307022 0
376708199 Win  1310280 5
376923882 Win  3410180 26
376932570 Win   682885 1
377091850 Win  3565369 21
377133247 Win     9659 0
377168744 Intractable. 11919530 261
377197279 IMP  6788242 95
377306328 IMP  5608659 118
377332245 IMP  1862787 15
377354906 IMP  8461584 110
377469534 IMP  3323782 24
377484163 IMP  7709040 112
377509474 Intractable. 14555728 383
377596464 Intractable. 12267715 387
377630234 Win   765055 2
377647671 IMP 11834451 336
377737644 Win  1409332 5
377794349 Win  5840064 85
377824841 IMP  6104706 49
377827588 IMP   539978 2
377912571 IMP  1298325 2
377971631 Win  2309179 10
377977045 IMP   464430 1
377985858 IMP   499948 1
378017352 IMP  1590206 6
378020825 IMP  2051433 11
378209939 Win  2178548 11
378237665 IMP  1425182 6
378323291 Win  7262524 114
378352592 IMP  3405427 34
378402607 IMP   740493 3
378436045 IMP  1950519 17
378519448 IMP  1594555 9
378566343 IMP  2198444 17
378590619 Win  2502758 11
378697478 IMP   407108 0
378716859 IMP  2485295 28
378803899 IMP  1196917 3
378912199 IMP   622308 1
379091984 IMP  2290079 16
379196520 IMP  1888800 12
379225539 Win  1082807 3
379707369 Win  5367602 60
379833159 IMP  4219501 43
380080672 IMP  2429610 35
380084421 IMP  5180549 68
380116554 Win  1685323 11
380186663 IMP  1756957 17
380255610 IMP  3909644 23
380412028 IMP  1500242 5
380586333 Win   163673 0
380633826 Intractable. 15172231 386
380647964 Win    18480 0
381020128 Win  5567152 48
381036250 IMP 11376283 543
381056325 Win  9757451 100
381129924 Win  6779207 72
381173847 Win 10851117 232
381197593 IMP  1144454 3
381240319 IMP  1296854 9
381382356 Win  6026184 75
381459853 IMP 11634460 282
381479898 IMP  7359079 97
381487146 Win  1108549 2
382118642 IMP   995669 6
382145634 IMP  5544069 164
382238871 IMP   941657 2
382309671 Win  6788767 82
382374430 IMP   862273 2
382470568 IMP  2161084 21
382490303 IMP  1651753 9
382492625 Win   912133 2
382582859 Intractable. 12859688 708
382769948 IMP   776067 2
382883147 Win   938431 2
382932324 IMP  1012577 2
383176675 Win  5401534 63
383217502 Intractable. 12581540 429
383396695 Win  1468027 4
383439979 Win  1211592 2
383442330 IMP  6402391 92
383513121 IMP  3845332 33
383519667 IMP  2161491 9
383535006 IMP  2929768 25
383600646 IMP  2586420 11
383688581 IMP   618189 1
383758166 IMP  1489705 5
383883359 Intractable. 12180077 270
383915581 IMP  5816206 65
383990838 IMP  6844105 65
383994042 Win  1751014 8
384132649 IMP  4151033 35
384140933 IMP  1684227 7
384143293 IMP   175646 0
384309277 Win  1755748 5
384598694 IMP  4428932 105
384669358 IMP  4374637 34
384747057 Win    29067 0
384885870 IMP 14213345 341
385059669 Win   350059 0
385618213 IMP  2712582 11
385702584 Win  1704191 7
385745855 Win  4181445 35
385830884 Intractable. 12531093 296
386547854 Win  5113314 36
386566486 IMP  2322114 8
386705489 IMP  2446484 16
386721318 IMP   851659 3
386776957 Win    42234 0
386810692 IMP  1836341 20
386900097 IMP  8178841 121
386996079 Intractable. 11518216 329
387101597 IMP  4770671 78
387217775 Win  1416007 6
387333218 IMP  1039594 3
387501114 IMP  5819918 75
387661828 Win  1073015 3
387698210 Win   934352 2
387812758 Intractable. 14120707 258
387813831 IMP  2749401 16
387852010 IMP   907710 3
387890198 Intractable. 12822939 322
388088703 IMP    81852 0
388107966 IMP   977244 2
388114981 Win   510268 1
388197907 Intractable. 12078477 421
388215305 IMP  1653185 4
388451627 IMP 12033290 489
388530592 IMP  5213106 35
388822580 Win  6674982 71
388881781 IMP  4737061 43
388976456 Win  1487363 4
389224503 IMP   344167 0
389260903 IMP  4389846 49
389752399 Win  3050401 23
389771415 IMP   278897 0
389874046 Win   336845 1
389892262 Intractable. 14558306 263
389902827 Win  3432392 17
390168978 IMP  6756251 99
390206865 Win  8047116 317
390249952 IMP  1850037 8
390298214 Win   421144 1
390305388 IMP   894343 2
390349077 IMP  3416084 30
390426358 Win  6009080 62
390646267 Intractable. 13165155 432
390689000 IMP  5615366 90
390719999 IMP  5195367 38
390744577 IMP   261786 0
390807900 IMP  2127065 8
390868019 Win  5725299 58
390884536 IMP  7528796 179
391072356 Win   112537 0
391098141 IMP   133429 0
391281424 Win  4705476 34
391368598 Intractable. 14635685 490
391717668 IMP   895705 4
391724307 IMP   995842 9
391834003 IMP  3503002 19
391931567 IMP  3690332 19
391988663 IMP  2979171 21
392011808 Intractable. 14667932 372
392029914 Win   893772 2
392038679 Win   908636 2
392158976 Intractable. 11726807 264
392331701 IMP  3899803 49
392454390 IMP  1418471 8
392639714 Intractable. 12864707 296
392674229 IMP  7306336 85
392877402 IMP  3504980 34
392942162 Win   470426 0
392975930 IMP  2002835 22
393004613 Win  5788773 37
393097297 IMP  1619375 5
393197095 Win  6315647 51
393248665 IMP  5072734 47
393332483 IMP 11156706 213
393447838 IMP  6469859 59
393450307 IMP  4381589 108
393528679 Win 10658525 136
393557596 Intractable. 11168728 313
393650358 Win  1115999 2
393733917 IMP  3124234 22
393911940 Win 12080538 177
393938166 IMP  2135716 8
393960165 IMP  2249831 15
394046633 Intractable. 13260105 248
394115727 IMP   444787 0
394176619 Win  1609501 5
394605358 IMP  4132804 53
394823224 IMP    87833 0
395077909 IMP  7098509 66
395167547 IMP  1943002 7
395217832 Win 10586567 301
395275805 Intractable. 12733162 215
395512333 Win  4380731 23
395544525 IMP  1614418 6
395561943 IMP  1687501 8
395793861 Win  8046193 108
395852668 IMP  1054198 2
396083202 Win   878408 2
396182682 IMP   413978 1
396413557 Win  6183001 79
396423353 IMP   799598 2
396642676 IMP  1688857 24
396726646 Win  2400897 7
396798663 IMP  3010059 25
396864907 IMP  4967475 36
396927193 IMP  1649859 14
397053489 Win  4073919 18
397226683 Win   294969 0
397658236 Win  3946393 19
397671352 IMP  2318369 20
397776407 Win     2226 0
397804721 IMP  2316229 12
397823322 Intractable. 13353367 318
397872286 IMP  2364067 13
397875572 IMP   685064 3
398003752 Win  2020062 6
398163051 Intractable. 12393522 418
398191864 Win  2699401 8
398278063 IMP  2530682 15
398563279 Win  5454054 105
398753970 IMP  1431251 7
398915547 IMP   802777 5
398972930 IMP  6681136 110
399089515 IMP   555557 1
399267224 IMP  2378781 10
399311859 Win   403944 0
399495847 IMP  1107939 4
399554179 IMP  1748770 11
399818916 IMP  2385033 12
399819518 Win    22355 0
Number of Freecells: 3   Mode: 

Winnables: 153
Impossibles: 261
Intractables: 54
Total time: 11 Hours, 10 Minutes, 20 Seconds
