3250328160 Intractable. 15215191 374
3250601880 Win  8595458 205
3250892330 IMP  2083008 22
3251413180 IMP   894457 3
3251659618 IMP  4935623 49
3251686298 IMP  1031559 6
3251894201 IMP  3477007 33
3252063471 IMP   736131 2
3252168828 IMP  2164935 19
3252373195 IMP  1933586 8
3252418845 IMP  1897923 33
3252444768 IMP  4801773 39
3252603237 IMP  5542576 58
3252786914 IMP  7482735 137
3252891785 IMP  1378724 5
3252962750 IMP   727583 1
3253077069 IMP  2316641 23
3253194687 IMP  2858005 43
3253492884 IMP  5774272 62
3253939878 IMP  8174964 161
3254051719 IMP  1745004 13
3254139837 IMP   468530 0
3254188093 IMP   832360 4
3254193819 IMP  1165563 6
3254306754 IMP  9289286 178
3254752945 IMP  4311583 91
3254754490 IMP  1915783 14
3254847213 IMP  6420360 116
3254916850 IMP   632282 3
3254991728 IMP  9183961 169
3255123430 IMP  1065304 4
3255211221 IMP  3057072 25
3255381685 IMP  3007989 37
3255938899 IMP  2365955 12
3256135084 IMP  1938109 15
3256152744 IMP  1170987 4
3256290326 IMP  1866109 7
3256641819 IMP  6946089 105
3256760905 Intractable. 13277995 270
3258007966 IMP  7855190 148
3258083121 Intractable. 14699271 379
3258123583 IMP  1374907 8
3258763395 IMP  2737099 25
3258809846 IMP  8433598 177
3258836919 Win   166877 0
3258995378 IMP  4299280 41
3259095833 Intractable. 15567864 559
3259204871 IMP  4738443 72
3259493591 IMP  2199411 7
3259722114 IMP  1546943 5
3259728698 Intractable. 13212534 295
3260042320 IMP 11222813 241
3260086171 IMP 10845798 181
3260276971 IMP   884843 2
3260383157 IMP  4418350 57
3260565062 Win   570136 1
3260621759 Win  1070062 2
3260686556 IMP  2939931 33
3261141140 IMP   851677 2
3261360707 IMP 12706898 397
3261447195 Win  3820505 25
3261592847 IMP  7975635 148
3261966710 IMP  5351985 54
3262157597 IMP  8819821 161
3262288575 IMP  1517459 5
3262847875 IMP   916225 3
3262917483 IMP  2554865 20
3263107544 IMP  4059578 41
3263291679 IMP  4717290 31
3263351216 IMP  2539353 20
3263855922 IMP   814837 3
3264192916 Win  3905649 25
3264405344 IMP  2240709 13
3264536024 IMP   690791 2
3264671648 IMP   886634 2
3264704046 IMP  1398181 6
3264789923 IMP  1869944 9
3265094561 IMP  1228812 6
3265174498 IMP  2066590 25
3265405506 IMP  5828847 88
3265553578 IMP  2615741 28
3265821372 IMP  5297617 54
3266086718 Win  1745936 8
3266300500 Win  9904670 273
3266377233 IMP  1922350 10
3266519895 IMP  4319564 35
3266707788 IMP 11529007 232
3266831737 Win  7651610 98
3267474713 IMP  2157689 11
3268196112 IMP  5483417 56
3268231460 IMP  3384575 76
3268447361 IMP  7152966 130
3268639848 IMP  1666177 11
3268668210 IMP  1577117 7
3268710721 IMP 10122966 211
3269100773 IMP  1286028 3
3269249347 IMP  3538535 26
3269642227 IMP   199545 0
3270005353 IMP  7878231 126
3270370651 Win   229392 0
3270561239 IMP  1033170 4
3270588637 Intractable. 13103422 730
3270762738 IMP  3720341 28
3270956312 IMP  2683204 17
3271124790 Intractable. 11567431 409
3271409855 IMP  1941055 8
3271598114 IMP  4080820 35
3271640228 IMP   312201 1
3271711573 IMP  3436292 37
3271738424 IMP  6266812 79
3271903971 IMP  1171198 6
3272232081 IMP  6236302 70
3272518487 IMP  5475060 117
3272742420 IMP  4437014 41
3272919841 IMP  4229555 33
3273032024 IMP  3685484 28
3273221766 IMP  2783298 12
3273399025 IMP  2864132 21
3273415552 IMP   735406 3
3273491874 Win   213416 0
3273523559 IMP  3468793 26
3273565993 IMP  1244919 5
3273709948 IMP  2673734 26
3273918787 IMP  1483417 5
3273957691 IMP  1422847 8
3274385829 IMP   244896 0
3274474361 IMP  2705315 23
3275106641 IMP  6069717 58
3275120853 IMP  7270495 198
3275229446 IMP  4168030 117
3275344274 IMP   531915 1
3275637923 IMP  5173301 75
3275878591 IMP  9098935 179
3275928716 IMP   149075 0
3275949315 IMP  1324598 3
3276311639 IMP   495753 2
3276391501 IMP  1721292 10
3276425036 IMP  3797561 37
3276661284 IMP  3303260 41
3276699105 IMP   687723 3
3276728851 IMP  1744156 13
3276840447 Win  4223152 68
3276922108 IMP  1402691 8
3277233104 IMP  2664647 15
3277240139 IMP  4315477 84
3277248041 IMP  2575181 15
3277590149 IMP  3262331 21
3277617247 IMP   888177 3
3277841709 IMP   999253 3
3277877537 IMP  4223895 26
3277894500 IMP  1517712 10
3278087947 IMP  5585740 84
3278091616 IMP  3154247 18
3278457374 IMP   758483 1
3278630779 IMP  1900357 35
3278687540 IMP  3936660 51
3278951644 IMP  2311005 14
3279321933 IMP  1055413 3
3279454648 IMP  1195869 7
3279476250 IMP   954804 2
3279675912 IMP  6127413 63
3279879586 IMP  1805948 10
3280044196 IMP  1074104 3
3280201938 IMP  1257416 5
3280214534 Intractable. 13264705 411
3280215018 IMP  8631149 155
3280364464 IMP   743509 1
3280499757 IMP  3515392 123
3280573860 IMP  9898619 264
3280597947 IMP  3084172 31
3280666396 IMP  8581885 170
3280685819 IMP    25561 0
3280689854 IMP  1563158 6
3280850386 Intractable. 12090160 501
3280955755 IMP  2283094 16
3281211372 IMP   709710 2
3281507252 IMP   987926 5
3281530883 IMP  1463772 9
3281621954 IMP  8746758 235
3281639101 Intractable. 13218292 571
3281711280 IMP  2897400 78
3281752758 Intractable. 12204874 321
3281767761 IMP  1418735 5
3281996858 Intractable. 11723665 298
3282111536 Win   463826 1
3282213331 IMP  1866024 15
3282214469 IMP  3239432 39
3282252826 IMP  1962885 8
3282271396 IMP  1047672 4
3282345425 IMP  1120294 6
3282424599 IMP  1597507 6
3282462174 IMP  1561136 18
3282753947 IMP  3386447 78
3282948498 IMP  1660577 8
3282987708 IMP  1854580 9
3283124275 IMP  7145119 177
3283139584 IMP  4227423 47
3283224624 IMP   513469 1
3283913390 IMP  9551841 215
3283916295 IMP   784575 3
3283942857 IMP 11087490 404
3284318431 IMP   532767 2
3284388579 Win  2227762 9
3284659724 IMP  6216630 47
3284726118 IMP  6657786 146
3284766377 IMP  3127072 15
3284831548 IMP  1012816 6
3284836316 IMP  2859210 40
3285221607 Win   613156 1
3285273707 IMP  7748992 301
3285291305 Intractable. 11160245 301
3285465815 IMP  6918581 280
3285746636 IMP  5364397 69
3286198550 IMP  5248984 53
3286338202 IMP  8357146 172
3286431752 IMP  3763065 38
3286493944 IMP  8956947 299
3286607134 IMP  1655289 9
3286927480 IMP  1434549 7
3286955765 Win  1495666 8
3286972072 IMP 11715647 260
3287133231 IMP  3098454 28
3287212809 IMP  5580790 51
3287460880 Win  1873117 9
3287793130 IMP 12416473 498
3287802440 IMP   821195 4
3287858600 IMP  8616069 163
3288040042 IMP  2972587 34
3288093571 Win   965095 2
3288581511 Win  3533109 50
3288644600 Win  1007125 3
3288852702 IMP  3445512 24
3288920670 IMP  9303636 239
3289255036 IMP  3396367 22
3289318234 IMP  1499000 5
3289435627 IMP  2050219 9
3289686999 Intractable. 12826775 372
3289925522 IMP  9776348 418
3290020247 IMP   882212 2
3290107730 IMP  2995381 32
3290330212 IMP  2773254 21
3290351869 IMP  2571294 14
3290379774 IMP  8747390 197
3290566196 IMP  1820122 12
3290601563 IMP  4125005 33
3290645967 IMP  1852736 9
3290657614 Intractable. 12581038 532
3290727998 IMP  2989536 17
3291000194 IMP   562032 1
3291606864 IMP  4205783 34
3291634058 IMP  1196139 7
3291643073 IMP  4691941 28
3291657529 IMP  3427934 18
3292026363 Win  6835893 152
3292055452 IMP  3717997 24
3292169728 IMP  5040546 71
3292210851 IMP  2008906 11
3292369107 IMP  2646057 13
3292438261 Intractable. 14617416 307
3292535234 IMP   994881 2
3292648301 IMP  1139389 2
3292655111 IMP  3043588 19
3292684683 IMP  2782440 17
3292911997 IMP  4719116 36
3292996078 IMP   856962 3
3293030225 IMP  5627826 120
3293049564 IMP  1908532 15
3293272356 IMP   661657 1
3293298419 IMP  1901754 19
3293546387 IMP  2703240 13
3293563077 IMP  3124071 19
3293900582 IMP  5058828 63
3293900849 IMP  2768739 27
3293977467 Intractable. 11589660 303
3294192117 Intractable. 12783005 372
3294199242 IMP  4254878 30
3294296253 IMP   395297 1
3294531785 IMP   751454 4
3294816489 IMP  2696519 15
3294838329 IMP   953267 3
3294925567 IMP  1557507 5
3294946588 Win   493103 1
3295042238 IMP  2283802 18
3295057692 IMP  3893177 88
3295302676 IMP  1457355 5
3295589914 Intractable. 12148952 242
3296095649 Intractable. 13592717 297
3296347077 IMP  2624542 25
3296370798 IMP  1409717 4
3296773667 IMP  3538992 43
3296939766 IMP   792948 4
3297050535 IMP  1377616 14
3297321633 IMP   643567 1
3297346551 IMP  1380067 13
3297405982 IMP  1611940 8
3297674269 IMP  3672608 37
3297692018 IMP 11428243 192
3297724182 IMP  8847808 170
3297779342 IMP  3000615 46
3297904859 IMP  4174642 53
3297909986 IMP  4367995 62
3297962490 Win  1151221 7
3298451716 Win  3200817 42
3298506910 IMP  1963340 38
3298721033 IMP  5227626 44
3298731226 IMP   596384 1
3298778486 IMP  2989912 42
3298821383 IMP   845247 7
3298842686 IMP   698684 1
3299188810 IMP  1225284 4
3299343577 IMP   477251 1
3299388676 IMP   994981 5
3299389560 IMP  1730567 9
3299390469 IMP  4633965 57
3299616668 IMP   647828 1
3299806205 IMP  1211100 14
3299818396 IMP  5816335 56
3300225165 IMP  2679474 17
3300267438 IMP  1972501 8
3300361299 Win  6427728 88
3300723317 IMP  4601362 60
3301027890 IMP  1200506 3
3301269093 Win  1861469 13
3301309451 IMP  4442790 47
3301475441 IMP   518616 3
3301567311 IMP   913001 3
3301598640 IMP  2346087 26
3302325390 Win   690781 1
3302403685 Win  1792846 8
3302987241 IMP  5491084 103
3303023337 IMP  3875473 37
3303040983 IMP  7183687 208
3303135325 IMP   964599 4
3303214463 IMP  3323660 46
3303278554 IMP   492144 0
3303289258 IMP  4897498 86
3303467059 IMP   806457 1
3303481966 IMP 10184284 213
3303705992 IMP   986275 3
3303776181 IMP   988858 3
3303994590 IMP  3159329 21
3304293134 IMP    51466 0
3304315442 IMP  3981938 37
3304450437 IMP  3004694 31
3304820476 IMP  8070831 71
3305016345 IMP   922836 4
3305319778 IMP  2601037 12
3305517072 IMP   503432 1
3306097062 IMP  1625777 7
3306530275 IMP  2281142 21
3306548020 IMP  2133915 14
3306596177 Win  1039480 3
3306772218 Win  9525283 136
3306870944 IMP  1215940 2
3307023557 IMP  8083863 263
3307255255 IMP  1375644 6
3307322330 Win  3073373 15
3307336618 Intractable. 13002441 319
3307343415 IMP  1744310 9
3307350939 IMP  8311304 114
3307395737 Intractable. 12299908 398
3307557108 Intractable. 13605604 742
3307821497 IMP  2376863 21
3307942692 IMP  1893329 8
3308048779 IMP  3841209 45
3308063962 IMP  2882044 29
3308272294 IMP  1585841 5
3308537863 IMP  1304584 3
3308872350 IMP  1769267 11
3308932092 IMP  1588275 8
3308940641 IMP   779686 2
3309552019 IMP   976959 3
3309913281 IMP   834739 2
3310108327 IMP  4694686 60
3310116073 IMP  2947341 24
3310962523 IMP  1265458 4
3311377514 IMP  1284021 4
3311582523 IMP   349657 1
3311691720 Win  1408189 6
3311728568 IMP   821337 4
3311989146 IMP  9339754 130
3312104767 IMP  1050871 4
3312174204 IMP  2201409 24
3312239753 IMP  1226282 5
3312263386 IMP  4020246 54
3312357171 IMP  3181509 17
3312374665 IMP  2064967 16
3312441018 IMP  3537716 38
3312450005 IMP   848278 2
3312870422 Intractable. 13257606 686
3313372698 IMP  7711914 116
3313723241 IMP  9784875 235
3313852919 IMP  6210980 239
3314086869 Intractable. 12897447 283
3314352303 IMP  1402698 7
3314516377 IMP 10162686 240
3314686146 IMP  7125751 243
3314993421 IMP  1372301 12
3315083025 IMP  1733551 8
3315292115 IMP  8553353 139
3315576442 IMP  3907505 69
3315804771 IMP  1488051 9
3316031349 IMP   575848 1
3316508688 IMP  3294974 27
3317059952 IMP  3094023 22
3317068829 Win  9657795 278
3317365279 IMP  1629855 9
3317367536 IMP   330923 1
3317377843 IMP  7182228 83
3317524701 IMP   512775 1
3317560264 IMP  1558720 7
3318337254 IMP  6997781 155
3318421508 IMP  2669595 15
3318574344 Win   238271 0
3318782628 IMP  4599579 41
3318818697 IMP  3440790 33
3318861272 IMP  7552597 120
3319386494 IMP  6898673 141
3319557856 IMP  2871889 21
3319609050 IMP   879392 2
3320141385 Win  4272042 77
3320281674 IMP  1784534 7
3320321139 IMP   469550 1
3320368928 IMP  1094823 4
3320524270 IMP   270472 0
3320596986 IMP  1709670 8
3320924209 Win  9586196 151
3321103741 IMP   967342 2
3321170930 IMP  2370999 27
3321245877 Intractable. 12715347 316
3321429890 IMP   903115 4
3321633370 IMP  9783903 153
3321944434 IMP  5091260 46
3321972131 IMP  2656946 10
3322061476 IMP  1767325 14
3322169577 Win   764626 2
3322290795 IMP   627123 2
3322333401 IMP  2209466 11
3322498766 IMP  2370876 10
3322804304 IMP  1893948 5
3322968697 IMP  2515416 22
3323026574 Intractable. 13263967 399
3323195815 IMP  4417520 32
3323350061 IMP  1631476 10
3323812850 IMP  2896125 18
3323826605 IMP  4806668 49
3323976731 IMP  2511990 16
3324047859 IMP  8030547 117
3324244029 IMP   404560 1
3324248037 Intractable. 12802354 462
3324492641 IMP  3409272 16
3324728899 IMP  1146259 3
3325010414 IMP  4581675 44
3325057816 IMP  1087266 4
3325242550 IMP  6809073 97
3325997547 IMP 11722806 766
3326036013 IMP  8192098 212
3326401100 IMP  1779008 25
3326686757 IMP  2864482 30
3326816629 IMP  2407594 15
3326850858 Win  1376095 4
3326918309 IMP  1597214 4
3327054389 IMP  2849535 59
3327717678 IMP  2336516 11
3327720950 IMP  3725390 39
3327887205 IMP  1940248 9
3327901161 IMP  6830209 79
3328011062 Intractable. 11531313 388
3328105342 IMP   691661 2
3328227015 IMP 13443593 319
3328418481 Intractable. 12108741 278
3328426154 IMP  3630047 35
3328597217 IMP  1661486 6
3328666230 IMP  1573386 8
3328734389 IMP  3533866 39
3328783136 IMP  4349677 34
3328786034 IMP  2546124 27
3329381710 Intractable. 13566241 301
3329447282 IMP  4322183 34
3329559054 IMP  2462647 15
3329620237 IMP  9990497 366
3329631117 IMP  6747196 117
3329959924 IMP  4173380 38
3330027267 IMP  1409126 8
3330120542 IMP  1291185 4
3330363721 IMP   883522 5
3330529493 IMP  1019634 7
3330672239 IMP  1331262 6
3330726027 IMP  2209576 12
3330897273 IMP  1538925 7
3330993258 IMP  9543193 233
3331178728 IMP 12952116 281
3331407895 IMP  2881941 31
3331423487 IMP  3033143 17
3331484579 IMP  4973090 90
3331777417 Intractable. 14116781 355
3331792274 IMP  4274486 40
3332828595 IMP   429003 2
3332954129 IMP   758144 2
3333089446 IMP  2477973 16
3333164734 IMP  1537431 5
3333323913 IMP  2422044 19
3333544481 IMP  1111204 4
3333999103 IMP  4393045 49
3334467042 IMP  2736023 15
3334635947 Win  2895882 23
3334663699 IMP  6981685 120
3335383127 IMP  3639748 40
3335545166 IMP  1812248 12
3335617264 IMP  3068140 92
3335708936 IMP  1912548 9
3335780823 IMP  2435250 10
3335923432 IMP  4016642 83
3336055473 IMP  4486211 68
3336369437 IMP   656589 3
3336406282 IMP  8741518 216
3336454513 IMP  1509603 5
3336609646 IMP  4743169 48
3336648031 Intractable. 12255905 418
3336648220 IMP  4496182 113
3336703977 IMP  5782978 83
3336876806 IMP  6678350 92
3337199536 IMP   843637 3
3337287792 IMP  6017392 124
3337296326 IMP  2690571 19
3337414702 IMP  4447527 80
3337430809 IMP   527904 0
3337487300 IMP  2581054 20
3337582343 IMP  1739832 7
3337687959 IMP   814027 4
3337694240 Win  4044956 24
3337787511 IMP  1657435 7
3337874058 IMP  7307737 295
3337875092 IMP  8781413 230
3338861899 IMP  4217004 49
3338962289 IMP  5586312 150
3339172526 Win   736082 2
3339286368 IMP  3867833 37
3339716408 IMP   581301 2
3339780141 IMP   817201 2
3339863520 IMP  1702246 8
3339865559 IMP  4038071 35
3340067555 Win  1069173 3
3340172193 IMP  7105611 88
3340179249 IMP  1297309 7
3340243083 IMP  5780184 52
3341031939 IMP  4192856 58
3341209483 Intractable. 13515673 378
3341243574 IMP  1115941 5
3341980682 IMP   995071 2
3342312827 IMP  1079051 9
3342723712 IMP  2185840 36
3343024488 IMP  5106302 51
3343515124 IMP  4312078 80
3343664931 IMP  1244717 4
3343777112 IMP  1498485 5
3343911325 IMP  1925760 13
3344198171 Intractable. 14396633 304
3344646988 IMP 10406371 246
3344668274 Intractable. 13319742 360
3344909382 IMP  1388973 6
3344981841 IMP  4571743 78
3345484948 IMP  7753172 323
3345504626 IMP  9103817 185
3345559625 Intractable. 12404641 289
3345617495 IMP  2059286 8
3346028521 IMP  1130332 3
3346252267 IMP  1304571 3
3346275824 IMP  3407051 34
3346387144 IMP  4423903 52
3346994988 IMP  3240326 31
3346999620 IMP  1882346 6
3347213785 IMP  2375748 19
3347272624 IMP  4660845 40
3347648705 IMP   742212 2
3347758327 IMP  1045178 5
3347864513 IMP   801457 2
3348140395 IMP  7414029 138
3349373800 IMP  1945563 13
3349944112 IMP  4915862 56
3350018171 IMP  5377483 45
3350795752 IMP   599148 1
3350819888 IMP  1938517 18
3350842164 IMP   811071 2
3350860429 Intractable. 11516226 347
3350861396 IMP  2833703 13
3350910789 IMP  4057059 40
3351154930 IMP  6239115 86
3351621314 IMP  3171391 24
3351669777 IMP   701751 1
3351853821 IMP  5944165 51
3351875318 IMP  5968620 55
3351890374 IMP  6901587 105
3351988187 IMP  5301345 55
3352289407 Win  1590049 4
3352321770 IMP  1207657 5
3352393554 Intractable. 12173277 303
3352485428 IMP  1402396 8
3352827825 IMP  1439696 4
3353381969 IMP  3316410 19
3353476558 IMP  4243315 53
3353498391 IMP  2011703 33
3353591142 IMP  1651393 8
3354114180 IMP  3881673 30
3354136896 IMP 12145935 246
3354352442 IMP  8152208 178
3354369006 IMP  3618495 34
3354493672 IMP  3457472 33
3354799843 IMP  5173211 43
3354986932 Intractable. 12656018 352
3355003521 Intractable. 12599682 348
3355130733 IMP  2619069 15
3355178793 Intractable. 12322330 299
3355754386 IMP  1295693 3
3355834786 IMP  2015015 10
3356150189 IMP   333923 0
3356172366 IMP  1102325 4
3356335074 IMP   546101 1
3356340021 IMP  2152111 22
3356348214 Win   588223 2
3356796944 IMP  8812582 227
3356803315 IMP  1420034 7
3357045004 IMP  8805027 361
3357178853 IMP  1175150 9
3357283378 IMP  6108814 88
3357307779 Intractable. 12693829 314
3357401793 IMP   682537 3
3357721536 IMP   941536 3
3358058634 IMP  5864389 75
3358155434 IMP  4786502 93
3358252301 IMP  8991649 157
3358889974 Intractable. 12541110 375
3358961242 IMP  1316104 12
3359296289 IMP  1830868 16
3359314065 IMP   963296 3
3359570750 Win   298127 0
3359687550 IMP  2300261 9
3359938984 IMP  2290691 14
3360371088 IMP  3377981 30
3360431605 IMP  2568044 24
3360699003 IMP  1547211 18
3360716802 IMP  2542716 17
3360981502 IMP   830034 3
3361065905 IMP  5853168 68
3361136620 Intractable. 12102598 482
3362131140 IMP  4755406 92
3362338305 IMP  9247114 288
3362456301 IMP  2102632 10
3362693048 IMP  2238479 23
3362787790 IMP   257874 1
3362803215 IMP  8272675 187
3362911357 IMP  6697839 181
3363316164 IMP  2949070 29
3364348605 IMP  4774253 76
3364537314 IMP  7327571 228
3364678055 IMP  1606286 6
3364760348 IMP  2283356 11
3364962380 IMP 10426599 226
3365026282 IMP  1521052 7
3365898107 IMP  3508305 73
3366249063 Intractable. 12639399 319
3366625075 IMP  2196435 12
3366656445 IMP  8660771 121
3366700558 IMP  9653351 170
3367195961 IMP  2585494 14
3367308235 Win  1083095 2
3367954608 IMP  7249871 249
3368075548 IMP   814750 2
3368478380 IMP  1918837 8
3368686708 IMP 10408030 261
3368771931 IMP  2203049 19
3369476703 IMP  6820378 120
3369634789 IMP  2460542 18
3370375396 Intractable. 12465192 471
3370844016 IMP  5516171 256
3370856861 Intractable. 14569423 334
3370978825 IMP  1312462 4
3371028658 IMP  2855997 15
3371293449 IMP  1265411 6
3371354694 IMP  4305406 83
3371429768 IMP  1865964 8
3371570322 IMP  2129248 21
3371866436 IMP  2547241 28
3371909240 IMP  4526620 88
3372052853 IMP  3932517 29
3372165969 IMP  2021629 44
3372412252 IMP   954420 3
3372597970 IMP  6013516 118
3372631314 IMP  1480733 6
3372825279 Intractable. 13816420 311
3372952572 IMP  4537641 39
3373011379 IMP  1128529 4
3373081451 Win  8407767 93
3373096988 Win   794560 1
3373211185 IMP  3258137 27
3373279844 IMP  1964556 24
3373508246 IMP  1799401 6
3373609623 IMP  1944758 7
3373649456 IMP  9638940 544
3373886390 IMP  1982482 6
3374074455 IMP  2064020 11
3374077993 IMP  4013704 82
3374325919 IMP  1026695 3
3374351606 IMP   760150 2
3374389934 Intractable. 12936945 244
3374774414 Intractable. 15657262 391
3375035483 IMP   956626 3
3375178483 IMP  5070049 47
3375335008 IMP  1985141 8
3375869932 Intractable. 14068555 349
3376099571 IMP   691549 2
3376134324 IMP   434019 1
3376143449 IMP  7751050 185
3376648655 IMP  3431939 27
3376930831 IMP   709116 3
3377078918 IMP   603000 1
3377167642 Win  1014915 2
3377934475 IMP  9475313 194
3377953158 IMP  1258489 6
3378406505 IMP   544350 1
3378492385 IMP  3110489 17
3379060124 IMP  7916016 113
3379910226 IMP  2100583 14
3379963980 IMP   435137 1
3380014402 IMP   338778 0
3380041272 IMP  2295490 24
3380213879 IMP  1255597 5
3380561614 IMP  3066051 27
3381157450 IMP  5232096 106
3381248749 IMP  2217402 14
3381500203 IMP  3169595 26
3381723342 Intractable. 13623362 298
3381766886 IMP  9073747 144
3381898989 Win   976600 3
3381910617 IMP  2908291 28
3382148243 IMP   721011 1
3382319330 IMP   795207 3
3382650353 IMP  1090338 3
3382878159 IMP  5810565 136
3383025768 IMP 14894193 335
3383334727 IMP  2049568 12
3383458269 IMP  2140257 11
3383796629 IMP  1167671 4
3384284070 Win   856436 3
3384473315 IMP  5276490 87
3384498235 IMP  1012025 3
3384693843 IMP   360070 1
3384923193 IMP  5526806 45
3385206604 IMP  1492740 9
3385898039 Intractable. 12983473 311
3385936461 IMP  5021017 37
3385992631 IMP  3401900 27
3386219182 IMP    22927 0
3386297101 IMP  1197526 4
3386311142 IMP  4999009 60
3386480838 IMP  5215669 70
3386922567 IMP  3817165 44
3387067252 IMP  3835803 38
3387148108 Win  6262297 142
3387235710 IMP  2160476 14
3387349221 Win  4142301 27
3387514238 IMP  7217444 110
3387705530 IMP  2329084 18
3387976639 IMP  1228414 5
3388292210 IMP 11479997 516
3388386910 IMP 10191061 160
3388407756 IMP  2285381 11
3388433662 IMP  4184742 32
3388438758 IMP  3370352 24
3388472767 IMP  1325217 5
3388614276 IMP  2596284 23
3388980100 IMP  1666365 7
3389072716 IMP  2310429 8
3389290378 IMP  3688863 37
3389535511 IMP 11281159 260
3389541603 IMP  2019000 8
3389750822 IMP  1974984 7
3390042596 IMP  3788680 33
3390194689 Intractable. 12501424 323
3390232932 IMP  3461492 21
3390273153 IMP  3579632 37
3390645286 IMP  9914723 154
3390887348 IMP  4328754 44
3390891991 Intractable. 12518922 324
3391190583 IMP   695346 1
3391450595 IMP  2997877 27
3392065605 IMP   459096 1
3392192186 IMP  2883227 18
3392223527 IMP   357969 0
3392293558 Intractable. 12600387 309
3392379857 IMP  4807426 51
3392832897 Win   448288 1
3393341423 IMP  3562932 24
3393397307 IMP  5665521 66
3394100161 IMP  3344446 36
3394615513 IMP  3662159 34
3394623924 Intractable. 10963930 433
3394634794 Intractable. 13872220 494
3394651230 IMP  2360656 18
3394919620 Intractable. 12671977 782
3395035868 Intractable. 11118231 343
3395245073 Win  2502115 14
3395312901 IMP  2588949 11
3395775984 Win  7030010 155
3395827118 Intractable. 12316862 346
3396280548 IMP   551377 1
3396613509 IMP  9867164 166
3396688236 IMP  5173471 49
3396759819 IMP  2816999 27
3397300227 IMP   311857 0
3398200805 IMP   991627 4
3398211156 IMP   929726 2
3398370259 Intractable. 10212827 776
3398721645 Intractable. 11788976 272
3399034336 IMP  3964238 55
3399193740 IMP   882839 4
3399387531 IMP 13568305 311
3399414983 IMP  5622181 46
3399440250 IMP  1563596 9
3399517048 IMP   890071 4
3399560551 IMP  3829302 35
3399925084 IMP  1048987 4
3400063711 IMP  1679582 4
3400161369 IMP  1708800 9
3400246171 Intractable. 13102188 314
3400703056 IMP    34152 0
3400934286 IMP  1409003 9
3400974315 IMP   793392 3
3401058858 IMP  1296650 5
3401127300 IMP   895027 3
3401434476 IMP  2563428 17
3401444865 IMP  9314587 187
3401563771 IMP  3056535 27
3401584729 IMP   958057 2
3401695044 IMP  7664042 182
3401724323 Intractable. 12988970 730
3401987347 Win  1331865 5
3402446968 IMP  2282394 19
3402491462 IMP  2018082 17
3402519467 IMP  1294746 6
3402560457 Intractable. 11908367 362
3402627766 IMP  3916477 92
3402802622 IMP  1269637 4
3402816001 IMP  2943511 17
3402916811 Intractable. 13557380 588
3403346546 IMP  1452769 8
3403433732 Intractable. 11990335 422
3403518689 Intractable. 12655300 771
3403640983 IMP  3132555 27
3403714760 Win  2313075 9
3403861553 IMP  4527146 40
3403967912 IMP   747453 2
3404150730 IMP  2671596 23
3404201910 IMP  2368938 10
3404349076 Win  3885110 38
3404390375 IMP  8887198 154
3404620314 IMP  9034660 152
3404932537 IMP  3872122 27
3405678838 IMP  3348655 20
3405936595 IMP  1742452 10
3405972364 IMP  2733378 18
3406369302 IMP   586061 1
3406754880 Win  2344626 13
3407048104 IMP  1276320 12
3407322565 IMP  2342896 7
3407526873 Intractable. 13301976 431
3407550122 IMP  1296454 6
3407760921 Win  9474498 124
3407947070 IMP  1261885 5
3408047748 IMP  2921771 30
3408174826 IMP   770021 1
3408399184 IMP  2725584 16
3408400197 Win  4336546 47
3408420328 IMP   975514 3
3408450665 IMP  1027622 4
3408557490 IMP  4259477 50
3409039944 IMP   834973 2
3409481669 IMP  7301602 69
3410446648 IMP  2968352 25
3410511139 IMP  4823969 62
3410635790 IMP  6207608 113
3410699409 IMP  2089094 11
3410847455 IMP   891069 3
3410859617 IMP  1754722 6
3411087536 IMP  7490098 109
3411389933 Win   313713 0
3411783631 IMP   673733 2
3411851900 Intractable. 11087512 325
3412052424 IMP  8217289 146
3412132391 IMP  8588777 335
3412454399 IMP  2004695 16
3412507696 IMP  2590857 20
3412799527 IMP  5503476 60
3413456182 IMP  1084614 4
3413730849 IMP  1145924 4
3413895878 IMP  6599090 103
3414072240 IMP  1630371 6
3414690077 Intractable. 12235046 263
3414735072 IMP  8841097 149
3415040246 IMP  1789340 8
3415101707 IMP  1034476 3
3415236399 Win  3546700 19
3415329162 IMP  1336360 5
3415420984 IMP  2189739 28
3415457243 IMP  4748857 55
3415521058 IMP  2805452 15
3415541883 IMP  1318502 9
3415636798 IMP  1685818 12
3416063174 IMP  4740907 45
3416068607 IMP  1415883 6
3416390813 IMP   204342 0
3416571086 IMP 10259461 251
3416816821 IMP   285080 0
3417371816 IMP   655104 1
3417373817 IMP  1145930 6
3417379976 IMP  7425528 168
3417953735 IMP  2830960 20
3418483498 IMP   709637 2
3418581870 Intractable. 14377377 438
3418619421 Intractable. 12556734 351
3418946791 IMP  2669180 15
3419182084 IMP  2367005 12
3419232348 IMP  4442710 47
3419242164 Win  2147118 9
3419401070 IMP  3822894 28
3419759929 Win  4796826 52
3420238267 IMP  1447296 10
3420271735 Intractable. 11424157 312
3420565807 IMP  1184124 4
3420583818 IMP  2543684 20
3420786837 IMP  1870911 12
3421117585 IMP   987278 6
3421343438 IMP  1204117 2
3422062079 IMP  6248842 108
3422106497 IMP  1802961 6
3422202691 IMP  1565390 8
3422384852 IMP  5169484 58
3422852753 Intractable. 13228853 716
3422888642 IMP  2811385 26
3422961648 IMP  5182894 56
3423024213 IMP  2663707 18
3423215716 IMP  6436476 115
3423529655 IMP  3360624 24
3423913194 IMP  6406159 68
3424169458 IMP  2804220 14
3424549872 Win   820932 3
3424900665 IMP  2663719 12
3425520096 Intractable. 12116609 317
3425612895 IMP  1171488 3
3425627211 IMP   596240 1
3425651795 IMP  7339878 137
3426618128 IMP  8871565 182
3426795958 IMP   904549 2
3426934375 IMP   990438 3
3427309434 IMP  2307346 11
3427445517 IMP  3417007 34
3427612330 Intractable. 14105893 342
3427655481 Win  2910123 16
3427771000 IMP  2021278 7
3427917896 IMP  8552915 155
3428148793 IMP  6113508 83
3428236313 Intractable. 11580948 325
3428413445 IMP  1632940 6
3428726426 IMP  6672000 114
3429401988 IMP  1571931 7
3429443045 IMP  3721376 33
3429537986 IMP  2932242 75
3429698774 IMP  6920152 76
3429832452 Win  4403558 40
3430036961 IMP  2084648 14
3430095140 IMP  6784802 109
3430129258 IMP  5117800 50
3430263463 IMP   896510 4
3431320378 IMP  5148402 61
3431371101 IMP   850882 2
3431400297 IMP   438304 1
3431581210 IMP  2904275 36
3432320810 IMP  6950685 105
3432542230 IMP  1239741 7
3432580938 IMP  9808195 251
3432988723 Win   248393 0
3433146694 IMP  3868197 30
3433318939 IMP  3368590 24
3433751926 IMP  4491388 78
3434047639 IMP   682509 2
3434090533 IMP  1278583 7
3434548088 IMP  2346228 13
3434837085 IMP   468533 1
3434930906 IMP  3997881 24
3435132097 IMP  1668668 7
3435149682 IMP  1918910 8
3435627164 IMP  1020982 2
3435791436 IMP  1414739 4
3435916830 IMP  1428995 6
3435925893 IMP  9298750 520
3436080263 Win  1494491 10
3436108657 IMP  2060617 28
3436220817 IMP  3520746 34
3436274582 IMP  2835990 13
3436599993 IMP  3548397 18
3436742731 IMP  4575646 53
3436988613 IMP  4874778 46
3436995415 IMP    12205 0
3437368453 Intractable. 12304977 313
3437944017 IMP  6185253 69
3438064707 IMP  5338420 44
3438174342 IMP 10313587 299
3438489739 IMP  1015384 2
3438494539 IMP  6416683 114
3438584702 IMP  4187059 22
3438640891 Win  2010564 9
3438939702 IMP   799076 3
3439149259 IMP  2608561 16
3439186281 IMP  7208139 184
3439327129 IMP  2089330 16
3439339578 IMP  8086738 268
3439498538 IMP  2138993 21
3439812950 IMP   951644 3
3439854597 IMP  2412069 14
3440034311 Intractable. 12899426 250
3440089699 IMP   451454 1
3440111749 IMP  7077506 109
3440132412 IMP  2934720 33
3440365875 Intractable. 12684743 341
3440457855 IMP  2544574 12
3440773806 Win  8432133 174
3441004833 Intractable. 12859478 515
3441044422 IMP   967774 3
3441429482 Intractable. 11565200 340
3441469360 Win  9742686 205
3441967248 Win  1130695 4
3442118372 IMP  5754235 128
3443026930 Intractable. 11105343 323
3443529038 IMP  1144704 8
3443595556 IMP  1715760 6
3443799598 IMP    37962 0
3444243477 IMP  7166032 221
3444295262 IMP  3861293 24
3444578894 IMP  1025101 11
3444738509 IMP  9126066 147
3445444876 IMP  2769659 14
3446121254 IMP  1973928 26
3446250533 Win   409916 1
3446267797 Intractable. 14064199 339
3446370140 IMP  1990983 9
3446627510 IMP  1095819 4
3447144897 IMP  1787206 18
3447223323 IMP  4283793 37
3447394784 IMP  1665505 8
3447865337 IMP 12170451 335
3447927447 IMP  3320436 20
3448063236 IMP  3083734 23
3448227495 IMP  4758306 52
3448380308 IMP  6417061 53
3448414979 IMP  1252868 7
3448792935 IMP  2260966 9
3448891623 IMP   470472 1
3448999033 IMP  1170487 4
3449247863 IMP  2165818 13
3449500684 IMP 11848469 330
3449834951 IMP  7450243 405
3450189076 IMP   306704 0
3450985910 IMP  2608116 12
3451427048 Win  3582242 26
3451626056 IMP  1517489 5
3451645233 IMP  4777087 79
3451675123 Win 12988331 303
3451716303 IMP  4669548 96
3451744692 IMP  3446482 33
3451931458 IMP  1343821 6
3452091394 IMP  8033304 96
3452157600 IMP  6484372 81
3452497813 IMP  3057627 20
3452545878 IMP  4179575 38
3453191876 Win   300134 1
3453235674 IMP  3273342 33
3453310350 IMP  1093634 4
3453373037 Intractable. 13068419 283
3453713098 IMP   281274 1
3453737318 IMP  3262886 21
3454052778 IMP  1618673 10
3454091776 IMP  2131595 14
3454107124 Intractable. 13020247 400
3454231077 IMP  5931432 108
3454413165 IMP   673647 1
3454429136 IMP  2673257 15
3455130407 IMP  5008978 87
3455157350 IMP  7406943 406
3455340596 IMP  2018780 30
3455459720 IMP  6795132 97
3455707042 Intractable. 12118644 360
3455992664 IMP  8497327 127
3456023160 IMP  1409075 6
3456065859 IMP 11229575 405
3456485920 IMP  2203051 12
3456635780 IMP  1375148 10
3456795601 Intractable. 13361363 489
3456991824 Intractable. 12749905 312
3457240816 IMP  2250255 21
3457563948 Intractable. 14023999 555
3457649478 IMP  6406889 89
3457702812 IMP  2581885 15
3457958960 Intractable. 12436415 341
3458250900 IMP  3158591 34
3458341842 IMP  7122866 96
3458357369 IMP  1634344 12
3458783890 IMP  1646598 8
3458973301 IMP   777969 4
3459039708 IMP  2866072 16
3459330975 IMP  3303030 28
3459348714 IMP  2054445 11
3459491870 IMP  1600317 9
3459555015 IMP  1442793 6
3459724832 IMP 12272705 266
3459992075 IMP  1533993 10
3460653631 Intractable. 11788795 380
3460783745 IMP  6763404 112
3461366776 IMP  5500277 93
3461461039 IMP  1293064 6
3461484086 IMP  3904212 31
3461729157 IMP  1081222 4
3461925324 IMP  4370089 31
3461965910 IMP  3919270 57
3462191146 IMP  1139358 4
3462739110 IMP  1484630 3
3462864373 IMP  4363520 51
3462969188 IMP  4961898 44
3463175788 IMP  4469397 97
3463309695 IMP  1641529 7
3463655400 IMP  1616138 6
3463743884 IMP  3182401 44
3464067914 IMP  4380020 77
3464068287 IMP  4671195 30
3464271736 Win   879899 3
3464394802 IMP  2329606 11
3464427270 IMP  1051502 4
3464670278 IMP  8161762 99
3464701847 IMP   580388 3
3464733809 IMP 11326795 254
3464771318 IMP  4593615 47
3464882691 IMP  3470446 12
3464972190 IMP  1342016 4
3465057296 IMP   879676 2
3465281737 IMP   977276 5
3465696572 IMP  1128102 4
3465714334 IMP  9893508 185
3466042636 IMP  3148113 18
3466076333 IMP 13211744 248
3466131450 Intractable. 15390488 363
3466547518 IMP  2124137 13
3466563133 Intractable. 14238409 349
3466802711 Win  5407525 97
3466940715 IMP  3085816 28
3467079226 IMP  1564181 6
3467107506 IMP 11222818 344
3467234280 IMP  1151644 3
3467346507 IMP  1501819 7
3467352311 Win  7962108 93
3467424526 Win  4058797 38
3467561930 Intractable. 14942959 320
3467994461 IMP  1441046 8
3468335496 IMP  3737455 23
3468347809 IMP   828697 2
3468513587 IMP   774534 3
3468607336 IMP  9130096 298
3468610578 IMP   499213 1
3468645446 IMP  1988296 10
3468741235 Win  1214085 3
3468928932 IMP  1389707 4
3469011998 IMP 11638361 240
3469379246 IMP  2211271 12
3469390863 IMP   913099 3
3469604920 IMP  3278166 27
3469677369 IMP 11789192 503
3469936423 IMP  2339243 17
3470453943 IMP  8011390 200
3470567237 Intractable. 13099893 462
3470904338 IMP  6362474 82
3470950233 IMP  3974565 28
3471105905 IMP  4060393 24
3471116947 IMP   898747 2
3471744441 IMP  4389041 40
3471897269 IMP  7300374 170
3472103813 IMP  1777150 5
3472183275 IMP  3512666 21
3472527801 IMP  1824913 18
3472953548 IMP  3191275 22
3473147266 Win   957035 2
3473385267 IMP  5478339 86
3473622939 IMP  2430882 18
3473678200 IMP   867592 5
3473685995 IMP    53826 0
3473809064 IMP  7778238 77
3474221755 IMP  1287108 5
3474450731 IMP   883470 4
3475029915 IMP 11646493 415
3475067255 IMP  1117455 2
3475083464 IMP  6611785 95
3475113119 IMP  1518516 7
3475264177 IMP  1719940 6
3475468529 IMP  1474414 4
3475782551 Win  9716898 167
3476116069 IMP  1817319 16
3476370367 IMP   784311 1
3476534169 IMP  1447950 3
3476587272 IMP  1327194 4
3477458556 IMP  4186208 77
3477666700 IMP 11262694 337
3477993203 IMP   860232 2
3478099510 IMP  3767003 29
3478147704 IMP  3889355 39
3478986445 IMP 11112227 366
3479084415 Win  2601814 13
3479288265 IMP   786337 3
3479469594 IMP  2215856 8
3479531536 IMP  1732085 9
3479532891 IMP   817187 4
3479934433 IMP  7090314 113
3479957010 IMP  2164457 11
3480425377 Win   682581 2
3480632684 IMP  2046682 9
3480913769 IMP  4806973 61
3480962724 IMP  5941056 67
3481085313 Win  3501649 31
3481250466 IMP  3564331 17
3481347492 IMP   829050 3
3481371686 IMP  8787629 245
3481422550 IMP   786902 3
3481436421 Intractable. 12472444 301
3481854987 IMP  2323316 23
3481949824 IMP   612985 0
3482297429 IMP   931951 3
3482302256 IMP  1801163 10
3482808459 IMP  4356202 45
3482830417 IMP  4579997 56
3483077044 Win   309792 0
3483325333 IMP  7604738 109
3483377972 IMP   720545 1
3483395726 IMP  1126834 6
3483447615 Win   923776 3
3483453706 IMP   551964 2
3483573790 IMP  8430554 203
3483581896 IMP   361238 1
3483622767 IMP  2534554 10
3483774024 IMP  1715336 5
3484035066 IMP  6036437 77
3484268697 IMP  6986518 103
3484316167 IMP  1339734 14
3484658211 IMP   768314 1
3485190696 IMP  5576731 74
3485748657 IMP  1819918 7
3486044710 IMP   376449 1
3486093400 IMP   791454 2
3486286603 IMP  2229303 25
3486707784 IMP  5472976 116
3487086041 IMP  5907045 66
3487389727 IMP  5150129 50
3487802401 IMP  1478735 16
3488346601 IMP  5014602 42
3488454362 IMP  3331349 20
3488795033 IMP  1488347 17
3488863234 IMP  7829101 91
3488920417 IMP  7128465 81
3488930576 IMP  3245479 43
3489023869 IMP  1391090 7
3489075494 IMP  2838600 18
3489157010 IMP  1159673 2
3489322711 Intractable. 13901766 495
3489426972 Intractable. 12907792 324
3489758599 IMP   450484 1
3490111238 Intractable. 13787903 431
3490237183 Intractable. 13633868 456
3490326270 IMP   859006 10
3490374687 IMP   729076 1
3490435677 Intractable. 16152119 455
3490548115 IMP  7121525 316
3490679235 IMP  2801171 73
3490838025 Intractable. 13673289 454
3491020041 IMP  5032158 58
3491486133 IMP  3436574 37
3491789899 IMP  5061327 53
3491855386 IMP  3571357 19
3491894005 Win 12892226 244
3491935321 Win  5622362 51
3492282311 Win   387425 1
3492352601 Intractable. 14433954 426
3492541344 IMP  7851125 148
3492986429 IMP  1719770 5
3492994891 IMP  3433510 23
3493196378 IMP   438892 0
3493588601 IMP  1463858 7
3493713909 IMP  1686746 8
3493918869 IMP  3994408 49
3493929671 IMP  2742618 13
3494295754 Win  1435525 6
3494340586 IMP  6674856 60
3494581615 IMP   380653 1
3494689550 IMP  2038964 8
3494762592 IMP 10149052 325
3494834532 IMP  5550969 48
3494873794 IMP  3439892 23
3494946954 IMP  1584210 7
3495328222 IMP  3365315 27
3495413835 IMP  5869751 107
3495549486 IMP  3908108 44
3495601469 Win  1125843 3
3496164953 IMP  7818178 133
3496177799 IMP  3981387 39
3496592253 IMP  2820992 24
3496612556 IMP  4222542 21
3496640480 Win  5043736 44
3496824134 Intractable. 13859360 383
3496946192 IMP  5916487 69
3497249408 IMP   363362 1
3497260546 Intractable. 12441519 293
3497665806 IMP  5661441 59
3497906996 IMP  2553066 25
3498336292 IMP  1064660 3
3498389415 IMP  4949572 41
3498418361 IMP  1267862 3
3498702556 IMP  1728303 10
3498840508 IMP  5521182 69
3498866908 IMP  6578004 123
3499030852 Intractable. 12792946 363
3499962157 Intractable. 16015477 451
Number of Freecells: 3   Mode: 

Winnables: 97
Impossibles: 1117
Intractables: 111
Total time: 29 Hours, 16 Minutes, 12 Seconds
