5500052529 Intractable. 11142311 542
5500426641 IMP   781570 2
5500430820 IMP  4830983 164
5500585754 IMP  2897587 23
5500656711 IMP  1564284 8
5500719981 IMP 13462460 697
5500791615 IMP   415108 0
5501106390 IMP  4492400 40
5501931529 IMP  1852091 15
5502260644 IMP  2757122 13
5502306582 IMP  3710398 74
5502799959 IMP  2927812 39
5502983555 Win  3919257 31
5503360676 IMP  1211517 5
5503403219 IMP  1056333 3
5503410257 IMP   951836 3
5503483763 IMP  2641869 19
5503649188 IMP  4565126 40
5503660655 IMP  1628195 6
5503937061 IMP  5538381 76
5504007108 IMP   961826 7
5504120222 IMP  7912295 124
5504329163 IMP  1635198 8
5504378199 IMP  6429930 205
5504508294 IMP  3289055 27
5504515453 Intractable. 11831491 318
5504588916 IMP   643521 1
5504608769 IMP 11777676 195
5504715361 IMP  2210476 18
5504827493 IMP  8290831 319
5504851455 IMP   540826 1
5505074104 IMP  1564301 11
5505162200 Win   749226 2
5505332212 IMP  3804159 46
5505387503 IMP  2902565 16
5505466535 IMP  2761243 23
5505486123 IMP  2058710 18
5505548709 IMP  2769737 18
5505552282 IMP  1443224 5
5505608982 IMP  4539340 38
5506094151 IMP  1570535 15
5506154817 IMP  1512793 8
5506177759 IMP   608796 3
5506365518 IMP  2467500 20
5506367555 Intractable. 12094091 326
5506722359 IMP  3182186 32
5506926460 IMP  5109769 66
5507074234 IMP  1852904 17
5507093815 Intractable. 12475975 446
5507106324 IMP   688309 2
5507168304 IMP   831783 26
5507373299 IMP  4229412 73
5507413431 IMP  8093733 144
5507456978 IMP  1223484 7
5507535304 Intractable. 12663862 447
5508025059 Intractable. 12272014 382
5508109970 IMP  1121938 4
5508231783 IMP  1667104 8
5508272598 IMP 10015583 501
5508418006 IMP  1788507 10
5508486508 IMP  2456521 19
5508493551 Intractable. 13069279 322
5508561276 IMP  2392626 12
5508579461 IMP  5093993 85
5509047950 IMP   931552 2
5509115060 IMP   698770 3
5509304900 IMP  1436036 5
5509438825 Intractable. 13075570 370
5509933033 IMP   982649 3
5510135187 Win  8879948 245
5510150331 IMP  1341636 6
5510285183 IMP   436187 2
5510373833 IMP  5957973 80
5510553298 IMP  5058732 69
5510558699 IMP  8695698 371
5510584916 IMP  4774096 67
5510837422 IMP  3750954 50
5511121401 Intractable. 12972311 356
5511262928 IMP  1156990 7
5511583373 IMP  2907003 20
5511772973 IMP  2193870 14
5512036526 IMP   253256 1
5512209123 Win  1689792 6
5512572777 IMP  2527775 31
5512614311 IMP  1552234 5
5512657118 IMP 11588604 359
5512783257 IMP  2638394 28
5513054787 Intractable. 12056513 385
5513229018 IMP   607478 2
5513380784 IMP  3106755 38
5513661066 IMP  8529109 147
5513986999 IMP  1799123 15
5514113196 IMP  3600275 76
5514866239 IMP    55374 0
5514927520 IMP  2483481 19
5514984201 IMP  6278054 80
5514988394 IMP  8663116 149
5515082231 IMP  1522844 7
5515236165 IMP  1187233 5
5515258438 IMP  2482183 61
5515369349 IMP   544976 1
5515394609 IMP   391156 1
5515466346 Win  3803441 25
5515503817 IMP  4358452 60
5515751587 IMP  3295241 69
5515763025 IMP 10610183 346
5516034911 Intractable. 11749568 821
5516062191 IMP  2608752 48
5516116619 Intractable. 14304729 375
5516318775 IMP  2782269 25
5516358368 IMP 11919025 344
5516520494 IMP  1064113 3
5516546235 IMP   689727 1
5517088314 Win  1857919 9
5517276485 IMP  1083052 5
5517387591 IMP  2217335 12
5517404556 IMP  1141998 5
5517686899 IMP  3047830 25
5517726557 IMP  2094670 21
5518347424 IMP  1258857 4
5518600175 IMP  2141517 16
5519011338 IMP  1470085 5
5519055178 IMP  1835539 15
5519162222 Win  3348008 23
5519371573 Win   990958 3
5519513515 IMP  1093094 3
5519745345 IMP  4572922 56
5520114935 IMP  4795300 88
5520137772 IMP  5453042 126
5520373317 IMP  2031323 26
5520495762 IMP  1354673 11
5520724094 IMP  4624382 36
5520838831 IMP   381677 0
5521012768 IMP    71448 0
5521028365 IMP   562835 1
5521688151 IMP  2171482 14
5521792996 IMP  1614734 17
5521826226 IMP  6305682 88
5521853262 IMP  3167945 21
5522020847 IMP  8435558 140
5522085831 IMP  3000566 25
5522119265 Win  2123619 7
5522274478 IMP 13767957 676
5522312498 IMP  2158716 10
5522399846 IMP   942722 2
5522476971 Win  1072360 4
5522489514 IMP  3162424 21
5522883527 IMP  1802195 9
5523177456 IMP  6135356 122
5523320692 IMP  1742312 6
5523707422 IMP  2085592 18
5523811764 IMP  3588281 42
5523812936 IMP  2185157 10
5523836619 IMP  7926427 116
5523933109 IMP  3088462 15
5524232236 Intractable. 12849411 508
5524306693 Win 12016557 338
5524312110 IMP  3919928 75
5524373642 IMP  5531688 73
5524615506 IMP  8235067 144
5524951324 IMP  1310051 9
5524983791 IMP  9068191 166
5525007530 Win  2115173 12
5525213436 IMP 10082877 433
5525666785 IMP  2303967 18
5526024127 IMP  2780877 32
5526117940 IMP  3582030 43
5526232807 IMP  3752718 70
5526684585 IMP  1540199 4
5526771771 IMP  5574056 55
5526812535 Intractable. 11716513 421
5526844823 IMP  2584906 29
5527113864 IMP   751100 2
5527223749 IMP  4806935 65
5527248233 IMP   162316 0
5527451166 IMP   784415 2
5527685638 IMP  7968164 170
5527756384 IMP   381837 1
5527763566 Intractable. 11330078 316
5527779259 IMP  1909598 17
5527838502 Intractable. 11739039 579
5528015560 IMP  2422522 17
5528015651 IMP  9340183 265
5528267727 IMP  5942359 115
5528456081 IMP  1607563 10
5528480346 IMP  3595876 27
5528695451 IMP   964084 4
5528713756 IMP   365410 1
5528823659 IMP  1836153 15
5529216360 IMP  1925479 10
5529240108 IMP  2557708 14
5529392164 IMP  1366257 5
5529489747 IMP   935406 2
5529595112 IMP  7036963 211
5529715937 IMP  1905941 7
5530101940 IMP     8450 0
5530572100 IMP  2310655 13
5531090606 IMP  5526788 100
5531176716 IMP  1139667 3
5531281807 IMP  1262292 3
5531694890 Intractable. 12414633 782
5531799254 IMP  9604119 184
5531930376 IMP  1634928 14
5532032132 IMP   980937 3
5532472929 Win  5713416 70
5532651634 Win 13730430 306
5532914070 IMP  3009322 14
5533033078 IMP  3229252 38
5533060194 IMP  4071116 43
5533174709 IMP  3956271 36
5533827067 IMP  2646423 11
5534084642 IMP  8621117 239
5534420207 IMP   516228 1
5534566204 Win   267948 1
5534661567 IMP  4021119 39
5534668211 IMP  1684776 7
5534911506 IMP   700442 2
5535061363 Intractable. 15990777 440
5535192953 IMP  1989064 14
5535448814 IMP  3691036 26
5535551203 IMP  2384965 19
5535595539 Intractable. 12174187 333
5535689359 IMP  1521793 5
5535710911 IMP  1204902 5
5535715836 Intractable. 10793951 755
5535752164 IMP  1985282 12
5535816291 IMP  3583343 39
5536148788 IMP  1861858 15
5536670790 IMP  3213853 55
5536877520 IMP  1773472 7
5536958029 IMP  1884538 8
5537039356 IMP  8409383 217
5537147612 IMP  2524148 13
5537233656 IMP  1888020 9
5537290449 IMP   409047 1
5537310118 IMP  3917916 45
5537514818 IMP  1737164 5
5537945635 IMP   626413 2
5538040694 IMP  6687909 154
5538419366 IMP  1224346 8
5538550771 IMP   972373 4
5538805670 IMP  2385908 10
5538847560 IMP   299109 0
5538881754 IMP  1328691 9
5539154627 IMP  2651203 11
5539243689 Win  3433732 17
5539300716 Win   466211 1
5539422888 IMP  2164774 10
5539506188 IMP  3913141 35
5540110890 IMP  1028450 4
5540269429 IMP  1871006 27
5540609782 IMP  8778634 108
5540691631 IMP   958488 2
5540757636 IMP  1650965 56
5540942617 IMP  4011110 47
5541034899 IMP  1163348 4
5541313573 IMP  1833777 20
5541426426 Intractable. 10568918 387
5541455612 IMP  5982774 142
5541601483 IMP  3565103 27
5541679045 IMP  8697261 205
5541705855 IMP  4377467 53
5541755972 IMP  3499335 25
5542014367 IMP  2223907 12
5542074519 IMP  3910021 25
5542571278 IMP  2845786 27
5543194783 Intractable. 12319055 271
5543227169 IMP  3958187 22
5543303255 IMP  3159236 44
5543331183 IMP   762265 3
5543359596 IMP  6237481 84
5543498872 IMP  5062387 51
5544061251 IMP  1136956 3
5544146617 IMP   708196 2
5544228404 IMP  9332968 316
5544409309 IMP  1468899 6
5544491399 Win  7289985 132
5544496218 IMP  1205846 3
5544565030 IMP  7879961 123
5544725636 IMP   564240 2
5544846306 Win  6864658 80
5544863448 IMP  1534630 12
5545098635 IMP  3545439 33
5545235072 IMP  1914176 18
5545496262 IMP   636862 1
5545697806 IMP  2192496 28
5545756334 IMP  1635624 14
5545911192 IMP  6286605 105
5545931896 Win   403126 0
5545980905 IMP  1212767 5
5545984688 Win   210752 0
5546183194 IMP  1672249 9
5546231164 IMP  1727105 11
5546508599 IMP  1118537 4
5546576901 Intractable. 14370159 342
5546820460 Intractable. 12145259 286
5547005826 IMP  3841276 23
5547050483 IMP  2770382 16
5547080426 IMP  2304550 13
5547259888 IMP  1420819 8
5547561129 Intractable. 13162217 309
5547805578 Intractable. 12679624 400
5547841124 IMP  1142279 4
5548723029 IMP   980782 3
5548931356 IMP  1123058 3
5549091684 IMP  3963243 45
5549105208 IMP  5331323 84
5549131307 IMP   855227 2
5549137284 IMP  2578872 26
5549438168 Intractable. 10530982 283
5549481045 IMP  3530160 36
5549548734 IMP   451106 1
5549634393 IMP  1825004 8
5549862666 IMP  1668263 8
5549962192 IMP  1314482 5
5550076805 IMP  2648002 34
5550100500 IMP  2595519 47
5550448972 IMP  1693505 11
5550849593 IMP  2014494 16
5550883008 IMP  3366639 17
5551057868 IMP   841279 6
5551244480 IMP  4198048 44
5551322136 IMP  2621704 14
5551338028 IMP  1994666 37
5551380923 IMP  2703052 16
5551531312 IMP   542903 2
5551602490 IMP  2297856 18
5551618866 IMP   488460 1
5551807221 Intractable. 13922630 374
5551915291 Intractable. 12055913 363
5552083968 IMP  3269056 17
5552227357 IMP  1738671 10
5552252632 IMP   616538 2
5552265162 IMP  3441653 42
5552489904 IMP  2298498 18
5552591749 IMP   619028 1
5552632767 IMP 13826863 283
5552766155 IMP  3973086 43
5552858261 IMP  1985400 13
5553282497 IMP  8504131 87
5553325152 IMP  1474061 7
5553501219 IMP  9832840 390
5553565210 IMP  7881103 104
5553860267 Win   749703 2
5553939852 IMP  4076594 26
5553948308 IMP  1013663 3
5554008550 IMP  8301134 132
5554144948 IMP  1388692 4
5554372151 IMP 11838978 404
5554389282 IMP  1788029 10
5554617859 Intractable. 14269717 438
5554652605 IMP  4006053 39
5554828395 Win   207884 0
5554994697 IMP   628598 1
5555533535 Intractable. 12737779 261
5555693262 IMP  2763878 21
5556058035 IMP  3997095 57
5556096301 IMP  4044309 36
5556288356 IMP 11888677 398
5556504297 IMP  7173997 70
5556588633 IMP   397058 0
5556641940 IMP  6636174 98
5556667869 Intractable. 11319135 355
5556872484 IMP  1482280 7
5557212727 IMP  3339281 13
5557392502 IMP  2346381 27
5557437105 IMP  5746346 49
5557634803 IMP     6876 0
5557747717 Win 11341169 274
5557875223 IMP  8073376 112
5558224743 IMP  1213951 4
5558324974 IMP  1324675 6
5558697655 IMP   596136 2
5558727601 IMP  7780985 320
5558752523 Win   172849 1
5559187157 IMP  5789580 49
5559261211 IMP   857630 6
5559583655 IMP  1864381 7
5559687362 IMP   791758 2
5559866947 IMP  1591969 8
5560806237 IMP  1124964 6
5560827813 IMP  6255416 113
5560833089 IMP  2534874 23
5561051101 IMP  1709265 10
5561093415 IMP  3914592 65
5561346782 IMP 10731169 565
5561351087 IMP   509320 1
5561427261 IMP  4436519 42
5561462323 IMP   647204 2
5561466913 IMP  1404990 4
5561753200 Intractable. 17076445 840
5561826577 IMP  3323500 23
5561980062 IMP  2232868 19
5562101865 IMP  3092273 13
5562264910 Intractable. 11034367 423
5562288839 IMP  1243156 3
5562333490 IMP  1551988 6
5562361707 Win  4199024 28
5562481995 IMP  3040316 42
5562570836 IMP  2437546 67
5562591877 IMP  6881398 130
5562932856 IMP  2434433 19
5562965354 IMP  6358735 169
5563061365 IMP  2702499 22
5563087372 Intractable. 14333871 342
5563120831 Intractable. 12823687 333
5563157550 IMP  1491595 7
5563294323 IMP  2666764 23
5563613655 Intractable. 12416627 345
5563813635 IMP  5336081 73
5563872463 IMP  2519411 28
5564040493 Win   632491 2
5564312195 IMP   300265 0
5564361398 IMP  2413868 24
5564443663 IMP   759018 5
5564607800 IMP  2177081 13
5565010679 IMP  6964482 82
5565075155 IMP  6223419 101
5565238759 IMP  1516028 5
5565277248 IMP  1860941 30
5565528603 IMP  2893113 16
5565563715 IMP   763809 2
5565772329 IMP   641937 1
5565926405 IMP  5137096 109
5566555249 Win  8277736 188
5566617253 IMP   943773 2
5566732176 IMP  1574271 6
5566835170 IMP  2138158 18
5566893777 IMP   649401 1
5566967541 IMP   398717 1
5566992216 IMP  1027481 2
5567115494 IMP  4310511 48
5567236961 IMP 11106560 336
5567388511 IMP  1184680 3
5567475573 IMP  3432247 30
5567542749 IMP  5145984 51
5568618555 IMP  6000029 133
5568646975 IMP   537733 2
5568694180 IMP   648108 3
5568744290 Intractable. 15089911 422
5568746168 IMP  1664191 6
5568966248 IMP   989858 3
5568995764 IMP  1344198 4
5569134234 IMP  1226741 7
5569372992 IMP  1534797 6
5569443504 Intractable. 11948608 514
5569499033 IMP  2675531 29
5569561193 Win  4751556 68
5569576091 IMP  4225392 35
5569944681 Win 13691956 280
5570108548 IMP  3293873 16
5570122588 IMP  5125021 38
5570146740 IMP   394173 1
5570370603 IMP  3751497 32
5570426261 IMP   285098 0
5570433630 IMP  5186270 83
5570564937 IMP   623022 1
5570694986 IMP  2984687 15
5570729321 IMP  6756309 149
5571009474 IMP  2736302 16
5571036148 IMP    25222 0
5571186063 IMP  1446729 5
5571306455 IMP  6459704 106
5571343052 IMP  1428511 6
5571389927 IMP  3885767 42
5571407798 IMP  7231819 122
5571464678 IMP  4305643 85
5571705332 IMP  8934714 362
5571708514 IMP  2519984 13
5572240757 IMP  2072902 8
5572264952 IMP   876841 7
5572592384 IMP  2631732 17
5572604849 IMP  7168170 101
5572751262 IMP  7572251 148
5573277219 IMP  1090754 4
5573562209 IMP  3696733 29
5573763478 IMP   215749 0
5573885238 IMP  9047097 178
5573949658 IMP   591231 2
5573958323 IMP  4933764 93
5574621795 IMP  4982370 183
5574801708 IMP   701819 1
5574876175 IMP  1807544 13
5575024655 IMP   597439 3
5575387191 IMP  3686670 27
5575509303 IMP  8207597 129
5575629349 IMP   950730 4
5575723083 IMP  3179231 30
5575919899 IMP   864269 3
5576168056 IMP  3143245 40
5576390096 Intractable. 13273891 491
5577104791 IMP   625662 1
5577109725 IMP  5031744 238
5577944333 Win   790503 1
5578218700 IMP   778836 2
5578616303 IMP  1078531 3
5578786452 IMP  1408934 5
5578821819 IMP  3110313 23
5578929172 IMP  2789456 14
5579236668 Win   382556 1
5579751179 IMP  4899022 46
5579751457 IMP   208333 0
5579790746 IMP  1750051 11
5579926616 IMP  3415070 26
5580036615 IMP  1190260 5
5580170821 IMP  6886435 87
5580219057 Intractable. 13558223 492
5580435721 IMP  2961815 42
5580734574 IMP  3397106 34
5581326514 IMP  1353774 5
5581334681 IMP  6094429 278
5581916778 IMP  4730171 35
5582127978 IMP  1775226 11
5582132259 IMP   362361 1
5582273027 IMP  1015481 3
5582344741 IMP  1528566 4
5582502414 IMP  4687893 54
5582562626 IMP   556931 1
5582734866 IMP  1506605 7
5582976904 IMP  4172080 38
5583149505 IMP   917932 4
5583178441 IMP  1007173 3
5583341586 IMP  9001445 125
5583344777 IMP  1181505 6
5583425499 IMP   997709 2
5583651637 IMP  2627382 22
5584018468 IMP    22647 0
5584522993 IMP  2094924 10
5585087622 IMP  2112918 9
5585108325 Intractable. 12894522 338
5585120605 IMP  4107272 49
5585233979 IMP   623578 2
5585346310 IMP   372972 1
5585601139 IMP  2525542 57
5585648448 IMP   623582 2
5585690309 IMP   460340 1
5586179229 IMP  2457267 14
5586288041 IMP  2429143 53
5586677846 IMP  2569718 9
5586834995 IMP   332313 0
5587043232 IMP  2793654 17
5587180765 IMP  2403316 26
5587209146 IMP 12051578 235
5587345281 Win   910393 3
5587348571 Intractable. 12281136 286
5587368647 IMP  5163627 100
5587493465 IMP  3452768 29
5587856101 IMP  1784434 14
5587923659 IMP  2319331 17
5587987313 IMP  1487850 7
5588093055 IMP   924997 3
5588166023 IMP  6536179 74
5588172337 IMP  8755079 342
5588283253 IMP  5305513 68
5588609407 IMP  3207684 16
5589368532 IMP  5562262 48
5589797244 Win   308981 0
5589808697 IMP   404524 1
5589840265 IMP  1186738 9
5589878030 IMP  1446861 9
5589988289 IMP    97591 0
5590057615 IMP  2565573 97
5590109002 IMP  2457055 24
5590214786 IMP  5052354 50
5590224619 IMP   632413 1
5590416100 IMP  2247181 15
5590548331 IMP  1443079 4
5590589133 IMP  3243939 29
5590754860 IMP  5729185 69
5590852420 IMP   902078 1
5591044463 IMP  2154812 14
5591119760 Win  1418115 4
5591128577 IMP  1447642 6
5591216348 Intractable. 11243369 403
5591387757 Intractable. 14449881 595
5591483452 IMP  4781834 43
5591488611 IMP  5289570 89
5591710465 IMP  1250391 4
5592021423 IMP  1391620 5
5592405391 IMP  2912852 16
5592480015 IMP   927628 4
5592669924 IMP  4246988 38
5592852062 IMP   755160 3
5593390367 IMP  1503990 21
5593413158 IMP  6637143 76
5593546317 IMP  6579208 69
5593585298 IMP  1851553 18
5593814989 IMP 10259730 286
5593841630 IMP  2238866 13
5593877451 IMP  1071926 6
5593904548 IMP   588034 2
5594368593 IMP   478690 1
5594565894 IMP  5546435 63
5594608007 IMP 11487430 397
5594787877 IMP  1127822 3
5594897568 IMP  2087723 24
5595004196 IMP  1157926 5
5595093722 IMP  6535301 146
5595106649 Win  5753183 55
5595152210 Win  5252506 57
5595349147 IMP  2627095 23
5595929972 Win  1174131 4
5596006409 IMP   996155 3
5596620162 Win  1224682 4
5596697172 IMP  7115269 117
5596761606 IMP  1884654 12
5596984615 IMP  2066014 10
5597558088 IMP  5687360 90
5597832028 IMP  5498041 44
5598033987 IMP  1547219 15
5598102393 IMP     2968 0
5598111957 Intractable. 12165594 464
5598374065 IMP  3250330 22
5598423657 IMP  5684646 67
5598424828 IMP  1547755 9
5598498474 IMP  3460863 62
5598607348 IMP  1723717 6
5598625961 Win   262545 0
5599026905 IMP  1709449 13
5599219721 IMP  2081042 9
5599290850 IMP  2024949 20
5599371701 IMP  7531137 156
5599643359 IMP  4278797 122
5599706127 IMP  2443784 12
5599783838 Intractable. 12193217 407
5600403780 IMP  4101128 41
5600594813 IMP  4858247 66
5600780561 IMP   891330 2
5600882441 IMP   224911 1
5601106879 IMP  2252028 8
5601178847 IMP  4059011 74
5601223883 Win   840931 2
5601281492 IMP   638980 2
5601425731 IMP  5550334 67
5601544154 IMP  3088413 15
5601649620 IMP 11764327 773
5601650002 Win  2557004 17
5601952215 IMP  5474639 53
5602142936 IMP  4633191 44
5602150135 IMP   659777 1
5602270818 IMP 10680240 301
5602437525 IMP  3934545 72
5602577410 IMP  2374490 20
5602714950 IMP  6127362 105
5602955110 IMP  1316159 4
5603198934 IMP  1110541 5
5603372213 IMP  3286526 21
5603818113 IMP  3968116 31
5604089663 IMP   514667 1
5604133695 IMP  3013521 33
5604214479 IMP  8396262 142
5604634975 IMP   760530 7
5604704129 IMP  3479805 25
5604832753 IMP  1799433 5
5604832795 IMP   430417 1
5605028960 IMP  1357915 8
5605034647 IMP  2449079 18
5605531964 IMP  1110112 2
5605547459 IMP  4185539 49
5605768468 IMP   672912 2
5605865844 IMP  3937312 24
5606001389 Win   852117 2
5606086143 IMP  1135213 4
5606350126 IMP   987020 9
5606430078 IMP  4061126 66
5606472445 Intractable. 13436819 484
5606616587 IMP  4489210 46
5606661483 IMP   666267 1
5607079198 IMP  2810051 17
5607166851 IMP  5089459 34
5607575307 IMP  3140951 17
5607901570 IMP  2513467 23
5607945922 IMP  1488367 6
5608217978 IMP  8358795 84
5608355613 IMP   527904 1
5608371838 Win  1572216 6
5608378665 IMP   745431 2
5608492638 IMP  1460621 6
5608534395 IMP  1117878 4
5608970997 IMP  1090984 4
5609176109 Win   370414 1
5609450002 IMP  1665897 32
5609650902 IMP  7395487 136
5609820226 IMP   433655 1
5609864116 IMP  1461937 6
5609876867 IMP  1863954 8
5609957128 IMP  1798903 11
5609958533 IMP 10312904 316
5610735684 IMP  1682281 10
5610892135 IMP  1214612 6
5611037463 IMP   531794 1
5611267698 IMP  3638465 22
5611285920 IMP  3986781 34
5611399911 IMP   786368 2
5611641928 IMP  3740626 30
5611749165 IMP  6085459 280
5612268483 IMP  9822305 347
5612292656 IMP  4064353 47
5612760931 IMP  2218794 14
5612807569 IMP   936732 3
5613042925 Win  4766789 40
5613528735 Win 11833164 253
5613831765 Intractable. 13583016 405
5613901727 IMP 11194631 268
5613958246 IMP  2387966 8
5614068063 Intractable. 13074104 490
5614728762 IMP  1942418 8
5614758878 IMP  2683038 14
5614769492 Intractable. 14748222 445
5614769967 IMP   568694 1
5614775906 IMP   658365 3
5615158639 IMP   632958 1
5615182939 IMP  5343159 98
5615405769 IMP 10383876 175
5615525709 Win  3777738 35
5615538067 IMP  3008696 38
5615730226 IMP  5583450 111
5615762415 IMP  7985278 150
5616093363 IMP  2025622 16
5616292709 IMP  4732186 46
5616374400 IMP  4999036 55
5616723004 IMP  2977194 16
5617049995 IMP  1682982 6
5617116507 Win  3149179 23
5617211832 IMP  4691383 89
5617497925 IMP  5729214 265
5617554816 IMP  9962148 185
5617716528 IMP  1434276 5
5617919182 Win   828414 2
5618031739 IMP  4965209 65
5618166362 IMP  1946910 10
5618426603 IMP   914643 2
5618986490 IMP   263571 0
5619179570 Intractable. 13238905 551
5619253385 IMP  2561154 27
5619400947 IMP  2482187 10
5619543987 IMP  3316272 28
5619867612 IMP  5729561 72
5619974469 IMP  4992648 42
5620023197 IMP  1059338 4
5620045476 IMP  1455006 17
5620122244 IMP  5510432 57
5620363844 IMP  1765555 17
5620479095 Intractable. 12287211 314
5620520907 IMP  2502879 10
5620562068 IMP  1685466 6
5620719805 Win   116662 0
5620842893 IMP  2251973 25
5620846865 IMP  1344702 4
5620903635 IMP  1294384 9
5621339871 IMP   591119 1
5621340663 Intractable. 11572497 298
5621458710 Win  2977900 19
5621484458 IMP  1407574 13
5621536852 IMP   742486 3
5621774333 IMP  3130784 18
5621796510 Intractable. 12729340 280
5622047283 IMP  1489830 22
5622272705 IMP  2341948 25
5622275102 IMP  1665601 6
5622516406 IMP  1732815 8
5622880874 IMP  2973136 23
5622899796 IMP  2758984 39
5622942118 IMP  1778618 8
5623110683 IMP  2516637 12
5623156402 IMP  7855080 257
5623586714 IMP  1802639 12
5623634339 IMP  6116916 62
5623720827 IMP   990756 7
5623801576 IMP  1017981 5
5623873625 IMP  2216708 14
5624295798 IMP 12424176 460
5624335093 IMP  8585528 211
5624354254 IMP  7202018 66
5624507395 IMP  1044555 10
5624533397 IMP  2995975 27
5624660302 IMP   837496 3
5624697980 IMP   296044 0
5624793117 IMP  2110042 14
5625057079 Intractable. 13651175 336
5625526483 IMP  3066302 27
5625583804 IMP  1372921 5
5625730024 Win   703367 5
5625766211 IMP  2617248 32
5625878921 IMP  1964041 8
5626091958 IMP  2693477 21
5626235502 Intractable. 13882637 374
5626264144 IMP  1147891 3
5626277783 IMP  1874891 6
5626341324 IMP   986243 3
5626362378 IMP   306087 1
5626442549 Intractable. 12723036 441
5626471133 IMP   563383 1
5626507828 Win  4427900 94
5626524552 IMP  3561934 55
5626705477 IMP  5126320 48
5626743966 Intractable. 13853481 310
5626821255 IMP  3142653 53
5627161980 IMP   476727 1
5627327359 IMP   986312 4
5627327743 IMP  1885895 11
5627338693 IMP  3572936 33
5627352452 IMP   463106 1
5627367638 IMP  2018993 12
5627406982 IMP  5173936 96
5627432546 Win  6428112 80
5627514779 IMP  2271881 17
5627594820 IMP   547882 1
5627706809 IMP  5098113 70
5627854542 IMP   508280 2
5627943172 IMP  5220895 58
5628022012 IMP  1258665 2
5628080767 Intractable. 12779015 403
5628086525 IMP   728353 3
5628152961 IMP 11370265 292
5628201419 Win  1157008 6
5628391577 IMP  1947467 11
5628440327 IMP   663482 1
5628614473 Intractable. 15206999 531
5628624997 IMP   940074 3
5629006710 Intractable. 13361413 390
5629159495 IMP  1128274 3
5629222354 Intractable. 13751689 286
5629253259 IMP  1469798 8
5629325674 IMP   388895 0
5629531132 IMP  4466715 45
5629543887 Intractable. 12429328 271
5629619618 IMP  1690833 16
5629771774 IMP  4324271 38
5629772359 IMP  1898015 11
5630229584 Intractable. 15146764 321
5630304834 IMP   971270 5
5630504668 IMP  2752433 13
5630934507 IMP  3427295 51
5630970300 IMP  2642203 21
5630984965 IMP   522112 2
5631033892 IMP   993580 2
5631075286 IMP 11170542 238
5631136561 IMP   689442 3
5631406388 IMP  1829243 34
5631452251 Win  8381697 149
5631458572 IMP  6408556 55
5631911826 IMP  5200331 45
5632528173 IMP  7499201 148
5632823641 IMP 13855141 456
5632826047 IMP  3615391 44
5632953539 IMP   948828 3
5633001682 Win 10664739 211
5633057941 IMP   910993 3
5633651300 IMP  1032629 3
5633743233 IMP  1690018 8
5633768652 IMP  5101237 56
5634006616 IMP   652501 1
5634541534 IMP  2388172 12
5634572234 IMP  2290516 25
5634617392 IMP  4140827 35
5634724909 IMP  7895994 118
5634756469 IMP  3095927 24
5634966237 IMP 11278954 246
5635989580 IMP  1854174 9
5636096144 IMP  3443268 98
5636164218 IMP  1204993 6
5636254093 IMP  4288363 35
5636329155 Win  2501253 12
5636428496 Win   526866 1
5636479129 Intractable. 11341641 418
5636526830 IMP  2218484 14
5636665877 IMP  1804861 16
5636710005 IMP   522630 1
5636974319 IMP  3860448 26
5637317957 IMP  6943877 306
5637659275 IMP  4877096 73
5637752685 IMP  6395732 121
5638286657 IMP  2106908 12
5638359956 IMP  4196839 31
5638405025 IMP  1540212 6
5638463013 IMP  9210383 239
5638527988 IMP  3600376 25
5638572522 IMP   227915 1
5638772674 IMP   489316 1
5638840484 IMP 10328402 269
5639576086 IMP  3044239 22
5639599646 IMP  4165909 59
5639646932 Win  2145461 8
5639876965 IMP  6870049 117
5639914579 IMP  4990756 49
5639970917 IMP  2882186 23
5640085252 IMP  2198052 7
5640201171 IMP  2666730 20
5640210867 IMP   852491 5
5640660264 IMP  5735227 74
5641159950 IMP  2142960 17
5641177330 IMP  9921729 214
5641455139 IMP  2273035 40
5641647851 IMP  5861242 133
5641819163 IMP  1820538 15
5641962733 Intractable. 14363725 760
5642048126 IMP  1237990 5
5642090990 IMP   377306 1
5642140246 IMP  3675079 31
5642264598 IMP   296828 0
5642664466 IMP   456052 1
5642941450 IMP   986411 3
5643027668 Intractable. 12940598 412
5643464196 IMP  7235553 213
5643492156 Intractable. 12796668 298
5643554021 IMP  1227607 4
5644234012 IMP   498369 1
5644249920 Win    35037 0
5644300006 IMP   914079 3
5644721040 IMP   578946 1
5645644174 IMP  5730319 60
5645757494 IMP 13211943 386
5645779227 IMP  5483595 122
5645983187 Intractable. 10994479 315
5646451695 IMP  8260276 124
5646628240 IMP  1923626 14
5646710216 IMP  2498907 13
5646768222 IMP  8996958 173
5646935905 IMP   934377 6
5647151450 IMP   424703 1
5647379837 Intractable. 13125222 448
5647419067 IMP  2074884 10
5647459884 IMP  1277576 2
5647902363 IMP  3594202 32
5648020165 IMP  4263229 64
5648076155 IMP 10316927 227
5648095483 Intractable. 13146661 315
5648145794 IMP  1234195 6
5648150455 IMP  1922162 11
5648440910 Intractable. 12110323 394
5648931964 IMP   456249 1
5648956824 IMP   544936 1
5648972886 IMP   986280 3
5649000980 IMP    87162 0
5649670336 IMP  1114433 3
5649741435 IMP   985322 2
5649948534 IMP  3751967 30
5650310925 IMP  1421613 6
5650327619 IMP  1588517 4
5650711384 IMP  3404599 20
5650847146 IMP  1234669 2
5651032075 IMP  2616996 53
5651186658 IMP  1327609 4
5651452866 IMP  3786609 47
5651736845 IMP  1137052 3
5651785412 IMP  6815695 105
5651893145 IMP  2287503 35
5652178788 IMP  7377666 281
5652420152 IMP  1551268 6
5652683964 IMP   599911 1
5652804357 IMP  1021982 3
5652974013 IMP  1091965 4
5653085709 IMP  1730908 18
5653403627 IMP  1911178 7
5653695886 IMP  5765486 69
5653843830 IMP   731479 1
5654013092 IMP  1935761 7
5654319234 IMP   488248 0
5654402051 IMP  5537715 100
5654440478 IMP  3910371 30
5654507768 IMP   670167 1
5655128634 IMP  1204383 4
5655299280 IMP  1622146 7
5656011228 Win   503329 1
5656059556 Intractable. 13679280 334
5656255677 Win  1319041 4
5656645384 IMP  1443686 14
5656668937 IMP  4524857 28
5657019123 IMP  1340507 3
5657155695 IMP  1370895 4
5657295040 IMP  1603969 8
5657332201 Win   125789 0
5657335536 IMP  7050518 90
5657342346 IMP  3836510 94
5657645811 IMP  3730037 25
5657806095 IMP  2177796 16
5657923534 IMP  1031995 3
5658469935 IMP  1185551 5
5658654516 IMP  3625982 31
5658936139 IMP  1710980 9
5659030406 Win  4696301 30
5659583091 IMP  2434412 29
5659763468 Intractable. 12700662 616
5659792201 IMP  4894838 202
5659824527 Intractable. 11481351 329
5659876122 IMP   548937 1
5659902037 Win  4276495 41
5660139422 Intractable. 12484080 319
5660165394 IMP  4611370 67
5660385409 Win   242544 1
5660643401 IMP  1293265 8
5660686957 IMP  3632000 22
5660693409 Intractable. 12130520 433
5660832528 IMP  6397991 78
5660874886 IMP  2318836 17
5660912274 Intractable. 14176200 326
5661414559 IMP  2709085 33
5661518017 IMP  5346535 92
5661696583 IMP  1645563 6
5662313860 IMP   914455 3
5662688491 IMP  9964745 317
5662947406 IMP  6015820 204
5663262672 IMP  1357657 8
5663922687 IMP  8883682 173
5663928043 IMP  2214232 20
5664079492 Intractable. 13507608 435
5664104966 IMP  1270933 7
5664266330 Win  5947831 66
5664345906 IMP   345616 1
5664405953 IMP  2707202 22
5664478730 IMP  2270265 14
5664614826 IMP  3270387 19
5664721576 IMP  3680572 30
5664727472 IMP   605537 1
5664900858 IMP  1228322 3
5665184503 IMP  1479303 3
5665355923 IMP  3953212 42
5665443198 IMP 12695445 388
5665538123 IMP 10886367 360
5665641383 IMP   750593 4
5665736542 IMP  8565838 234
5665911916 IMP  2485197 15
5666070529 IMP  9646257 212
5666243551 IMP  2776186 41
5666418725 Intractable. 12036797 351
5666678376 Win   670709 2
5666808872 IMP  1233695 6
5666839052 Intractable. 13865168 613
5666968928 IMP  1060265 5
5667004740 IMP  1485482 10
5667133861 IMP  3205059 21
5667486138 IMP  2273248 15
5667572084 Win  5202754 52
5667907628 IMP  5997531 80
5667943026 IMP  1716142 5
5668137282 Intractable. 13934677 745
5668146702 IMP  1796125 11
5668169652 IMP  1294282 6
5668404742 IMP  3527449 57
5668457877 IMP  2341163 15
5669111616 Win   843923 2
5669374744 Win  2768094 11
5669444056 IMP  1170201 4
5669631761 IMP  4523342 58
5669788256 IMP  5801630 81
5669969567 IMP  1403187 8
5670041540 IMP  5791192 71
5670108038 IMP 10900915 294
5670109773 IMP  2574457 33
5670411352 IMP  3994104 42
5670429556 Win  7293972 103
5670531976 Win   243294 0
5670654519 IMP  3770364 90
5670899926 IMP  1510200 9
5670997147 IMP  9345488 348
5671255553 IMP  7768953 159
5671256529 IMP  1412206 6
5671474479 IMP  4873637 41
5671660523 IMP  3082247 46
5671757473 IMP  2180831 41
5671853294 IMP   961457 2
5671985366 Win  7434829 113
5672186662 IMP  1896040 13
5672230842 IMP   292092 0
5672247241 IMP  6214326 89
5672422985 IMP  5244221 48
5672565782 IMP  1735478 9
5672916375 Intractable. 12715028 403
5673236280 IMP  2690296 38
5673360817 IMP  4204352 39
5673482069 IMP  3373993 27
5673541830 IMP  2004546 7
5673784808 IMP 13537150 319
5673846576 IMP  1418672 7
5673917755 IMP  2381262 13
5673918606 IMP  7223034 119
5674034082 IMP  2173722 21
5674346508 Intractable. 12097499 321
5674375072 Intractable. 13234002 299
5674758624 IMP   968969 5
5674892991 IMP  3401991 64
5674898681 IMP  6218630 114
5674986949 IMP  2876085 14
5675016239 IMP  4552830 41
5675331209 IMP  6522362 102
5675443458 Intractable. 14093501 379
5675734204 Win  2530321 13
5675897355 IMP   736483 2
5676124745 IMP  1005263 2
5676263154 IMP  4508340 63
5676315361 IMP  6044272 56
5676685126 Win  1004465 2
5676962260 IMP  1485425 4
5677020737 IMP  4069417 30
5677102283 Win  6957257 74
5677176264 Intractable. 12069658 359
5677586348 IMP  1229691 4
5677598675 IMP  1751057 12
5677856984 IMP  3954512 56
5677888545 IMP   427254 1
5677939720 IMP  4786712 56
5678168603 IMP 10758627 196
5678303578 IMP   816438 1
5678370300 IMP  3199607 19
5679057922 IMP   632081 1
5679280989 IMP  5915390 126
5679282219 Win 11509675 266
5679330832 IMP  5131534 57
5679346005 Win   251029 0
5679351142 IMP  1100506 3
5679499709 IMP  1537753 13
5679572576 Win  4821934 44
5679580449 IMP  2522778 53
5679882631 IMP   850097 3
5679985713 IMP   681473 1
5680080324 IMP  4752275 49
5680171253 IMP  3959348 38
5680178863 IMP  2982701 22
5680377235 Win  2007068 7
5680795564 Intractable. 11612325 371
5680910082 IMP  1851481 7
5681130794 IMP   654694 1
5681204058 IMP  3017615 23
5681307889 IMP  3838719 40
5681474824 IMP  5619785 140
5681568835 IMP   825230 2
5681625285 IMP  1645918 10
5681700787 IMP   138853 0
5681935306 Win   215383 0
5682311017 IMP  6340583 66
5682326025 IMP  1280739 8
5682413872 IMP 11801119 267
5682455116 IMP  4394991 44
5682578908 Intractable. 12401861 425
5682628982 IMP  9286486 290
5682720353 IMP   928363 5
5682762810 IMP  1679819 5
5682812172 IMP   770607 3
5682968742 Intractable. 11878052 1026
5683185899 IMP  1218167 8
5683246036 IMP   405050 1
5683276771 IMP  5043663 83
5683333246 IMP  9605237 217
5683370580 IMP  2234596 25
5683495790 IMP  1327441 5
5683577215 IMP  1290853 6
5683613826 IMP   420538 1
5683696063 IMP   642325 2
5683915110 IMP  3012706 21
5683949684 Intractable. 11865019 359
5683983427 IMP  5893761 80
5684432862 IMP   490915 0
5684591711 Win   135574 0
5685006894 IMP  2055238 9
5685630218 IMP   204185 0
5685697920 IMP  1247278 3
5685779424 IMP  8045288 185
5685781653 IMP  1796972 8
5685861091 IMP  2237518 11
5685923426 IMP  1152150 4
5686185897 IMP  5481653 68
5686343999 IMP  1474675 5
5686530475 IMP  2917001 22
5686685237 IMP   782331 5
5686847630 Intractable. 13496408 334
5687014834 IMP  5397167 65
5687080319 Intractable. 15800834 464
5687082159 IMP  1039262 8
5687091152 IMP  7660143 127
5687245130 IMP  1428077 4
5687413475 Intractable. 13567949 344
5687587631 Intractable. 15746867 351
5688068756 Win  2590385 32
5688112624 IMP  2166982 41
5689101804 IMP  3981106 46
5689177578 IMP 10048464 222
5689273687 IMP  3196757 21
5689364737 IMP  1785248 10
5689418157 IMP   651445 2
5689659239 IMP  2714728 33
5689664772 IMP  1105334 3
5689778712 IMP   604539 1
5689899302 IMP  5592883 87
5690289651 IMP  6240418 77
5690304660 IMP  1959024 12
5690405066 IMP  1848453 6
5690454981 IMP  5457454 70
5690534007 IMP  3901382 44
5690819621 Intractable. 11577941 350
5690989965 IMP  1374873 3
5691080437 IMP  2743931 26
5691304732 IMP  2379008 11
5691380850 IMP  2873113 23
5691423102 IMP  1048350 6
5691502656 IMP  1278429 3
5691679184 IMP  4350665 56
5691684019 IMP   808612 4
5691867927 IMP   337037 0
5691890795 IMP   374064 1
5691894854 IMP  1915644 16
5692095292 IMP  1582255 10
5692308218 Intractable. 13874944 299
5692652566 IMP  1391653 8
5692697938 IMP   540632 1
5692828404 IMP  2642550 31
5692963872 IMP 12289159 395
5693143385 IMP   732061 4
5693146887 IMP  1863430 5
5693504051 IMP 11863398 346
5693674621 IMP    60333 0
5693698312 IMP   587968 1
5693842310 IMP 12852780 396
5693876988 IMP  2699127 12
5693891739 IMP  1995054 21
5693913654 IMP  2278954 14
5694376636 IMP  8311610 190
5694454466 IMP  6297705 67
5694731251 IMP  9416208 204
5694735405 IMP  1758519 9
5694913229 IMP  1003135 3
5695205935 IMP  1350785 8
5695317815 IMP  1694356 7
5695455846 IMP  7076809 116
5695970609 IMP  1259710 7
5696005227 IMP  1701839 13
5696233808 IMP  1577665 5
5696424054 IMP  2685530 14
5696441602 IMP  2636685 22
5696523292 IMP  1547745 6
5696578919 IMP  3353800 32
5696812284 IMP  3128142 28
5697232512 IMP  3347009 57
5697254664 IMP  1255817 10
5697427926 IMP  3057217 19
5697509578 IMP  2403073 28
5697561878 IMP   396089 1
5697765336 IMP   413618 0
5697794322 IMP   886664 4
5697915282 IMP   678153 2
5697943765 Win  1306481 5
5698238006 IMP  1571952 9
5698240474 Intractable. 14385328 284
5698267651 IMP   695639 2
5698313773 IMP  2106127 13
5698386320 IMP   818687 2
5698559826 IMP  1142007 4
5698585208 IMP  2083748 10
5698729254 IMP  7965486 181
5698852490 IMP 10032759 277
5698865923 IMP  5935684 132
5699028501 IMP  1444748 5
5699200382 IMP  1115602 7
5699211125 IMP  8984745 142
5699440206 IMP  3188182 32
5699661420 IMP  1770879 17
5699766736 IMP  1168700 7
5699943755 IMP   304765 0
5700026383 Intractable. 12347627 405
5700068395 IMP  2721777 15
5700082712 IMP  2441268 25
5700471503 IMP   998701 3
5700652014 IMP  2326260 14
5700873922 IMP  2629192 13
5700991736 IMP  2838542 17
5701003972 IMP   732892 1
5701005135 IMP   831926 2
5701126520 IMP   722808 3
5701257960 IMP 11043516 175
5701582259 IMP  5172924 51
5701864400 Intractable. 14272813 637
5701972802 IMP  3157242 29
5702686970 IMP  1558894 8
5702917461 IMP   743969 4
5703191371 IMP  4559021 60
5703273829 Win  8113407 111
5703476389 IMP  1919384 9
5703571376 IMP 10326117 761
5703573925 IMP   147051 0
5703799956 IMP  3852950 54
5703957301 IMP  6142281 71
5704088756 Intractable. 13663551 503
5704265077 IMP  2301816 35
5704351098 Win  4891178 69
5704413023 Win   542782 1
5704568677 IMP  3520514 91
5704909939 IMP   648240 3
5705240811 IMP  2371015 14
5705430376 IMP  1271691 4
5705430634 IMP  1407615 4
5705544297 Win  1813328 5
5705702567 IMP   351988 1
5705712328 IMP  9882386 303
5705773965 IMP   835462 3
5705844782 IMP  5400430 46
5705882590 Win  3503576 14
5705925985 IMP   721542 1
5705970782 IMP  3377528 40
5706008596 IMP  1239025 4
5706575579 IMP  1853152 19
5706604762 IMP  3532303 18
5706663799 IMP  3538770 39
5707113697 IMP 10310068 909
5707229305 IMP  8450519 319
5707739377 IMP  7315396 155
5707810859 Intractable. 14217860 593
5707841635 IMP  3447348 38
5708138067 IMP   698043 3
5708474405 IMP  1297374 3
5708510437 IMP  2237082 18
5708649223 IMP  3614157 29
5709065755 IMP  2672312 11
5709646593 IMP  3597928 19
5709653818 IMP   876022 3
5709665721 IMP   807185 2
5709738106 IMP  4336895 56
5709892209 IMP  6655225 86
5710071957 Intractable. 11960206 506
5710166556 IMP  2091692 12
5710297563 IMP  1332287 5
5710308040 IMP  4850981 46
5710350250 IMP  4816176 54
5710510467 IMP  6631698 261
5711089350 IMP  2646926 21
5711106350 IMP   626997 2
5711140269 IMP   515203 1
5711230636 IMP  2344526 5
5711420842 IMP  1541812 5
5711506230 Intractable. 12435950 303
5711573177 IMP  1126534 3
5712014069 IMP  2098347 12
5712058974 IMP 11442844 232
5712215021 IMP  1572744 5
5712319453 Win  1685138 5
5712436184 IMP  2608210 12
5712519306 IMP  4174028 31
5712602645 Intractable. 14726758 560
5712663738 Intractable. 11890839 434
5712673161 IMP  1070144 4
5712957880 IMP  6491762 60
5713051416 IMP  2104775 18
5713116513 Win  3468264 29
5713230585 Win  1723857 6
5713327492 Win   860580 2
5713636355 Intractable. 12184304 372
5713782394 Win  8297722 77
5714442145 IMP  4671762 43
5714889935 IMP 10586789 444
5715006451 IMP  4723935 48
5715032849 IMP  1784631 6
5715192168 IMP  2372990 13
5715237528 IMP  1341132 3
5715471805 Intractable. 13057597 359
5715584031 IMP  5179899 52
5715782853 IMP  6494034 101
5715825754 IMP  2500717 32
5716211429 IMP 11666399 224
5716239870 IMP  4676525 38
5716330661 IMP   483563 1
5716446592 IMP  2760397 15
5716548359 IMP  2393192 9
5716674647 IMP   578115 2
5716799189 IMP  8353429 132
5716955434 IMP  8321838 122
5717003544 IMP  3507285 40
5717081932 IMP  1023778 3
5717129067 IMP  3665639 37
5717221914 IMP  1735558 7
5717272878 IMP  1495399 3
5717463907 IMP   912295 2
5717618281 IMP  2741326 10
5718046198 IMP  2662501 16
5718111817 IMP  1218493 8
5718183143 IMP  1864873 6
5718568231 Intractable. 11994177 279
5718570391 IMP  3412985 20
5718604687 IMP  4106512 61
5718769823 Win   440647 1
5718922056 Intractable. 13723093 278
5718977876 Win  2987504 18
5719215217 IMP  3899354 24
5719609738 IMP   755648 2
5719706036 IMP  2924811 11
5719722541 IMP  5069566 71
5719768836 IMP  7269701 119
5719874438 IMP  4451690 48
5720055536 IMP  3117980 20
5720156542 IMP  2164546 14
5720434537 IMP   601997 2
5720439127 Intractable. 13441862 256
5720566230 IMP   463594 0
5720712434 IMP   870677 3
5720843739 IMP  1271238 4
5720950487 IMP   876226 2
5720985877 IMP  2403169 17
5721017388 Win  4339003 25
5721206608 IMP   592279 1
5721274764 Intractable. 12106815 331
5721343843 IMP  8213273 133
5721457206 IMP 10677208 324
5721680998 IMP  2624192 11
5722009782 Win   291901 0
5722017279 IMP  1200777 3
5722018660 IMP  4276617 40
5722120948 IMP  2625932 14
5722316099 IMP  1558299 3
5722426493 Win  2312532 9
5722434340 IMP  4198004 36
5722485734 Intractable. 13413032 373
5722930521 Win  1156790 3
5723091634 IMP  1132672 4
5723226167 IMP  8055540 176
5723281140 IMP  4708846 69
5723376879 IMP  1462495 9
5723483934 IMP  9915654 112
5723670237 IMP  8144639 126
5723810082 IMP  2588575 13
5724005861 Win 12575909 263
5724015308 IMP   676576 2
5724167859 IMP   416084 1
5724199391 IMP  3496871 40
5724604556 IMP  1365194 4
5725063606 IMP  1720664 8
5725105643 Win  1992758 8
5725181476 IMP  1893727 10
5726085440 Win  1972026 8
5726182605 Intractable. 11782989 277
5726237098 IMP  4604956 23
5726243476 IMP  1865230 14
5726301759 IMP   904963 1
5726433322 IMP  1826051 14
5727078233 Win  1542274 4
5727283555 Intractable. 12767246 296
5727643881 IMP  4380899 50
5728060690 IMP  2796016 25
5728064444 IMP  4974003 64
5728068794 IMP  2638569 16
5728217218 IMP   311192 1
5728249149 Win  1077053 2
5728431679 IMP  8675738 125
5728436912 IMP  2216088 8
5728466139 IMP  2102630 7
5728491181 IMP  5705896 70
5728559187 IMP   303042 1
5728722533 IMP  1565710 10
5728770898 IMP  2008293 17
5728777871 IMP  1278607 3
5728849109 IMP  5441375 61
5729100631 IMP  1559056 15
5729308720 Intractable. 13614759 230
5729468592 IMP  2969312 34
5729517035 IMP  2127241 8
5729539945 IMP  4496111 29
5729625267 IMP  1880573 26
5729638105 Win  7037249 114
5730124456 IMP  8149379 159
5730558771 IMP  1526130 5
5730596596 IMP  1329523 5
5730731604 IMP  1032778 4
5730989512 IMP  1805522 7
5731071104 IMP  2633719 11
5731262638 IMP  7404414 107
5731308603 Intractable. 12408988 365
5731598832 IMP  3865610 29
5731774272 IMP  1269652 11
5732073655 IMP  3465024 23
5732152143 IMP  1118741 5
5732456125 IMP  2343566 7
5733234168 IMP  1793533 17
5733289922 IMP  2038905 8
5733483116 IMP  1751463 10
5733541477 IMP  1027344 4
5733863580 Win  5886846 64
5733950310 IMP   618946 1
5734039099 IMP  2034481 12
5734453439 IMP  1789621 13
5734673837 IMP   869415 1
5734726544 IMP  1554281 5
5735341261 IMP  1773013 10
5735572965 IMP  7058329 68
5735610917 IMP  3048130 14
5735804639 IMP  2733985 12
5736097724 IMP   508302 0
5736563720 Intractable. 13662912 337
5737270987 Win  1449996 3
5737745013 IMP  6139819 72
5737859773 IMP  1674059 4
5737909642 Intractable. 13227881 543
5737958561 IMP 12706612 360
5737984432 IMP  6665382 78
5738079500 IMP  3376637 53
5738164838 IMP  4293582 58
5738210037 IMP  6134978 63
5738349263 Win  6055943 120
5738372258 IMP  1646975 6
5738440407 IMP  4107855 33
5738597051 IMP  1018243 5
5738613962 IMP  1126545 4
5738633745 Intractable. 13801542 341
5739069522 IMP  5451180 165
5739309610 Win 11110535 194
5739788276 IMP   442403 0
5739792989 IMP   642140 2
5739908169 IMP  4318882 31
5739983595 IMP   605647 1
5740115780 IMP  2769162 26
5740268773 IMP  2450245 14
5740377374 IMP  6405095 97
5740479068 IMP   201091 0
5741046358 IMP  9323351 197
5741160180 IMP  1906392 10
5741577673 IMP  4864499 44
5741674168 IMP   630699 2
5741793300 IMP  7027187 150
5741866211 IMP  2379902 17
5741910313 IMP  2224643 11
5741946855 IMP  1222565 7
5742133873 IMP  1980907 9
5742149334 IMP  1996569 9
5742438801 IMP  7802687 94
5742847146 Intractable. 16279775 335
5742890513 IMP 11229731 176
5742892203 IMP  3236827 88
5743211765 IMP  1726786 6
5743317447 IMP  1522144 7
5743810460 IMP  2542450 10
5743826928 IMP  2354767 14
5744097494 IMP   816380 1
5744253204 Intractable. 11693504 241
5744264379 IMP  1052431 3
5744353531 IMP  1727736 6
5744460631 Intractable. 12295888 267
5744850612 Win  1840895 6
5744876926 IMP  4133734 37
5745068951 IMP   964547 5
5745295873 IMP   840385 2
5745328345 Win   391152 1
5745366049 IMP  6081900 98
5745405683 IMP  3740754 25
5745526194 Win  1475011 4
5745581817 IMP  2949696 23
5745826504 IMP  1075153 3
5745842096 IMP  6281652 69
5745891140 IMP  2113005 14
5746109079 IMP  5936147 55
5746640169 IMP  6178357 75
5746677231 IMP  4066400 28
5746716801 IMP   331161 1
5747277323 IMP  4818952 88
5747322808 IMP  5898966 101
5747568839 IMP   508011 1
5747624061 Win   606089 1
5747716727 IMP   719095 1
5747718951 IMP  5761183 217
5747905041 IMP  6794947 120
5748021981 IMP   915917 1
5748950309 IMP  3617192 32
5748991735 IMP  5341302 55
5749049744 IMP  7744651 276
5749128848 IMP  6449846 126
5749232190 IMP  3080721 17
5749544257 IMP  2499815 11
5749785103 IMP  6246524 61
5749882647 IMP  3905878 28
5749902056 Intractable. 12426261 381
Number of Freecells: 3   Mode: 

Winnables: 117
Impossibles: 1323
Intractables: 125
Total time: 33 Hours, 30 Minutes, 3 Seconds
