4750160500 IMP  3606422 27
4750393469 Intractable. 11712153 353
4750784737 IMP  5140454 82
4751037416 IMP  1933948 13
4751255124 Intractable. 12003522 423
4751336149 IMP  8124747 117
4751409763 Intractable. 11773658 417
4751548422 IMP  4521986 46
4751686889 Win  1383722 5
4752140808 IMP  4518038 39
4752217810 IMP   592251 3
4752480174 IMP  6040825 122
4752543955 IMP  5523353 69
4752762654 IMP  3238918 28
4752803046 IMP   807012 6
4752869597 IMP  5074718 40
4752882567 IMP  2658399 14
4753092662 IMP  1879232 6
4753398695 IMP  2109221 12
4753977387 IMP   619411 3
4754021825 IMP  4039373 136
4754154674 IMP  3974571 37
4754166318 IMP  1391007 7
4754484931 IMP  4421914 57
4754904193 IMP  1039749 3
4755262012 Intractable. 12036785 275
4755996204 IMP 10591845 331
4756046997 Intractable. 14829747 289
4756106172 IMP  9556535 177
4756164395 Intractable. 14936992 1039
4756190323 IMP  4032576 41
4756242894 IMP  2050278 8
4756255692 IMP   153552 0
4756327219 Intractable. 11870363 451
4756741253 IMP  3259102 21
4757014835 IMP  1497898 3
4757041156 IMP  2513640 16
4757121819 IMP  3953248 59
4757130996 IMP  3291535 39
4757144451 IMP  2875301 94
4757914502 IMP   502718 0
4758024734 IMP 10391621 219
4758026479 IMP   598709 1
4758115201 IMP   730876 3
4758210046 IMP  2447305 10
4758214109 IMP  1075488 4
4758290247 Win  2723206 12
4758373565 IMP  1800802 9
4758441397 IMP  8328833 107
4758857335 IMP  1174305 4
4758888813 IMP   846526 1
4759178307 IMP  2052537 13
4759352973 IMP  1649845 10
4759559467 IMP   826669 2
4759586945 IMP  2371973 12
4759929961 IMP  8783307 176
4759987308 IMP   402515 1
4760223854 IMP  1065674 6
4760367783 Intractable. 13948049 308
4760427344 IMP  2119328 17
4760538041 IMP  1129380 3
4760578408 IMP   720047 2
4760713608 IMP  4710892 62
4760903155 IMP  1846052 17
4760927028 IMP  2070434 12
4761038889 Win  2049785 10
4761212426 Intractable. 11641165 348
4761296477 IMP  5358365 58
4761358573 IMP   719111 2
4761396002 IMP  3532543 40
4761410533 IMP   947145 3
4761462129 IMP  4276932 67
4761555206 Win   916411 2
4761634562 IMP  1234234 4
4761894206 IMP  1730816 11
4761985306 Intractable. 11510958 482
4761997344 IMP  3000577 26
4762100351 IMP  6901979 179
4762156968 IMP  9131965 222
4762255453 Intractable. 14312789 375
4762372045 IMP  2475546 12
4762564530 IMP  3725280 26
4762623001 IMP  5020461 79
4762628242 IMP  9058006 131
4762698157 IMP  3368749 26
4762817342 IMP  2534234 23
4763146407 IMP  1678512 5
4763165441 Win 12615307 314
4763584394 Intractable. 12454728 346
4763738709 IMP  1228253 6
4764307401 Intractable. 14756699 525
4764512733 Intractable. 14354325 687
4764609138 IMP  1132511 5
4764819600 IMP  2798975 16
4765089379 IMP  3344051 33
4765352283 IMP  3723480 31
4765925020 IMP 10900170 242
4766024075 IMP  6270118 68
4766239062 IMP  2152672 18
4766311095 Win  2383774 10
4766342570 IMP  7968803 152
4766412661 Win   361119 1
4766534013 IMP  3674849 25
4766536853 IMP  1831023 39
4766799553 IMP  9470356 261
4766809799 IMP   981264 3
4766956579 IMP  1279509 3
4767216540 Win   436283 0
4767481538 IMP  2894916 35
4767579999 IMP  2779431 16
4767625099 IMP  1166057 3
4767987741 IMP  1479647 7
4768308242 IMP  7092138 268
4768537421 IMP  1184258 6
4768701128 IMP  1251551 3
4768879199 IMP   811266 2
4768933836 IMP  2539288 25
4768942041 IMP  5860075 176
4768989335 IMP  6879696 94
4769155593 IMP   805154 5
4769780683 IMP  1710453 8
4769795940 IMP  4303862 50
4770336062 IMP    55390 0
4770678745 IMP  6716351 80
4770684442 Intractable. 10725854 264
4770731095 IMP  1568474 6
4771065495 IMP   718829 1
4771109782 IMP  1145497 8
4771418679 IMP  4711686 33
4771422229 Intractable. 13793957 329
4771547358 Win  5344679 54
4772158799 IMP  2129929 13
4772246303 IMP   209016 0
4772592965 IMP   664379 1
4772626640 IMP   946590 3
4772732196 Intractable. 13720445 354
4772768620 IMP  1217312 9
4773303806 Intractable. 11747062 308
4773671768 IMP  5087561 97
4773905892 Win  7837104 103
4774021705 IMP  8464757 272
4774537723 Win  1283845 3
4774543890 Win   244176 1
4774551756 Win   345017 0
4774561757 IMP   800495 6
4774564001 IMP   548148 1
4775012789 IMP  6178876 63
4775026950 Intractable. 14229595 334
4775201750 IMP  1632377 5
4775271761 IMP  1128233 3
4775745285 IMP  2793180 19
4776434082 IMP  4255792 45
4776668067 IMP  1034821 4
4776946969 IMP   941411 3
4777085131 IMP   951789 2
4777115009 Win  3909536 34
4777562471 IMP  2593272 14
4777915680 Win  1666762 7
4778443794 IMP  3213402 23
4778597345 IMP  2873782 18
4778615477 IMP  2253707 16
4778666443 IMP  3090415 19
4778759491 IMP  1158250 4
4778948601 IMP  4051933 47
4779235708 IMP 11110625 266
4779589106 IMP  6406453 73
4779614716 IMP  1633371 10
4779896620 IMP  7481660 94
4779898326 IMP  4907687 71
4779912477 Intractable. 13002640 440
4780345843 IMP  2880849 13
4780496557 IMP  3892495 53
4780507983 IMP  1777149 42
4781028056 IMP  3911920 42
4781111782 IMP  5592152 92
4781493056 IMP   717609 3
4781761828 IMP  2871369 30
4782654868 IMP  1265228 4
4782810867 IMP   587226 1
4782811087 IMP  8215904 132
4782869895 IMP  1045959 3
4782928313 IMP  5881256 77
4783176410 Intractable. 11748807 531
4783475210 IMP  6211397 102
4783630712 Win  1486741 5
4783668763 IMP  7295349 149
4783957642 IMP  3600271 31
4784598764 IMP  3212007 13
4784721944 IMP  6021222 103
4785293091 Intractable. 13385376 274
4785337097 Intractable. 13189283 498
4785427240 IMP  2193193 19
4785895915 IMP   299141 0
4786066363 IMP  2907444 24
4786238491 IMP  2411619 11
4786252646 IMP  5518552 93
4786264083 IMP  1985929 16
4786886586 IMP  3108290 77
4786917689 IMP  7585447 234
4787360639 Win   612635 2
4787552243 IMP  4184033 38
4787688794 Intractable. 11076305 485
4787870010 IMP  2120872 7
4788048238 IMP  2500450 12
4788053239 IMP  2599484 16
4788245995 IMP  3032371 54
4788644262 IMP  1906631 9
4788854158 IMP  1458599 9
4789292130 IMP   790424 3
4789346330 IMP   789451 2
4789752550 IMP   677758 2
4789948100 IMP  1335925 3
4790031595 IMP  5975319 70
4790041297 IMP  5862835 93
4790191902 IMP  3085812 13
4790203252 IMP  1880602 20
4790403346 IMP  1642435 10
4790545475 IMP  1275205 7
4790641884 IMP  1246062 2
4790971724 IMP  1779919 8
4790991376 IMP  2687583 16
4791151011 IMP  2104729 10
4791885183 IMP  2746128 11
4792098639 Intractable. 15927959 453
4792305074 IMP  7668738 114
4792429857 IMP  4417415 146
4792722884 IMP   562290 2
4792969049 Win   716866 2
4793068602 IMP  1659490 10
4793261308 IMP  1743673 6
4793329502 IMP  1109698 9
4793335247 IMP  1168815 2
4793343541 Win   614028 1
4793360642 IMP  3780554 31
4793554094 IMP  2677220 18
4793698920 IMP  6244383 83
4794112761 IMP  1971368 9
4794114278 IMP  1439558 4
4794853416 Win   272675 0
4795028123 IMP  2451604 18
4795157320 IMP  7676328 173
4795444474 IMP   839524 3
4795798495 Win  1107041 2
4795799303 IMP 11894884 207
4796172094 IMP   562223 1
4796282257 IMP  1986322 11
4796392381 IMP  4558240 74
4796535133 IMP   548688 1
4796580668 IMP  3727896 53
4796912186 Intractable. 12555843 409
4796963047 IMP  1180065 4
4796966833 IMP   859149 2
4797004363 Win  1298233 5
4797210630 Intractable. 11642152 395
4797406884 IMP  4981214 59
4797592898 IMP 14397409 727
4797700834 IMP  1060314 6
4797990998 IMP  1773702 9
4798147358 IMP  2496535 14
4798188486 IMP  3194698 23
4798256870 IMP  5974083 64
4798348250 IMP  4750179 49
4799143940 IMP  6936754 114
4799410906 IMP  7734838 120
4799416787 IMP  2396308 40
4799541899 IMP  4350935 32
4799809451 IMP  3144356 27
4799844246 IMP  1426368 5
4799904292 IMP  1667159 11
4799932751 IMP  2800262 31
4799977440 IMP  5878604 59
4799986288 IMP   768204 2
4800128291 Win 14258798 294
4800156946 IMP  3879234 32
4800392073 IMP  7420430 214
4800491830 Intractable. 14292159 283
4800530198 IMP  1448209 8
4800632889 IMP  7280649 147
4800858027 Intractable. 12134470 297
4801062120 IMP  2452197 22
4801134563 IMP  1852340 15
4801269683 IMP  2074297 14
4801309154 IMP   976159 2
4801633341 IMP  1035758 4
4801819924 IMP   416324 1
4802172941 IMP  1426480 11
4802284860 IMP  2725881 22
4802372668 IMP  1638467 8
4802401718 Win  6553249 47
4802488517 IMP  4856481 45
4802685950 IMP  1056742 7
4802842492 IMP  6872968 163
4802860501 IMP  1256110 13
4802897238 IMP  1620224 6
4803001274 IMP    81983 1
4803165283 Win  1329464 3
4803192674 IMP  1977044 11
4803193102 IMP  2867183 39
4803230382 IMP  2060472 9
4803304306 IMP   372129 1
4803531580 IMP   807447 5
4803640566 Intractable. 16744167 329
4803867168 IMP  5302026 45
4803931206 IMP  2602271 28
4804039357 IMP  2850895 20
4804131392 IMP  7063723 120
4804178896 IMP  2359304 14
4804231772 IMP  1219262 5
4804719598 IMP  5187855 38
4805096535 IMP  2282572 24
4805214406 IMP  4988458 51
4805414476 IMP  3810354 22
4805483566 IMP  4394414 33
4805595837 IMP   533793 1
4805768553 IMP  2117149 12
4806109018 IMP  2480395 46
4806125660 IMP  5141174 162
4806145876 IMP  3740340 20
4806544537 IMP  9452844 210
4806799733 IMP  1327332 4
4806861497 IMP  6123229 99
4807197071 IMP  1181194 3
4807210233 Intractable. 11627484 423
4807300910 IMP  8601500 190
4807387907 IMP 10312367 228
4807548326 IMP   449459 1
4807570257 IMP   418337 1
4807707543 IMP  3474460 24
4807843259 IMP  3015002 19
4808255051 IMP   441143 1
4808305600 IMP  2108779 18
4808393412 IMP  2686239 17
4808632257 IMP  1219748 7
4808656854 IMP  3516812 26
4808661987 IMP  4415097 32
4808708866 IMP   955839 3
4809202876 IMP  2750825 36
4809292554 IMP  1622402 35
4809464614 IMP  1512246 11
4809548888 IMP  2376596 27
4810020573 IMP  1247213 3
4810123222 Intractable. 12632550 334
4810200943 Win  3952686 35
4810311532 IMP  5038513 46
4810563903 IMP  2906001 31
4810850523 IMP   522984 1
4810902150 Win   966898 2
4810935877 IMP  5411179 76
4810938395 IMP  3593941 31
4811008704 IMP   951981 6
4811024085 IMP  1172931 4
4811589714 IMP 11063925 236
4811614761 IMP  7403457 137
4811700556 IMP   769948 2
4811870664 IMP  3694985 31
4812084098 IMP  1384169 13
4812137308 IMP  1717388 5
4812538883 IMP  4952385 67
4812982286 IMP  7841839 193
4813005951 IMP  5624209 117
4813030330 IMP  3450064 29
4813049225 IMP  4920140 70
4813460523 IMP  3378752 47
4813490185 IMP   826289 2
4813559213 IMP  3900788 27
4813565950 IMP  6074525 73
4813586226 IMP  3493371 38
4813649289 Win  5215041 89
4813827607 Intractable. 10041402 263
4814568822 IMP  3976751 48
4815146534 IMP   738915 2
4815294644 IMP  4872947 71
4815358549 IMP  2800212 16
4815889625 IMP  4806853 66
4815894453 IMP  1813524 18
4816031532 IMP  1395361 9
4816078800 IMP  2820480 19
4816494645 IMP  3154795 20
4816809946 IMP  8553148 121
4816819684 IMP  3004249 35
4816824051 IMP  2031703 10
4816922865 IMP  2909623 25
4816930243 IMP 13052993 310
4817189848 IMP  5985998 86
4817264882 IMP 11601164 294
4817396346 IMP  7903752 128
4817547719 Intractable. 13071230 358
4817616915 IMP  2220686 12
4817787485 IMP  3749100 28
4818033271 IMP   358766 1
4818326827 IMP   512111 1
4818784355 IMP   537233 2
4818905423 IMP  9488166 161
4818962411 IMP  2767392 20
4819058125 Intractable. 13448952 243
4819176307 IMP  7948641 109
4819245610 Intractable. 14449727 302
4819310801 IMP  4210693 37
4819453414 IMP  3501558 43
4819769577 IMP  1810364 8
4819845620 Intractable. 11772747 644
4820440636 IMP 12822555 400
4820613962 IMP  7771498 119
4820690708 IMP  6116257 73
4820921391 IMP   370135 1
4821080833 IMP   442983 1
4821195884 IMP  2097550 15
4821279281 IMP  2793887 16
4821302115 IMP  3612583 33
4821440627 IMP 10118669 253
4821493463 IMP  2370818 18
4821577539 IMP  6476472 91
4821614289 IMP  6963945 89
4822009440 Intractable. 12225221 358
4822016364 IMP 13714285 514
4822264333 IMP  1039327 3
4822277892 Win  1717770 5
4822446227 IMP  3188294 23
4822486263 IMP  2280967 21
4823038549 IMP  3486303 21
4823183046 Intractable. 12854653 376
4823280328 IMP   922891 2
4823367798 IMP  1762004 10
4823607997 IMP  1487171 6
4824016066 Intractable. 15813743 458
4824128569 IMP  1527363 6
4824194522 IMP  2629558 20
4824664385 Intractable. 13162848 315
4824713413 IMP  1305649 7
4824722740 IMP   758180 3
4824928091 IMP  9628427 138
4825230345 IMP   732268 1
4825353458 IMP  3522401 23
4825645804 IMP  5523084 97
4825888948 IMP  1217948 4
4825920604 IMP  4455181 46
4826124635 IMP   787097 2
4826256065 IMP  1326399 4
4826350677 IMP  1398415 6
4826886747 Intractable. 13108436 323
4827008107 IMP   883406 3
4827074085 Intractable. 11911127 284
4827279955 IMP  1227987 4
4827318295 IMP  2554235 11
4827539192 IMP  4438092 36
4827582738 IMP   239409 0
4827594091 IMP  1750431 10
4828057858 IMP  1018909 3
4828142969 IMP   688226 1
4828489261 IMP  3224055 33
4828600423 IMP  2127300 8
4828754106 IMP   325985 1
4828876153 IMP  5623054 88
4828908461 IMP  1969318 15
4829145093 IMP  1581377 8
4829184901 Win  6221653 66
4829403927 IMP  1321298 9
4829487926 IMP  2874487 41
4829639026 IMP  1207135 5
4829796911 Win 11051951 227
4829910375 IMP  1595106 16
4830032773 IMP  2526896 28
4830061851 IMP  1543488 6
4830079262 IMP  2662869 22
4830198506 IMP  3515654 40
4830459797 IMP  4545841 28
4830683675 IMP  2270068 17
4830791291 IMP  2250752 12
4830812289 IMP 10241345 495
4830829242 IMP  1513013 9
4830911251 IMP  5108625 85
4830954268 IMP  2448676 12
4831003286 IMP  2815941 16
4831015901 IMP  3236954 22
4831025134 IMP  7043198 165
4831065610 IMP  1034754 3
4831300818 IMP  5474501 65
4831309902 IMP  3370594 24
4831805599 IMP  1495494 5
4831956623 IMP   627952 1
4832461103 Intractable. 12334555 901
4832462552 IMP 11852093 302
4832590030 IMP  3871809 61
4832784279 IMP  7338854 129
4832855992 IMP  2012294 10
4833390380 IMP  3428042 27
4833418996 IMP   952140 3
4833674657 IMP  5014743 57
4833958285 IMP  5094381 103
4834118403 IMP  6963849 299
4834286118 IMP  7381210 108
4834288172 IMP  4687548 33
4834339271 Win  6068226 79
4834497954 IMP  3131081 15
4834512625 IMP  6294178 84
4834769175 IMP  1245302 5
4835080086 IMP  6210283 114
4835202448 IMP  2653277 18
4835270010 IMP  1824934 5
4835470783 IMP  4482342 125
4835582940 IMP  1269212 8
4835611103 IMP  2183843 17
4835977533 IMP  1389042 4
4835989648 IMP  1232846 2
4836283537 Intractable. 12891367 413
4836593606 IMP  4378531 45
4836681666 IMP  2697271 29
4836702630 IMP   527467 1
4836726288 IMP  1464740 10
4836830243 IMP   866980 2
4837086147 IMP  1633295 8
4837255370 IMP  3974630 22
4837696670 IMP  9311802 254
4837944692 Intractable. 14082293 436
4837999267 Intractable. 13380254 304
4838119855 IMP   793374 4
4838535793 IMP  1002814 9
4838833585 IMP  1880820 9
4838837087 IMP  1607654 12
4838973433 IMP   922808 4
4839070494 IMP  4241005 44
4839547393 IMP  2502039 33
4840016288 IMP  6423181 82
4840443861 IMP  1224308 8
4840998640 IMP 10912764 461
4841274129 IMP  3257710 45
4841777102 Intractable. 13153417 413
4841994838 IMP   545341 2
4842612745 IMP  5185410 42
4842825939 IMP   475929 1
4843117785 IMP  1423468 5
4843273414 Intractable. 12147810 321
4843378960 IMP   736443 1
4843593386 IMP  3173037 22
4844057988 IMP   864110 2
4844059848 Intractable. 13501890 300
4844099226 IMP  6814414 70
4844185418 IMP  3058011 20
4844193421 IMP   811321 2
4844266113 IMP   602584 2
4844398597 IMP  6095509 102
4844619174 IMP  4072239 31
4844731200 IMP  2853305 18
4845124737 IMP  2308415 14
4845344452 IMP   779827 2
4845587588 IMP   373807 1
4846060511 IMP  1289639 8
4846101489 IMP   921604 5
4846358000 IMP  1020064 3
4846405442 Win  4272960 44
4846442557 IMP  7564923 170
4846646049 Intractable. 11522254 554
4846688747 IMP  2450972 19
4846699024 IMP  3813251 72
4846702071 IMP   248309 1
4846817227 IMP  1151922 2
4846818926 IMP  5163427 62
4846883820 IMP  3404302 53
4846891134 IMP  3568317 26
4846952920 IMP  3487173 56
4846993137 IMP   380444 1
4847904232 IMP  2617382 17
4847974559 IMP   961499 2
4848072637 IMP  3481473 81
4848086778 IMP  2409300 26
4848641467 IMP  2343112 13
4848805812 IMP  4741698 62
4848887269 IMP  8262293 146
4849047385 IMP  1063903 4
4849103918 IMP  1585949 6
4849368653 Win  3609992 20
4849457242 IMP  1058230 4
4849565848 IMP  2959319 26
4849616985 Win  1269690 4
4849827403 IMP  6001840 73
4849848772 Intractable. 13050629 302
4849975562 IMP  2019247 18
4849985736 IMP  1659304 7
4849994436 IMP  2119496 14
4850122539 IMP   929168 4
4850276639 IMP  4092966 71
4850658599 IMP  2964248 24
4851173903 IMP  1054116 5
4851272539 IMP  4732351 75
4851479388 IMP  1607199 10
4851554012 IMP  2590165 13
4851894782 IMP  8418996 384
4851914718 IMP  2375791 15
4852086522 IMP   461440 1
4852211532 IMP   678871 1
4852271109 IMP  4329170 91
4852332357 IMP  2029799 11
4852797958 Intractable. 13066577 342
4852884221 IMP  2886522 28
4853250399 IMP  1714752 9
4853331686 IMP  1535712 7
4853361007 IMP  5050853 54
4853406557 IMP  3668181 28
4853745365 IMP 12704765 350
4853982380 IMP   990567 3
4854048822 Intractable. 13222811 569
4854184739 IMP  1904103 7
4854270341 IMP  4784262 35
4854685541 IMP  2209960 11
4854697033 IMP   420976 1
4855277297 IMP  1486754 11
4855769920 IMP   496206 2
4855874103 IMP   542561 1
4856065428 Intractable. 12175029 366
4856279348 IMP   858905 4
4856319510 IMP  2471490 13
4856532217 IMP  1345322 16
4856733490 IMP  1981108 16
4856896683 IMP  4477607 47
4857590782 IMP  1055340 5
4857731626 IMP  1948694 10
4857975819 IMP   771666 1
4858475496 IMP  4208654 64
4858506938 IMP  1389433 7
4858566742 Intractable. 13270632 298
4858792443 IMP  1161261 4
4858796565 IMP   785960 2
4858807491 IMP    98110 0
4858856502 Win  6012910 91
4859088937 IMP 11346055 233
4859436941 IMP  4455992 57
4859554262 IMP  2035305 9
4859826069 IMP  2633830 21
4859989621 Intractable. 11016879 435
4860006264 IMP  1637548 11
4860023959 IMP  1466723 5
4860046210 IMP 10341581 193
4860243117 Intractable. 12976261 341
4860336206 IMP  3471624 29
4860525757 Intractable. 13852305 385
4860569777 IMP  1100498 6
4860717458 Intractable. 11833364 569
4860900840 IMP  3101084 24
4860974733 IMP   765148 2
4861026461 IMP  1137294 4
4861058977 IMP   151470 0
4861156076 IMP  5287454 61
4861221684 IMP   139812 0
4861338713 IMP  2987198 12
4861349406 IMP  1345405 5
4861573171 Intractable. 15238263 364
4861706219 IMP  3807138 48
4861941684 IMP  3511259 18
4862016047 Win  6143204 55
4862094815 IMP  2553269 26
4862475962 IMP  2404836 15
4862771007 IMP   872241 3
4863539409 IMP  4225740 52
4863756789 IMP  7271970 157
4863850711 IMP  4776720 200
4863996681 IMP  6192733 56
4864253093 Intractable. 12294409 382
4864536707 IMP  3128846 27
4864727211 IMP   416375 1
4864854872 Intractable. 10514657 240
4865247099 IMP  2636920 40
4865526714 IMP  5391766 74
4865798446 IMP   601193 1
4866147891 IMP   942035 2
4866235998 IMP  2356492 12
4866411427 IMP  1753722 17
4866614565 Win  1691430 9
4866815158 Intractable. 12757541 310
4866932965 IMP   763754 4
4866989041 IMP  6285835 175
4867043459 Intractable. 13262547 523
4867248345 IMP  1562395 5
4867339732 IMP    40499 0
4867816545 IMP  1659542 12
4868393248 IMP  1687113 6
4868513406 IMP   381601 1
4868542873 IMP  7622221 241
4868557257 IMP  1318950 5
4868660364 IMP  1043094 10
4868876571 IMP  5380808 203
4869562368 IMP  3229339 51
4870014629 IMP  2722248 19
4870380916 IMP  1047946 3
4870472385 IMP  7106065 134
4870498929 IMP  6797511 132
4870600048 IMP  5330802 70
4870650232 IMP  1857983 54
4870677527 IMP    61375 0
4870836254 IMP   897667 4
4870872615 IMP  5631048 88
4870915517 Win  3108982 15
4871259984 Intractable. 12111228 405
4871365617 IMP   910159 2
4871605115 IMP  5835901 76
4871615596 IMP 13987387 271
4872079411 IMP  3980521 47
4872210786 IMP  3338292 28
4872317446 IMP  9787686 241
4872326778 IMP  2050779 14
4872530552 IMP  4346256 50
4872576628 IMP  1887637 10
4872612145 IMP  2124539 25
4872645267 IMP  3622409 29
4872835450 IMP  1593345 7
4872917903 IMP  1601140 9
4872957037 IMP  1596919 12
4873046031 IMP   776858 2
4873860900 IMP  1729466 9
4873992543 IMP   960139 5
4874320943 IMP  1204357 4
4874335825 IMP  2029335 26
4874885022 IMP   710508 5
4875089817 IMP  6346811 70
4875273503 IMP   746459 3
4875371367 IMP   889465 3
4875383533 IMP  1809882 6
4875484770 IMP  1276085 6
4875796401 Intractable. 12505375 358
4875960910 IMP  9278007 315
4876032300 IMP  8387149 526
4876298104 IMP   987579 8
4876602060 Intractable. 12233370 315
4876697890 IMP   808353 4
4877204042 IMP  3130933 19
4877760312 IMP  1133346 4
4878128089 IMP  1396535 5
4878512373 IMP  1449479 4
4878517653 IMP   774238 2
4879034496 IMP  1149449 4
4879112426 IMP  9075045 193
4879803148 IMP 10917835 178
4879805234 IMP  5076817 66
4879822636 IMP  5290071 49
4879887807 IMP  1951052 9
4879923347 IMP  2955347 16
4879949071 Intractable. 13117531 410
4880009725 Intractable. 12699952 263
4880224067 IMP  1437433 4
4880327359 IMP  1420395 12
4880602119 IMP  4394866 46
4880684642 IMP  8662817 125
4880856625 IMP  4939494 61
4880946556 IMP  1092516 5
4880969388 IMP  2833219 19
4881159821 IMP  1400891 6
4881249428 IMP  3199512 60
4881609049 Win  2219790 11
4881769622 IMP  3836868 26
4881883687 IMP  3638215 44
4882239068 Win   687960 1
4882510963 IMP  3379060 42
4883073286 IMP  2406551 8
4883182009 IMP  2973421 45
4883222392 IMP  8159317 221
4883304392 IMP  3511066 38
4884166132 IMP  1600410 7
4884275520 IMP  5145099 68
4884587533 IMP  1633197 11
4884669464 IMP   634339 1
4884696838 IMP  1381153 12
4884739558 IMP  2086086 13
4884876620 Win  2572097 11
4884908950 IMP  5639856 88
4884957882 IMP  1622217 11
4885000008 IMP   972754 4
4885223596 IMP  2261171 18
4885411996 IMP  1848409 10
4885730843 IMP  1152267 2
4885947506 IMP   422968 2
4886332188 IMP  2269583 17
4886521476 IMP   544149 1
4886898265 IMP  1239953 5
4887261956 IMP  1640752 9
4887413030 IMP  2889663 16
4887431656 IMP  2527159 9
4887503882 IMP  1989793 11
4887678046 IMP  1151628 3
4887777519 IMP  5729806 50
4888164311 IMP   335141 1
4888452017 IMP  1287447 9
4889023227 IMP  2752560 30
4889180739 IMP  3642375 38
4889437438 IMP   411079 0
4889589937 IMP   952880 4
4889698845 IMP   779955 5
4889960294 IMP  2101113 15
4890032928 IMP  4411555 100
4890776884 IMP 11009229 217
4890858002 IMP  1396319 18
4891278700 IMP  4342095 54
4891358734 IMP   362405 1
4891391036 IMP  1792726 9
4891408992 IMP  1744726 4
4891475927 IMP   566289 1
4891794070 IMP  1440072 5
4891815499 IMP  1218622 4
4892156241 IMP   819044 1
4892634711 IMP  3191819 19
4892730242 IMP  1332357 4
4892846069 IMP  1081266 2
4892972950 IMP  4432937 132
4893291892 IMP  1467494 6
4893295744 IMP  3982337 57
4893308649 IMP   792313 4
4893392060 IMP  1477375 12
4893579652 Win  1301764 4
4893649739 Intractable. 12516833 342
4893774910 IMP  1313004 6
4894249428 IMP  1131782 4
4894254037 IMP  1542872 6
4894724921 IMP   115023 0
4894813379 IMP   629542 1
4894929397 IMP  1830073 15
4894960127 IMP  4886623 41
4894971448 Intractable. 10728961 370
4895130897 IMP  2400657 17
4895389205 IMP   588472 2
4895540212 IMP   582030 1
4895609344 IMP 11289157 367
4895934286 IMP  1391660 6
4896259917 IMP  4977042 64
4896841009 IMP  2561008 20
4897210037 IMP  1321727 4
4897211333 IMP  1025860 2
4897308721 IMP  2405111 8
4897399124 IMP  2532929 36
4897420176 IMP  3760559 40
4897423247 IMP  7605196 121
4897518779 IMP  1163855 6
4897598070 Win   582919 1
4897646741 IMP  2312559 30
4897784418 IMP  2637306 13
4897857370 IMP  9356603 235
4898092843 IMP  2610725 30
4898153339 Win  1901899 7
4898186646 IMP   762933 2
4898251999 IMP  1310121 6
4898376437 Intractable. 12422533 366
4898392512 Intractable. 11041459 292
4898487582 IMP  2522670 21
4898540711 IMP  1005085 3
4898588727 Intractable. 13085310 504
4898888055 IMP  4967217 57
4898912688 IMP  4665502 75
4899059812 IMP  2314663 19
4899144189 IMP  1148348 7
4899373593 IMP   490450 2
4899392699 IMP  2539534 19
4899572708 IMP   814286 2
4899757847 Win  1520775 3
4899868632 IMP  2124481 14
4899917801 IMP   502177 1
4900033176 Win  1916353 7
4900151812 IMP   929369 5
4900184314 IMP  6891371 151
4900639405 IMP  2456046 37
4900923176 IMP   774995 2
4901309520 IMP    32332 0
4901348446 Win  1016997 3
4901529769 IMP  2086669 20
4901571291 IMP  9668462 487
4901846157 IMP  5812580 73
4901944074 IMP  1404140 5
4901955910 IMP  2881652 16
4901968329 IMP  1997270 13
4901973776 IMP  3158583 39
4902140443 IMP  9382329 274
4902284404 IMP  2176900 17
4902385111 IMP   953562 4
4902415254 IMP  1941654 11
4902494483 IMP  2036715 10
4902603126 Intractable. 12636540 282
4902686161 IMP  2034890 11
4902922097 IMP  2911969 31
4903195145 Intractable. 13135988 355
4903867707 IMP  7141144 147
4903981185 IMP   830232 2
4904072283 IMP  8939591 146
4904269609 IMP  1045869 9
4904303172 IMP  2316945 9
4904363638 IMP 11386229 232
4904540648 IMP   642446 1
4904552105 IMP   839798 2
4904578998 IMP   675311 2
4904622394 Intractable. 12301299 384
4904834372 IMP  3348406 21
4904866431 IMP  1015341 3
4905202398 IMP  4101520 19
4905592517 IMP  6834110 52
4905620260 IMP  4469874 31
4905849151 IMP  4879015 76
4905885040 IMP  6218895 115
4906215845 IMP  5407174 54
4906284611 IMP 11601878 232
4906379659 IMP  5627021 80
4906465764 Intractable. 14555481 680
4906580104 IMP  1353500 5
4906654206 IMP  4563921 110
4906722985 IMP  2148819 12
4906820515 IMP 10428548 586
4907133076 IMP  3048663 22
4907482348 IMP  9220685 189
4908213995 IMP  1303298 3
4908369640 IMP  2725400 13
4908404177 IMP  3409031 27
4908498890 IMP  1275728 5
4908804618 IMP  6364655 106
4908955897 IMP  9713740 207
4909025821 Intractable. 13289346 353
4909079399 IMP  4198029 50
4909244232 IMP  1099371 4
4909380075 IMP  9492994 184
4909554114 IMP  3781967 48
4910040969 IMP   773857 3
4910092745 IMP 10125666 183
4910099468 IMP  1008999 5
4910462370 IMP  1097138 4
4910464341 IMP  5141819 119
4910701786 IMP  3778157 23
4910897037 IMP  5556761 57
4910897997 IMP  6840473 94
4910963338 IMP  5357087 59
4911186046 IMP   558314 1
4911213936 IMP   968852 4
4912020902 IMP  2230259 17
4912134021 IMP  1148143 5
4912269398 IMP  2801452 19
4912471786 IMP  3197947 19
4912568345 IMP  1810688 6
4912624816 IMP  1196569 4
4912960425 IMP  8988048 141
4913028855 IMP  4235575 37
4913069479 IMP  1278314 3
4913299787 IMP  1337671 8
4913411857 IMP  8061007 155
4914080158 IMP  1164908 16
4914260679 IMP  3036428 20
4914271122 IMP   839157 10
4914521986 IMP    72613 0
4914569788 Win   745087 1
4914657567 IMP  9192620 474
4914722872 IMP  2415993 21
4915032087 IMP  6185512 81
4915054163 IMP  7512876 134
4915085491 IMP  2231848 13
4915146705 IMP  2623210 22
4915213832 IMP  4481350 53
4915230729 IMP  3674468 21
4915562558 IMP 10965055 249
4916670744 IMP  3205351 75
4916674574 IMP  1059933 9
4916717374 IMP  2459192 10
4916757365 IMP  1324753 4
4916880761 IMP  4767471 107
4916881920 IMP  2424047 42
4916882257 IMP  4400096 36
4917146331 IMP  3383652 42
4917284648 IMP   956697 4
4917700784 IMP   969826 4
4917931715 Win 10174481 201
4917974229 IMP  1252087 5
4918360194 IMP   773964 4
4918365693 IMP   835002 2
4918423413 IMP   673143 1
4918438302 IMP   988201 3
4918642174 IMP  6838805 137
4918778912 IMP   874715 2
4918870638 Intractable. 12905873 432
4918939032 IMP  6570962 81
4919032741 IMP   670723 1
4919051894 Win  5282746 90
4919083582 IMP   460276 1
4919318325 IMP   364702 1
4919444540 IMP  1593207 5
4919465412 IMP   835094 2
4920022797 Win  5612560 52
4920244232 IMP  6100109 69
4920528176 IMP  2200482 13
4920538795 IMP  1570538 5
4920579665 IMP  1770699 8
4920616763 IMP  1995862 7
4920795439 IMP  3035049 28
4920857516 Win  8751185 133
4920959719 Intractable. 13480233 414
4921436114 Intractable. 14799475 459
4921468075 IMP  2727272 38
4921471664 Win  1860183 5
4921564851 IMP 12781337 688
4921797439 Win  1727934 9
4921879490 Win  9408322 180
4922017438 IMP  6376630 128
4922578505 IMP  8054404 100
4922856818 IMP   584033 2
4922896408 IMP   446767 0
4922905065 IMP   696189 1
4923036910 IMP  2323237 17
4923089771 IMP  3891584 20
4923184024 Win  9155587 290
4923431755 IMP   313309 0
4923730567 IMP  2160896 18
4923997153 IMP  1258422 4
4924180454 IMP  1290041 3
4924340003 IMP   753503 2
4924382478 Intractable. 13449125 405
4924409200 IMP  7905732 136
4924506689 IMP  6995401 113
4924965129 IMP   627818 2
4924965240 IMP  3605210 29
4925390658 IMP  1229764 5
4925415677 IMP  3683149 40
4925421654 IMP  3592688 121
4925461043 IMP  3405687 18
4926114024 IMP  4050224 34
4926242231 IMP  2431663 21
4926257183 IMP   856911 2
4926407549 IMP   540391 2
4926453793 IMP   977225 3
4926577107 IMP 10835312 253
4926586489 IMP  1533419 5
4926613500 IMP  1191297 6
4926724858 IMP  2303099 10
4927139396 IMP   224847 0
4927150119 IMP  8360252 182
4927437353 IMP 11332440 679
4927458575 Win  1595304 4
4927572783 Intractable. 12611160 373
4927647641 Intractable. 12556313 313
4927755075 IMP 12284736 482
4928386058 IMP   744309 4
4928489779 Intractable. 13678716 581
4928510341 IMP  3111397 22
4928661774 IMP  3219717 21
4928943121 IMP  6246704 141
4929336138 IMP   440755 1
4929405183 IMP  1003736 5
4929735941 IMP 10928019 191
4929736911 IMP  1778291 6
4929791595 IMP  4931635 51
4930220014 IMP  1117917 6
4930470123 IMP   637886 4
4930637575 IMP  2190875 19
4930813296 IMP  3227981 25
4930992499 IMP  9535138 205
4931102223 IMP  1489837 6
4931307326 Win  3113187 21
4931627248 Intractable. 13491628 518
4931759227 IMP  7753595 185
4932670337 IMP  3051294 15
4933218089 IMP  1128749 5
4933296251 IMP  4672261 65
4933657000 IMP  2777179 10
4933824974 IMP  5453113 58
4933908909 Intractable. 14037106 505
4934005501 IMP  1441683 10
4934160880 IMP  1234666 4
4934638080 IMP  1275821 9
4934661716 Intractable. 13899521 522
4934701726 Win  4465451 36
4935151016 Win  2592247 14
4935813372 IMP  3298867 29
4936064683 IMP  5149001 47
4936477213 IMP  4105129 30
4936478946 IMP  1446532 4
4936488023 IMP  2232379 26
4936679651 IMP  1475542 13
4936766061 IMP  4389670 56
4937067064 IMP  4598429 147
4937428629 IMP  6353629 138
4937439645 IMP  1059005 2
4937482540 Win   621599 1
4937797208 IMP  2154516 8
4938573651 Intractable. 11965094 314
4938838790 IMP  2150504 7
4938898004 IMP  1003058 4
4939173794 IMP   622603 1
4939189998 IMP  1776598 9
4939221314 IMP  3793844 28
4939266034 IMP   808617 2
4939385217 IMP  7328099 263
4939762153 Intractable. 14400898 313
4939973572 IMP  9896066 114
4939985142 IMP   534303 1
4940364690 IMP   707488 5
4940481979 IMP  3596391 34
4940543557 IMP  1445058 7
4940545035 Intractable. 14995233 327
4940582983 IMP  5616416 50
4940707152 IMP  3082774 29
4940865613 IMP  1045609 3
4941001304 IMP   515053 1
4941138588 IMP  1178383 5
4941203578 IMP  6433119 164
4941232460 IMP  3657807 21
4941364464 IMP  4705022 52
4941393200 IMP   323105 1
4941455203 IMP  2117388 16
4941568337 IMP   740684 2
4941714033 Win  1746689 5
4941826539 IMP  1647068 6
4941863722 IMP  1740294 8
4941989198 Intractable. 10936369 383
4942039785 IMP  4666600 117
4942109614 IMP  3533684 31
4942588934 IMP  2126964 14
4942685139 IMP   561603 1
4942875746 IMP 11669006 280
4942879140 IMP  1395504 5
4943008333 IMP  2499000 23
4943508681 IMP  5120353 62
4943551286 Win  1783391 8
4943627297 IMP   404513 1
4943738062 IMP  1182636 3
4943841336 IMP  1290215 4
4944587171 IMP  2500540 16
4945041733 IMP  4539042 76
4945375166 IMP  3959902 45
4945464947 IMP  4290716 42
4945600739 IMP  6985742 72
4945604633 IMP  4486607 56
4945742766 IMP  3138093 30
4946028510 IMP 13135325 303
4946155101 IMP  2488741 60
4946829922 IMP   973917 2
4946997541 Win  2707519 14
4947052967 IMP  1875094 6
4947159389 IMP  1230507 3
4947479398 IMP  1599617 8
4947509354 IMP  3810251 27
4948044055 IMP  9227692 131
4948045682 IMP   746869 2
4948081341 IMP  9360726 193
4948121040 IMP  2409428 16
4948131179 IMP  2339894 15
4948162887 IMP  1569514 4
4948166021 IMP  1754411 7
4948431573 IMP  4427467 54
4948447377 IMP  3440864 46
4948850385 IMP  2012032 7
4948879522 Intractable. 15415850 322
4949096202 IMP   688393 1
4949433225 IMP  2612453 11
4949588439 IMP  9511651 161
4949737561 IMP    12092 0
4949917050 IMP  5277663 69
4949918366 IMP   948970 3
4950349895 IMP  1487697 9
4950434319 IMP   790184 2
4950495009 IMP  3460525 28
4950516078 IMP  3664378 36
4950540611 Win  8007221 114
4950689067 IMP  3246483 33
4951084105 IMP  1474980 6
4951394966 IMP  1037863 6
4951671420 Win  7700207 85
4951938942 Intractable. 11812801 304
4952036526 IMP   159623 0
4952076528 IMP  1469857 28
4952250176 IMP  1136557 3
4952444120 IMP   870146 3
4952551931 IMP  5439351 56
4952668547 IMP 13912784 551
4952979804 IMP  7551138 140
4953305863 IMP   673403 1
4953432114 IMP  7594508 202
4953520925 IMP  9904793 203
4953787064 IMP  4262669 31
4954001525 IMP  1804789 10
4954148963 IMP  3096742 43
4954156317 IMP   910835 3
4954273857 IMP  3940577 45
4954344418 IMP  2239510 16
4954729753 Win  2644583 16
4954777570 IMP  1615450 7
4954841137 IMP  2360271 21
4955213187 IMP  2278362 19
4955233866 IMP  1813380 8
4955501316 IMP  3964011 44
4955688016 IMP  1331432 5
4956106845 IMP   946637 3
4956333345 IMP  5228631 116
4956437324 IMP  2734744 19
4956554318 Intractable. 13573492 647
4956588092 Win  1470980 4
4956614381 IMP    22181 0
4956680436 IMP  6708002 105
4956861313 IMP   260004 1
4957041608 IMP  2961631 21
4957440511 IMP  5980724 80
4957586368 IMP   547888 1
4957731521 IMP  6556044 300
4957746292 IMP  2027879 8
4958294843 IMP  3085861 38
4958816909 IMP  1937582 9
4958877842 IMP  2380905 8
4959020941 IMP  1067897 5
4959550754 IMP   468064 1
4959552987 IMP   501084 1
4959565648 IMP  6045781 63
4959591807 IMP  3361581 38
4959644293 IMP  3488409 23
4959740597 IMP  8201689 231
4959993745 IMP  1189603 3
4960026039 IMP  4105131 51
4960111787 IMP   549429 2
4960157211 Win  3658562 19
4960169985 IMP  1898403 8
4960718482 IMP  2238161 10
4960742947 IMP   696098 2
4961092256 IMP   780286 2
4961296158 IMP  5200230 150
4961511282 IMP   101607 0
4961534298 IMP  6953378 157
4961569641 IMP  2109814 7
4961586923 IMP   991631 3
4961751738 IMP  1652479 8
4962030433 IMP  2696728 14
4962144043 IMP  4459872 34
4962151456 IMP   621452 2
4962206789 IMP  8124318 112
4962384809 IMP  1339213 18
4962400909 IMP  1363771 2
4962610662 IMP  7504397 169
4962687732 Intractable. 12273924 249
4962757257 IMP  2128206 8
4962821774 IMP  4471638 25
4962823773 IMP  5250611 44
4962962969 IMP  2132793 10
4962979901 IMP  2759227 49
4963009887 Intractable. 14174744 417
4963015915 IMP  1637689 6
4963136437 IMP  4504907 68
4963184074 IMP 11280124 231
4963196188 IMP  1033859 3
4963289299 IMP   647909 1
4963507339 IMP 12211555 274
4963524698 IMP  5947041 83
4963550188 IMP  4510548 49
4963630857 IMP   438172 1
4963640552 IMP 11938290 438
4963762457 IMP   599257 1
4964007744 IMP    98087 0
4964223585 IMP  1023589 5
4964294942 IMP   640554 1
4964649198 IMP   822614 2
4965044790 IMP   701329 2
4965231722 IMP  2254567 16
4965272726 IMP  3625781 38
4965363625 IMP  6824948 129
4965370550 IMP  1213372 4
4965456056 IMP  2433258 18
4965896223 IMP  3601680 52
4966139552 Intractable. 11619268 318
4966324137 IMP   797328 2
4966449425 IMP  1730568 7
4966605379 IMP  1210348 4
4967066148 IMP  2473998 26
4967128408 IMP  4827071 128
4967286968 IMP  1913442 11
4967511427 IMP  9872371 133
4967915617 IMP  3326805 34
4968030023 IMP  1166093 3
4968316337 IMP  4419489 55
4968346698 IMP  1304457 4
4968373137 IMP  2588103 18
4968495547 IMP  1219222 15
4968629715 IMP  1100525 3
4968677404 IMP  2104917 11
4969074091 IMP  3120977 24
4969076136 IMP  2021335 45
4969472763 IMP  1901171 8
4969497120 IMP  5311245 75
4969594310 IMP  9040349 260
4969999833 IMP  4227143 36
4970157603 IMP  6462281 183
4970251274 IMP  7000803 122
4970275123 IMP   344969 0
4970337487 IMP  1752189 5
4970494642 IMP  6663835 168
4970630040 IMP 15595130 372
4970759306 IMP  1614820 10
4970944268 IMP   812483 3
4971007691 IMP  6427234 98
4971238009 Solver Aborted.  2289599 15
Number of Freecells: 3   Mode: 

Winnables: 70
Impossibles: 1112
Intractables: 100
Total time: 26 Hours, 53 Minutes, 37 Seconds
