4695323650 Intractable. 12456529 459
4695346110 IMP  1315211 4
4695359582 IMP  9576037 578
4695428867 IMP  1695403 7
4695581940 IMP   376519 1
4695726874 IMP  3773742 43
4696118126 IMP  1106451 3
4696230472 IMP 10560452 360
4696494746 Win  4655868 44
4696648239 IMP  2630345 17
4696675605 IMP  2989709 18
4696789694 Intractable. 10942243 292
4696825058 IMP  2233419 20
4697300532 IMP  2284916 12
4697685817 IMP  5136131 56
4697723011 IMP  2981252 20
4697767860 Intractable. 14376806 324
4698141943 IMP  7159314 85
4698291909 Intractable. 11663721 418
4698700401 IMP  1384232 7
4698747880 IMP   282534 0
4698897672 IMP  6999740 71
4698902452 IMP  9860433 295
4698929487 IMP  2071707 16
4699310429 IMP  5106425 125
4699356223 IMP   840796 3
4699577574 IMP  4825152 79
4699591351 IMP  6370693 75
4699735934 IMP  1738384 6
4699800691 IMP   489090 1
4699877511 IMP  4811112 35
4700678718 IMP  2886571 15
4700804853 IMP  3188849 37
4700936741 IMP  3049391 20
4700985207 Intractable. 14105420 449
4701074603 IMP  2406489 21
4701108113 Intractable. 12164454 462
4701284181 Win   686512 1
4701317605 IMP  2540522 9
4701444466 IMP  6197455 50
4701630288 IMP   452778 0
4701672841 IMP  2855529 15
4701983383 IMP  1179345 5
4702085316 IMP  8759504 129
4702098426 IMP  4539113 35
4702401701 IMP  2836656 23
4703118999 IMP  4456872 30
4703168297 IMP   560466 1
4703210106 Win  6296581 72
4703243772 Intractable. 14499896 557
4703485124 IMP 10035975 373
4703540146 Win  4093280 39
4703661168 IMP  7051158 115
4703744496 IMP  2266657 21
4703854802 IMP  5256166 59
4703946407 IMP  1290341 4
4704253675 IMP  2832279 30
4704447607 IMP  3980285 30
4704479791 IMP  8398861 152
4704696631 IMP  1045122 6
4704911647 IMP  1291473 5
4704961333 IMP  1512447 9
4704990995 IMP  7113533 160
4705089304 IMP  2413339 16
4705151261 IMP  4252750 82
4705260831 IMP   405869 1
4705549918 IMP  1682593 7
4705562854 IMP  1975114 7
4705586227 IMP  3664237 26
4705658763 IMP  2312131 13
4705816335 IMP  1172892 3
4706048597 IMP  1000314 2
4706178021 IMP  5984341 114
4706443369 IMP  4754203 57
4706540463 IMP  3204275 19
4706917098 Intractable. 15574809 549
4707038061 IMP  1552526 5
4707212691 IMP  4658058 34
4707256080 Intractable. 12549096 344
4707776486 IMP  2113331 8
4708233442 IMP  1537561 7
4708339834 Intractable. 12299783 226
4708451153 IMP  3158454 34
4708595300 IMP  5224341 91
4708756087 IMP  2622256 12
4708821302 Intractable. 11839957 258
4708948084 IMP 12041951 246
4709018052 IMP  4806041 41
4709438398 IMP  5207076 55
4709487414 IMP  4092340 55
4709719919 IMP 10536345 240
4709737067 IMP  3347460 57
4709870119 IMP   531333 2
4709950629 IMP  9686146 173
4710033250 Win   450548 2
4711134615 IMP  5133014 76
4711148871 IMP  4046582 51
4711288741 IMP  3937949 30
4711507979 IMP  1580239 19
4711841458 IMP  3704988 49
4711879873 IMP  7651231 94
4711907967 IMP  8267531 155
4712251921 IMP  1674358 32
4712648317 IMP  1889080 10
4712829616 IMP 11543789 327
4713380386 IMP  5784472 55
4713440382 Win 13832358 381
4713917128 IMP   506972 1
4714077838 Win  1287293 2
4714484139 IMP  9751575 199
4714604682 IMP  2736207 25
4715066088 IMP  4859086 84
4715248379 IMP  4043764 32
4715678786 IMP 11343423 202
4715896501 IMP   564162 2
4715928225 IMP  7339203 145
4716093448 IMP  4162403 26
4716310025 IMP 10246746 275
4716536899 IMP  1603750 7
4716808902 IMP  7067022 314
4716902147 Win  1112464 3
4716911540 IMP  1426533 12
4717096192 Intractable. 12359900 323
4717293416 IMP   296966 0
4717450759 IMP  3268521 16
4717576394 IMP  1435983 4
4717819976 Win   186834 0
4718079065 IMP  2387609 13
4718302168 Win   439419 1
4718308125 Intractable. 11370698 316
4718611398 IMP  5565472 60
4718705516 IMP  2474728 13
4718791842 IMP  5045319 67
4718915869 IMP  2238606 14
4718916221 IMP  1178967 4
4719077462 Win  1738352 6
4719540211 IMP   487589 1
4719592206 IMP  1338128 6
4719934542 IMP  1382197 6
4720159886 Win   255428 0
4720284244 Win   526073 3
4720576209 IMP  1251761 4
4720603759 IMP  6113395 69
4720990380 IMP   869332 2
4721048022 IMP  3849144 34
4721082436 IMP  4882611 30
4721293593 IMP  2611602 20
4721383032 IMP  6094428 97
4721501333 IMP   906345 4
4721524783 Win  4191126 40
4721675978 Intractable. 13151164 374
4721816222 IMP  3457284 20
4721931961 IMP   566430 0
4722157985 IMP   414965 2
4722274536 IMP  5450614 199
4722574034 Intractable. 12669305 232
4722763495 IMP  3390010 22
4723004864 IMP  2512762 11
4723387518 IMP  4109429 33
4723392872 IMP  2449739 41
4724175566 IMP  2382991 11
4724263437 IMP  1959952 7
4724486388 Win   502019 1
4724704490 IMP  3178894 21
4725082416 IMP  1718032 6
4725202114 IMP  2368873 10
4725335760 Win   887661 3
4725339144 IMP  5843844 96
4725625940 IMP  1597158 5
4725721168 IMP  2677283 18
4726208686 IMP  1947248 10
4726221419 IMP  1634534 5
4726893825 IMP  4537383 149
4726996324 IMP   896937 2
4727140998 IMP  4254046 37
4727433865 IMP  2527839 8
4727463334 IMP  2213608 9
4727786262 Win  4767156 130
4727811876 IMP  1385436 6
4727974968 IMP  8696702 186
4727988541 IMP   376068 1
4728671765 IMP   154251 0
4728757324 IMP  6430867 65
4728772896 IMP  8381306 94
4728814052 Intractable. 12518575 387
4728973442 IMP  1722861 10
4729070789 IMP  4603445 29
4729089949 IMP  1830146 5
4729572554 IMP  9441040 102
4729661841 IMP  3192434 52
4729680237 Win  2512645 9
4730006833 IMP  1820353 7
4730141374 IMP 11166777 258
4730206813 IMP   934553 2
4730267647 IMP   863427 3
4730444674 IMP   531329 1
4730513211 IMP  5304528 48
4730909019 IMP  1740129 7
4731137227 IMP  1939585 16
4731428430 IMP  1727671 19
4731533962 IMP  4496419 40
4731647063 IMP  9268042 235
4731780230 IMP  1518223 4
4731971527 IMP   289288 1
4732261678 Intractable. 13198152 273
4732559829 IMP   723795 2
4732753701 Win   523627 2
4732862749 Intractable. 13489124 422
4732881848 IMP  5672393 57
4733163817 IMP   738936 4
4733241859 IMP  6602446 220
4733245378 IMP  1158964 1
4733393819 IMP 10087923 303
4733637101 IMP  7193188 105
4733721388 IMP  2173412 12
4733829052 Win  1270970 4
4735087153 IMP  6674271 73
4735112039 IMP   554526 1
4735254286 IMP   458134 1
4735279973 IMP   905795 6
4735586115 IMP  4271977 23
4735712135 IMP  3352443 20
4735778377 Win   777117 4
4735863186 IMP  8096270 105
4735998404 IMP   464175 1
4736544132 IMP  2360856 17
4736754733 IMP  1211705 3
4737133197 IMP  1490987 9
4737142826 IMP  2392662 12
4737376202 IMP   842182 3
4737933542 Intractable. 12999488 286
4738007179 IMP   737382 3
4738364031 IMP  1324098 8
4738389474 IMP  3295022 64
4738726958 IMP  1236189 6
4738756867 IMP  7625996 182
4738981004 IMP  1075772 6
4740271888 IMP  1611423 10
4740510413 IMP  1548258 4
4740640301 IMP  3851028 69
4740926629 IMP  3119340 14
4740936826 Intractable. 12379739 252
4740946362 IMP  3265273 30
4741119500 IMP  4137995 176
4741723766 IMP  7799684 108
4741779732 IMP  2403285 13
4741795501 IMP  3227213 33
4741964017 IMP   833617 2
4741994945 IMP  6442317 44
4742084836 IMP  7803707 96
4742139146 IMP  1527213 5
4742223624 IMP  1008893 3
4742860038 IMP  6187780 85
4743016014 IMP   540761 1
4743122220 IMP   521525 1
4743179475 IMP  1583183 7
4743209178 IMP  1147609 4
4743225234 Win   669359 1
4743245917 IMP  1925285 8
4743255097 IMP  4669874 44
4743478432 IMP 11219619 211
4743954117 IMP  1648659 4
4744127487 IMP  3014389 38
4744564795 IMP  5852249 100
4744564858 IMP   810431 2
4744988755 Win  4165447 25
4745203473 IMP   836882 2
4745436132 IMP  1977876 7
4745528870 Intractable. 11291883 245
4745748921 IMP   207385 0
4745790218 IMP   528286 1
4745971874 IMP  1866179 9
4746198973 IMP  2747678 13
4746518725 IMP  2481093 13
4746575151 IMP  3228100 38
4746834103 IMP  3162793 51
4746907855 IMP  1424649 7
4746951197 IMP   339412 0
4747044236 IMP  7764471 119
4747163994 IMP  6412389 64
4747342862 IMP  1132813 2
4747507926 Intractable. 12339804 302
4747679652 IMP  2427787 21
4747743553 Win  2025587 10
4747804111 IMP  2059980 9
4748050630 Win  2778093 24
4748058321 IMP  6559211 80
4748259238 IMP  1024044 2
4748492387 IMP  1362972 7
4748680707 IMP  1953991 10
4749056467 IMP  1126167 4
4749496556 IMP  4012439 29
4749501206 IMP  3041309 25
4749577555 IMP  2988757 13
4749735775 IMP  3777106 59
4749794774 Intractable. 13277142 450
4749901771 IMP  2946058 12
Number of Freecells: 3   Mode: 

Winnables: 25
Impossibles: 249
Intractables: 23
Total time: 5 Hours, 54 Minutes, 36 Seconds
