6000131631 IMP  7630551 147
6000177486 IMP  6405103 95
6000269752 IMP  1110899 3
6000925175 IMP  3705360 37
6001079029 Win  5070643 50
6002048198 IMP   773215 1
6003006288 Win   243741 0
6003563212 IMP 11907095 366
6003856380 IMP   806588 3
6004978245 IMP  2201591 12
6005423559 IMP  3999862 57
6005499509 IMP   417510 1
6006101432 IMP  1443598 3
6006106740 IMP  1258632 4
6006356640 IMP  1920698 8
6006734809 IMP  3193691 23
6007233294 IMP  3829804 48
6008321363 IMP  1201113 3
6008730909 IMP  4113951 46
6008867316 IMP  3308486 24
6008936812 IMP  2876759 12
6009529679 IMP  5934713 58
6010499648 IMP  1680070 26
6010900319 IMP  2572937 23
6011335612 Intractable. 12251168 306
6011398491 Win   129309 0
6011664370 IMP  1672109 9
6011803323 IMP  9308954 183
6011816758 Win 10226629 151
6012020885 IMP   611993 2
6012023263 IMP  5066093 74
6012028080 Intractable. 12094881 234
6012849504 IMP   555388 3
6012900150 Win  3218114 37
6012905011 IMP 11374643 425
6013083537 Win  5959344 67
6013815488 Intractable. 12832768 439
6014507034 IMP  3879634 61
6014602857 IMP   708980 2
6014696068 IMP  2093374 14
6014738908 IMP 11857456 215
6015075481 Win   452022 1
6015641026 IMP 11882306 260
6015692703 Intractable. 10530134 258
6016075813 IMP  6617573 86
6016206345 Win  4040120 24
6017268510 IMP  7413129 87
6017855423 IMP  2534301 17
6018159367 IMP  7949947 126
6018225211 IMP  4158585 33
6018414919 IMP  4611465 83
6018605429 IMP  3885489 55
6019658661 IMP   349281 1
6019782763 Intractable. 12650368 386
6019856290 IMP  2432689 14
6020119625 IMP   984831 2
6020308013 IMP  7232964 320
6020673616 IMP  4084725 33
6020800713 IMP  4795600 38
6021124705 IMP  1643304 6
6021772064 IMP   969588 2
6021915888 IMP  1770606 6
6021970397 IMP  9498845 297
6022945765 Intractable. 13929223 424
6023061967 Win  4236873 27
6023647469 IMP  2854367 19
6024364431 IMP  4787805 37
6024689083 Intractable. 13203391 326
6025353853 Win  2279137 10
6025441567 IMP  9545627 165
6026363713 IMP  2297923 17
6027252112 IMP  5670115 52
6027343678 IMP  6591045 54
6027727946 IMP  4382895 137
6029103737 IMP  7276789 85
6029406263 IMP  6902196 156
6030211395 Win  5525240 38
6031165985 Win  2110384 7
6031997959 IMP  5242314 96
6032349734 IMP  6951196 139
6032404618 IMP     5734 0
6032438542 IMP  7205579 161
6032505452 Intractable. 10908446 321
6032773833 IMP 13308916 629
6032935479 IMP  3553007 75
6032936788 IMP  8662496 161
6032971284 IMP  4779372 97
6033259689 IMP  1021166 2
6033639242 Win   270062 0
6034398303 IMP   793897 3
6035324340 IMP  2303370 13
6035376654 IMP   418888 1
6035423079 IMP  3309922 24
6035959074 IMP  3503829 30
6035959151 IMP  4328816 37
6036017361 IMP  4119073 45
6036081056 IMP  1753412 6
6036088919 IMP  2786148 21
6036094224 IMP  2471238 39
6036324993 IMP  2958809 28
6036335473 IMP   771826 2
6037278002 IMP  6920012 192
6037913020 IMP  5415298 104
6037965642 IMP  2505075 11
6037982310 IMP  5089558 77
6038238234 IMP  1098607 3
6038431209 Intractable. 11964378 414
6038763860 Intractable. 14075191 438
6039250992 IMP  1022359 5
6039462908 IMP  1033887 13
6039727817 IMP  3055157 21
6039778963 IMP  1384984 8
6039794802 IMP  1940975 15
6040772034 Intractable. 12869288 816
6040787358 IMP  3114416 22
6041143403 IMP  1087407 4
6041146891 IMP  1415522 5
6041287760 IMP   872673 4
6041761060 IMP  2677864 13
6041844051 IMP 11174403 278
6042132235 IMP  2512477 35
6042307705 IMP   958234 2
6042498863 IMP  6546440 84
6042669332 IMP  1155635 4
6042681113 Intractable. 12574134 285
6042690625 IMP  6167839 111
6042956686 IMP  3665548 26
6043025810 IMP  3825022 29
6043233246 Win  1544402 5
6043413886 IMP   684736 4
6043676153 IMP   518860 2
6043876919 IMP   675428 1
6043903198 IMP   579745 2
6043906138 IMP   263615 0
6043914507 Intractable. 14438819 478
6044076269 IMP  1446090 5
6044324967 IMP  8922679 255
6044367126 IMP   804989 3
6044485906 IMP  4129961 29
6044549455 IMP  2901892 24
6044554627 IMP  1386806 5
6044651475 IMP  4310012 46
6044671105 IMP   480938 2
6044694356 Intractable. 12139617 334
6044996357 IMP  7540933 269
6045215928 IMP  1340843 6
6045398552 IMP  2947272 32
6045399948 IMP   555394 1
6045437017 Win  1439562 6
6045510135 IMP  1314504 7
6045558820 IMP  2334562 11
6045634182 IMP  8549071 124
6045668443 IMP  4270927 38
6045752958 Win  5092205 222
6046054905 Win   953059 5
6046198808 IMP   499951 1
6046243414 IMP    27103 0
6046454671 IMP   441924 0
6046486529 IMP  2129319 16
6046515081 IMP  7539500 181
6046552285 IMP  1004817 7
6046612928 Win  1994446 15
6046779306 IMP  2654363 14
6046987410 IMP  2807996 19
6046997294 IMP  4291450 42
6047122785 Win  1212831 4
6047272805 IMP   899527 3
6048139132 Win   418275 1
6048403233 IMP  5211083 67
6048543030 IMP  5546391 69
6048604489 IMP  3241925 22
6048787200 IMP  1434044 4
6048798009 Intractable. 11493534 347
6048860534 IMP  2325559 11
6049021799 Intractable. 12429151 490
6049483293 IMP   900279 2
6049770542 IMP   951780 3
6049950183 IMP  5046970 53
6050043645 IMP  4194819 59
6050085763 IMP  1353362 3
6050785581 IMP   535056 1
6051400514 Intractable. 12701330 313
6051640964 IMP  8011675 147
6051881870 IMP  5965123 83
6052648991 IMP  1407121 5
6052711804 IMP  4830658 96
6052956918 IMP  1263980 3
6053252806 IMP  1037146 7
6053313340 Win  4197230 42
6053339519 IMP   860095 3
6053529297 IMP  1860092 10
6054110744 IMP  4150637 26
6054127570 IMP  1599825 15
6054354389 IMP  3214621 36
6054558797 Win  1418675 6
6054772776 Win   950495 3
6054801634 IMP  3624286 34
6054806908 IMP  1189771 11
6054922349 IMP  6327501 86
6055008404 IMP  2925412 53
6055073853 IMP   341179 2
6055329074 IMP   977813 3
6055801262 Intractable. 12811240 510
6056350223 IMP  5271554 60
6056521054 IMP  6320141 104
6056527449 Win  1509965 6
6056534585 Win  4443234 92
6056839799 Intractable. 16408908 360
6057023196 IMP  3150003 11
6057418474 IMP   898179 3
6057997446 IMP   797521 2
6058009701 IMP  1392827 12
6058317681 IMP  5437612 61
6058618065 IMP 11222244 210
6059147379 IMP  3152145 24
6059177042 IMP  1463206 7
6059181803 IMP  1036147 3
6059209755 Win   459354 2
6059529423 IMP  1664691 9
6059564071 IMP  3659004 62
6059699431 Win  6488603 113
6059855262 IMP   925937 3
6059882433 IMP  5421921 68
6059963278 IMP   669677 1
6060428785 IMP  1469203 6
6060430922 IMP   947909 4
6060635287 IMP  5788841 126
6061390913 IMP  2138890 10
6061404630 Win  3012560 50
6061490764 IMP  1225326 5
6061550824 IMP  4594147 61
6061918694 IMP  1728395 9
6061952444 IMP  2112984 24
6062267088 IMP  1553333 5
6062630552 IMP  6499177 107
6062812773 IMP  1214489 3
6062879127 IMP  7159315 130
6063557158 IMP  1077811 4
6063842023 IMP  3256462 43
6063900335 IMP  1854663 14
6064171425 IMP  3144455 44
6064501653 Win   333897 1
6064503180 IMP  5191173 48
6064621384 IMP  4211323 47
6064852959 IMP  9573391 214
6064963612 IMP  1174595 25
6065063220 IMP  5074860 47
6065106048 IMP   979656 2
6065188254 Win  4222776 36
6065429127 IMP  1250992 14
6065464562 IMP  3110280 26
6065477834 IMP  5634892 64
6066036268 Win  1630755 5
6066141314 Intractable. 13001621 297
6066532906 IMP  1786000 9
6066676477 IMP  1778645 8
6067178725 IMP  1443050 6
6067261622 IMP   400968 0
6067430909 IMP 11372726 342
6067677629 IMP  1570382 6
6067775571 IMP  2393407 16
6067791583 Intractable. 13083455 298
6068193908 IMP 10394044 220
6068534927 Intractable. 14632124 349
6068619250 IMP  1564823 5
6068735159 IMP  4108755 63
6068819479 IMP  6437813 176
6068895585 IMP  2765309 19
6068932793 IMP   927722 5
6069456453 IMP  3377266 30
6069549209 Intractable. 12576307 253
6069551953 Intractable. 14077287 498
6069673496 IMP  1492285 4
6069879602 IMP  3658242 62
6070143454 IMP  4981579 67
6070223600 IMP   273209 1
6070606764 IMP  6238624 68
6070971739 IMP  1054883 3
6071089448 IMP  4842769 57
6071215884 IMP   625551 2
6071268393 Intractable. 13433307 343
6071923054 Intractable. 11677814 331
6072552446 IMP  1391726 5
6072571886 IMP  9979734 253
6072638019 IMP  3652061 43
6072975560 IMP  1108584 3
6073561509 Intractable. 12273736 380
6074213320 IMP  3231690 69
6074526125 Win  3438922 19
6074555376 IMP  1666579 9
6074581130 IMP  4641299 45
6074912013 IMP  5728370 82
6075003157 IMP  1120256 4
6075577638 IMP  6244568 123
6075871494 IMP 11219885 206
6075910616 IMP  9820608 274
6075980701 IMP  3617975 28
6076231590 IMP  2955377 12
6076287901 Win  1044784 8
6076497717 IMP 10794763 229
6077059296 Intractable. 12681494 397
6077162055 Intractable. 12724875 436
6077495038 IMP  3076532 18
6077819904 IMP  1020333 3
6078104517 IMP   767956 1
6078157520 IMP  2272814 9
6078241505 IMP  1835477 6
6078560517 IMP  1477464 5
6078672744 IMP  1324342 7
6078821286 IMP  2045489 12
6079048193 IMP  2678267 32
6079412565 IMP  5325845 71
6079687191 Intractable. 13013892 329
6080179536 Intractable. 12657086 339
6080474628 IMP  5127614 53
6080506683 IMP  1019757 4
6080679968 IMP  6347152 62
6080700098 Win   607029 1
6080737206 IMP  3265102 24
6080775133 IMP   578210 1
6080795988 Win  1650795 9
6081188401 IMP  3071981 24
6081453201 IMP  9792627 198
6081618881 Win   711623 3
6082253982 Intractable. 11949728 468
6082911290 IMP  6297299 116
6083556721 IMP  2473805 93
6083805181 IMP 10734800 228
6084084052 IMP  1604013 6
6084114003 IMP  1098026 3
6084392095 IMP  4896349 103
6084562060 IMP  2871093 19
6084619030 IMP  4299566 73
6084715264 IMP  3280111 29
6084738666 IMP  7587049 149
6084965036 IMP  3526241 88
6085019540 IMP  3860440 22
6085252775 IMP  5713924 91
6085598810 IMP  1194207 5
6086062334 IMP  2652724 15
6086242230 IMP   795567 3
6086347531 IMP  1921311 7
6086385786 Win 12282540 285
6086533398 IMP   711928 2
6086635760 IMP  2863776 20
6086741428 IMP  2256145 14
6087130452 IMP  2313484 13
6087694236 IMP  2045339 16
6087923348 IMP  2599460 41
6087948967 IMP  5291707 47
6087949169 IMP  8133781 303
6088387669 Win  4069748 28
6088435704 IMP  1803724 10
6088448808 IMP  2330277 25
6088460868 IMP    62336 0
6088560434 IMP  5018581 89
6088623107 IMP  2222983 24
6088715234 IMP  1243425 3
6088906477 IMP 13951259 291
6088943716 IMP  6814084 128
6089541678 IMP  1938742 8
6089563032 IMP  5024572 85
6089739873 IMP  9412268 195
6089810971 Win  3482338 22
6089875789 Intractable. 14034933 770
6089939563 IMP  2103710 9
6090022193 IMP  1597685 8
6090194094 IMP  1424063 5
6090295536 IMP  3588355 70
6090335577 IMP  8805088 228
6090745304 IMP  2502731 22
6090803013 IMP  8088691 159
6090869678 IMP  5482027 82
6091032834 IMP  2035820 12
6091442940 IMP  8456406 179
6091869165 IMP   573320 1
6092047918 IMP  1199559 4
6092086197 Intractable. 12477193 272
6092227374 IMP  7340232 183
6092447616 Win  1539140 6
6092687978 IMP  7401167 225
6092730201 Win  4364083 38
6092906476 IMP 10547492 210
6092949796 IMP   970336 3
6093235093 Intractable. 12746242 364
6093816079 IMP  3892539 40
6094207304 IMP  1397668 3
6094536485 Win   703986 2
6094610348 Win  1330458 5
6094669836 IMP  1511207 6
6094974770 Intractable. 13222645 342
6095164783 IMP   994659 3
6095495803 IMP 11567121 232
6095675531 IMP  1009136 4
6095864858 IMP  9496788 218
6095983023 Win   493625 1
6096375038 IMP  9568925 201
6096446236 IMP  8950230 400
6096626821 IMP  1187937 4
6096766418 Intractable. 12382945 338
6096900998 IMP  1584852 23
6096992983 IMP  2954893 37
6097435164 IMP  2119298 9
6097490219 IMP   525555 1
6098247399 IMP  2600181 16
6098256850 IMP  1667443 9
6098308236 IMP  2643314 12
6098364929 Win  1014135 2
6098557485 IMP  3128677 23
6099056718 IMP  1730907 9
6099188915 IMP   924498 4
6099290200 IMP  1074001 3
6099314660 IMP  4240131 48
6099426834 IMP  9911080 213
6099485916 Intractable. 13018235 449
6100200904 IMP  9911150 212
6100303999 IMP    82852 0
6100559563 IMP  1561172 14
6100819400 IMP  1612973 5
6101150866 IMP  1158896 2
6101262542 IMP  2792158 39
6101323015 Intractable. 15937540 419
6101561290 IMP  1355118 5
6101635048 IMP  1949708 13
6101745679 IMP  7394734 120
6102004756 Win 10691266 181
6102213809 Intractable. 13311722 323
6102319669 Win  7157051 78
6103147936 IMP  3123929 18
6103535823 IMP  9967829 200
6103548555 IMP  4550098 43
6103620939 IMP  1998685 14
6103673547 IMP   438865 2
6103712663 Intractable. 15069598 423
6103934301 IMP  1242813 9
6104017456 IMP 10073389 319
6104338477 IMP   611930 1
6104487741 IMP  4045397 54
6104748249 IMP  2084635 15
6104926331 Intractable. 12916661 451
6104927468 IMP  3822753 84
6105024269 Win  8452156 335
6105212416 Win  1510457 6
6105480204 Win  5608098 84
6105510528 Win  6242780 134
6105645882 IMP  3699856 24
6105869049 IMP  7798777 296
6105934425 Intractable. 13388163 443
6106010382 Win  2522277 21
6106025608 IMP  2029434 8
6106333330 IMP   106443 0
6106502233 IMP   249185 0
6106574446 IMP  3760295 27
6106604677 Win   946501 2
6106747622 Intractable. 13221046 640
6106951979 IMP  4533335 48
6107340654 IMP  1119421 3
6107521008 IMP  2995444 21
6107622073 IMP  8216153 354
6108138202 IMP 11671503 337
6108154067 IMP  2644469 19
6109164497 IMP  3152083 20
6109345595 IMP  2740043 19
6109793077 Win  2055218 7
6109824226 IMP  3082640 20
6110087669 IMP  1882832 14
6110179159 IMP  9216394 202
6110233677 IMP  4157706 39
6110349438 IMP   739873 1
6110535146 Intractable. 15298068 892
6110556372 Intractable. 13561784 283
6110818390 IMP  2177953 12
6111168978 Intractable. 12323059 417
6111220204 IMP  2426881 30
6111792244 Intractable. 11504291 272
6111895349 IMP  3190204 43
6112247388 Intractable. 12355857 1890
6112586905 IMP  9698039 245
6112589471 IMP   702685 2
6112682034 IMP    39126 0
6112768406 IMP  8721243 243
6113000213 IMP  1524478 4
6113168921 IMP  3714239 33
6113246923 IMP   298369 0
6113469713 IMP  3596759 24
6114965245 IMP  3076560 19
6115038234 IMP  3384482 30
6115084177 IMP  3413093 24
6115254354 IMP   959998 4
6115501417 IMP  2359328 17
6115645922 IMP  1101279 4
6116219405 IMP  2685586 22
6117065681 IMP  3528991 43
6117390308 IMP  4535832 38
6117484114 IMP  6233806 48
6117522476 IMP  4042086 35
6117615785 Intractable. 12143211 357
6118338977 IMP   811457 1
6118365002 Intractable. 10690603 289
6118536715 IMP 12512324 364
6118915130 IMP  8297219 113
6119132974 IMP  4140663 27
6119618553 IMP  1637090 10
6119690075 IMP   949021 8
6120029010 Win  3920338 40
6120277389 IMP   421367 1
6120300725 IMP  1506691 8
6120691401 Win  2757698 22
6120692450 IMP  3981946 66
6120716356 IMP   389415 1
6121119288 Intractable. 11329893 356
6121200672 IMP  5594023 58
6121232244 Intractable. 12889078 289
6121558298 IMP  2151802 15
6121907697 Intractable. 10796815 369
6122081034 Win  1035922 4
6122353157 Win  2258937 11
6122550409 IMP  4514467 21
6122686657 Win  1216402 5
6122744392 IMP  2051344 8
6122803380 Intractable. 13898398 528
6122837316 Intractable. 12618761 513
6122897041 IMP   592020 1
6122905690 IMP  6420671 128
6122943408 IMP  3217444 18
6122945939 IMP 12003869 334
6123132132 IMP  3513560 52
6123344420 Intractable. 11805536 555
6123571275 Intractable. 12026189 415
6124098878 Intractable. 12328643 278
6124224853 Intractable. 12779067 395
6124359619 IMP  4535550 43
6124428094 IMP  2867674 13
6125027608 IMP  3976226 27
6125286883 IMP  1245486 5
6125369220 IMP  1094117 4
6125390705 IMP  2678627 27
6125543549 Win  2505916 21
6125799085 IMP   445545 0
6125976104 IMP  1291700 13
6126171250 IMP  9006835 140
6126698651 IMP  7920626 106
6127241385 IMP 11541187 207
6127259286 Intractable. 13404567 435
6127321593 IMP  2153270 14
6127419564 IMP  4020171 77
6127838763 IMP  2617456 19
6127873298 IMP  1879082 10
6128305473 IMP  7497225 125
6129196958 Win  1637310 9
6129241904 Intractable. 13873529 330
6129401193 IMP  1232978 4
6129550996 IMP  9402607 202
6129586990 Win   767845 2
6129675956 IMP  4295390 34
6130331426 IMP   256495 0
6130652499 IMP  1378138 5
6130694053 IMP   452931 1
6130739795 IMP  5089126 69
6130742202 Intractable. 12675290 486
6131569236 IMP  1715123 6
6131662817 IMP  7341813 96
6131931269 IMP  5322877 92
6131972904 Intractable. 11992253 232
6131978201 Intractable. 11003777 565
6132014495 IMP  1456651 5
6132052640 IMP  2504883 26
6132165504 Win   161366 0
6132188476 IMP  4747528 52
6132999464 IMP 12582078 349
6133116883 IMP  2946953 32
6133247465 IMP  3164877 19
6133359654 Intractable. 15751569 405
6133552030 IMP  2460308 14
6134107707 IMP  1620478 11
6134369537 Intractable. 13052118 285
6134388650 IMP  1020100 4
6134462657 Intractable. 11839614 253
6134512493 Intractable. 11380006 293
6134687587 IMP   362743 1
6135082947 IMP  2353309 19
6135301788 Intractable. 13581676 407
6135338982 Intractable. 13920803 295
6135512163 Win  5008020 54
6135794523 IMP  2087574 24
6136095008 Intractable. 13976016 306
6136114791 IMP  1123444 5
6136667927 IMP  1109500 11
6136691736 IMP   355343 1
6136698408 IMP  7341051 153
6136777036 IMP  2096359 21
6136815792 Intractable. 11828268 318
6136830202 IMP  2969582 17
6137007976 IMP  4374246 57
6137038652 IMP  1002122 3
6137369860 IMP  1883006 9
6137746586 IMP  1725824 10
6137954581 IMP  6109730 211
6138155351 IMP  1283790 7
6138502903 IMP  4662168 72
6138518105 IMP 11013416 266
6138627029 IMP  5035510 109
6139093220 IMP  6020527 82
6139663186 IMP 13882349 235
6139850060 IMP  1516911 9
6140027218 Intractable. 12087887 310
6140848269 IMP  1232524 11
6141100682 IMP   471621 1
6141272540 IMP  1766493 9
6141543455 Win  1665106 8
6141569564 IMP  3587598 30
6141663226 Win  1627671 6
6142453488 IMP  5724404 117
6142654921 IMP  3454701 31
6143147733 IMP  1501777 7
6143441695 Intractable. 13324740 391
6143728498 IMP  2138074 12
6143732426 IMP  1225705 2
6143795487 IMP  9961270 532
6143826228 IMP   972844 1
6144199530 Intractable. 12718866 386
6144347760 IMP 11392687 475
6144419209 IMP   356873 0
6144684175 IMP  1902229 20
6144878156 Win  2532768 21
6145098372 IMP  1569969 4
6145532406 IMP  3373223 21
6146229769 IMP  3076633 16
6146419741 IMP  2916971 34
6146479433 IMP   619022 3
6146482887 IMP  1473583 8
6146775263 Intractable. 11688666 331
6147755131 IMP   713876 2
6147850873 IMP  4638025 33
6148059178 IMP  5697109 59
6148151425 IMP  4661492 55
6148306785 IMP  2110177 15
6148823464 IMP  7776892 209
6149053776 IMP  2638235 18
6149398244 IMP   968205 7
6149447054 Intractable. 13309126 750
6149847961 IMP  3399613 20
6149856930 IMP   744971 2
6150328163 IMP   525486 1
6150355871 IMP  9285291 392
6150618659 IMP   754697 2
6150803846 IMP  6074596 75
6150908176 IMP   639076 2
6151419384 IMP  1393931 5
6151433818 IMP  8104881 343
6151659104 IMP   872010 3
6151810677 IMP  3390437 23
6151947484 Intractable. 13852120 338
6152286936 IMP   529222 1
6152450678 Intractable. 11893291 457
6152628207 IMP  4405285 121
6152838973 IMP  2093920 7
6153189149 IMP  2276528 11
6153374330 IMP  1263590 6
6153522449 IMP  1144792 3
6153945745 IMP  1191045 3
6153987204 IMP  4470704 57
6154205359 IMP  8048823 110
6154241179 IMP  9791168 153
6155951881 IMP  7878365 267
6156538227 Win  4121304 29
6156897422 Intractable. 12588587 439
6157839944 IMP  6340953 61
6158150190 Intractable. 13856955 377
6158577297 IMP  2859632 16
6158728295 IMP  5582841 92
6158754698 IMP  1090888 4
6159012734 Win  9390622 135
6159129362 IMP 12661684 323
6159307417 IMP 10802667 306
6159684939 IMP  1417219 10
6160379604 IMP   933662 2
6160801747 IMP  3457325 46
6161114864 IMP  5904711 96
6161314363 IMP  3940943 26
6161405863 IMP  9057630 209
6161856909 IMP  4682107 51
6161968424 IMP  2712286 12
6162004790 IMP  2714209 16
6162223788 Intractable. 13933783 296
6162280793 IMP  4292945 43
6162453274 IMP   810857 5
6162578646 IMP  2576310 21
6162684422 IMP  3441707 30
6162746805 IMP  2250491 24
6162747089 Intractable. 13158287 342
6163115177 IMP  6840604 79
6163180993 IMP  2877231 27
6163832490 IMP  1118097 4
6163867644 IMP  3215071 30
6164411920 IMP  1414471 12
6164534903 Win  2294810 11
6164816497 IMP  1443366 9
6165041290 IMP  1249353 9
6165115792 Intractable. 13314736 459
6165338623 IMP  5618024 75
6165631617 IMP  2635191 23
6165916901 IMP  4094763 50
6166080089 Intractable. 11130587 262
6166276411 IMP  2925357 14
6166433321 IMP  1151312 5
6166486029 IMP  1068394 2
6166672175 IMP  2421484 11
6166899469 IMP  2626018 36
6166919238 IMP  4984278 216
6166960251 Win  1853971 6
6167673924 IMP 15135392 448
6168032536 IMP  1554095 8
6168240546 Intractable. 12828480 495
6168435893 IMP  4938783 73
6168820771 IMP  5414118 69
6168916080 IMP  2402800 17
6168925226 IMP  3972915 23
6169652995 IMP  2160424 13
6170081620 Win  9388567 154
6170298591 Intractable. 12669516 1413
6170415592 IMP  2888587 14
6170428660 IMP  1214785 7
6170549176 IMP 13357792 521
6170810669 IMP   931700 3
6170947682 IMP  1454575 13
6171020001 Win  3892872 38
6171055737 IMP  1104688 4
6171104299 IMP  2783668 26
6171283159 IMP  5068706 52
6171416303 IMP  6605773 136
6171591301 IMP  5213090 66
6171602230 IMP  4518995 59
6171731317 IMP  7150514 107
6171752982 IMP  7757119 157
6171884146 Win   918610 3
6171888404 IMP  4064787 34
6172181556 IMP  1023842 3
6172322916 IMP  1518059 5
6172363031 IMP  2229658 9
6172559758 IMP 11970872 256
6172751193 IMP  5641354 92
6172870662 IMP  4474000 28
6172945505 IMP   872320 2
6173047769 IMP  5209259 91
6173508213 IMP  3376636 24
6173695918 IMP  1806813 15
6174166481 IMP  1678973 9
6174446317 IMP  3615708 19
6174612214 IMP  2297725 8
6174774344 IMP  2588380 17
6174812953 IMP  4324404 47
6174832511 IMP  3938844 29
6174923012 IMP  3579693 17
6175429211 IMP  4248459 67
6175471554 IMP  7802460 305
6175573311 IMP  4747655 96
6175701631 Intractable. 11908871 394
6176118458 IMP   629323 3
6176217209 IMP  1505677 11
6176239655 Win   810318 1
6176304354 IMP  6941560 98
6176543250 IMP  4014480 24
6176631796 IMP  3804035 33
6177200446 Intractable. 13464129 293
6177251308 IMP  1266790 6
6177404292 IMP  2527610 11
6177406921 IMP  1083524 4
6177549749 IMP  2824588 49
6177679251 IMP  2129265 25
6178080673 IMP  6582796 69
6178088584 IMP  3913773 37
6178424310 IMP   386338 1
6179035968 IMP  2034253 10
6179302259 IMP  5967992 64
6179451110 Win   337105 0
6179475295 IMP  1430941 6
6179784502 IMP  6399518 108
6179995387 IMP   828401 2
6180075777 IMP  4085203 113
6180202672 IMP  5244250 90
6180462601 IMP    27952 0
6180475199 IMP  2636495 20
6180582175 IMP  3100099 29
6180701748 IMP  3564282 39
6180765148 IMP  9759652 156
6181294833 IMP  3692568 37
6181366107 Win  7552303 130
6181425083 IMP 10868090 500
6181797875 IMP  1271935 5
6182127443 Intractable. 12182621 392
6182148167 IMP  5678728 66
6182210471 Intractable. 13565719 389
6182701339 Intractable. 11208602 295
6182947684 IMP  2213503 24
6182987754 IMP   502856 2
6183030699 Win  5159633 60
6183047305 IMP 13207884 743
6183077702 Win  1507386 4
6183511569 IMP   930368 3
6183639290 IMP  2318651 16
6183845101 IMP  2755080 39
6183998064 Intractable. 11864440 463
6184384509 IMP  2078609 18
6184486169 Intractable. 13310180 393
6184972957 IMP   621238 1
6185455229 IMP  3248482 27
6185459604 IMP  2295160 21
6185516423 IMP  5729535 132
6185934662 IMP  1763821 15
6186177523 IMP  7230588 129
6186215434 IMP   738571 2
6186607137 IMP  2898266 19
6186835506 Win  2959208 18
6187383575 IMP  3117867 45
6187413563 Intractable. 12786406 331
6187524355 IMP  1382168 6
6187623601 IMP  2175326 24
6187742954 IMP  4364855 40
6187882463 IMP  3773944 64
6187986960 IMP   607217 3
6188832110 IMP  1326637 10
6188848240 IMP  2458266 14
6188856418 IMP  5936068 64
6188986194 IMP  1914639 12
6189309085 IMP  4162911 27
6189338363 IMP  3032309 12
6189356744 IMP  5106638 60
6189534175 IMP   497840 1
6189865093 Intractable. 14336794 577
6189967987 IMP  3041894 24
6190011066 IMP  2252817 15
6190058514 IMP  4668852 61
6190164197 Win  1681232 11
6190333908 IMP  1447296 8
6190752515 IMP   747696 3
6190961306 IMP    19198 0
6191244328 IMP  7870332 150
6191255691 IMP  4431790 38
6191553248 Intractable. 13207599 329
6191621731 IMP  1489915 6
6191631091 IMP   925134 2
6192030416 IMP  1169464 5
6192049072 Intractable. 13154489 337
6192280646 IMP   809275 2
6192400353 IMP  5809502 83
6192629047 IMP 10963542 360
6192767268 IMP   875818 3
6193196509 IMP  1480979 9
6193792693 IMP  2299007 20
6193956428 IMP  1355879 5
6194100062 IMP  7758222 82
6194892243 Intractable. 12358277 303
6195042038 IMP  2226335 13
6195179549 IMP  4115202 35
6195242752 IMP   732887 2
6196253439 Intractable. 13525590 356
6196280917 IMP   992020 4
6196432215 Win  6953198 75
6196516710 IMP 12299394 249
6196535836 Win  1625520 5
6197148091 IMP 13826200 436
6197239595 IMP  1014383 3
6197280938 IMP  2894749 25
6197330580 IMP  4607502 39
6197358820 IMP  1024692 2
6197370229 IMP  2265454 18
6197532795 Win  7282979 81
6197595681 IMP  1549876 9
6197648157 Win  4266373 42
6197734631 IMP  1258432 10
6197928002 IMP  3281137 31
6198579301 Intractable. 13107652 438
6198662328 IMP  2522643 18
6200054963 IMP  1277936 8
6200431907 IMP  7407300 315
6200612092 IMP   880797 2
6200801349 IMP  2651286 16
6201170693 Intractable. 13116890 754
6201220122 IMP  1325402 5
6201231534 IMP 10444491 322
6201232457 IMP   753963 2
6201288952 IMP  2521795 16
6201329652 IMP  3292983 24
6201343621 Win  1605311 5
6201787979 IMP  4571399 42
6202136595 IMP   908379 4
6202157797 IMP  7782515 160
6202160195 IMP  6341504 63
6202258364 IMP  2993657 16
6202834653 Win  5816015 54
6203301316 IMP  7212702 142
6203308264 Intractable. 11292550 261
6203349111 IMP   888691 3
6203364028 IMP  1742701 9
6203378347 IMP  2188805 13
6203554482 IMP  6203074 71
6203858481 IMP 11852374 512
6204031510 IMP  3628275 22
6204156772 IMP  4600664 56
6204305621 Intractable. 14709032 403
6204441660 IMP  5182037 50
6204454692 IMP  2219787 21
6204456852 IMP  2655696 29
6204657093 IMP  3121148 25
6205176852 IMP  5784851 155
6205406332 IMP  7537514 135
6205425105 IMP    13567 0
6205573129 Win  2188458 10
6206173639 IMP 10735809 208
6206217444 IMP  3756835 73
6206560746 IMP  3792087 31
6206615060 IMP  8082608 164
6206639186 IMP  8215961 345
6206769714 IMP  6273231 147
6206868386 IMP  1203083 3
6206946179 IMP  1632571 10
6206949924 Win  1285831 5
6207287035 Intractable. 13142149 708
6207360833 IMP  1386601 7
6207376688 IMP  1738868 4
6207602381 IMP  7330214 93
6207883305 IMP  2795638 18
6207935471 Win  1244597 3
6208439317 IMP   647650 2
6208707088 Win  2405696 21
6208795564 IMP  2680285 15
6209034827 Intractable. 13002821 566
6209237244 IMP  1442940 9
6209356472 IMP  1342847 4
6209416420 IMP  1308197 11
6209596587 IMP 12431369 296
6209676726 IMP  7271307 129
6209767028 IMP  1021730 2
6209829021 IMP  2566992 13
6209830807 IMP  3760771 34
6209956135 Intractable. 16326763 394
6210062530 IMP   948346 3
6210094126 IMP  3222983 41
6210237976 Intractable. 12983283 374
6210297361 IMP  1522650 6
6210420887 IMP  2898063 17
6210607022 IMP 15456971 557
6210664506 IMP  1699639 6
6210946074 Intractable. 13984611 348
6211027373 Win   711858 2
6211067657 IMP   871701 2
6211208696 IMP  2246587 25
6211223329 IMP  3012343 29
6211379572 IMP  1278322 4
6211890708 IMP  4467781 95
6212425434 IMP  7791847 94
6212590887 IMP  8769701 194
6212978328 IMP   974456 3
6213017292 IMP  5260524 107
6213018523 IMP   422743 0
6213358398 IMP  9931514 342
6213551158 Win  8326584 161
6213789986 IMP   549095 1
6214672874 IMP  6349972 91
6214818611 IMP  5416464 80
6215269757 Win  1866760 15
6215403679 IMP  5747698 63
6215539458 IMP  3506729 51
6215665325 IMP  5419000 72
6215904527 Intractable. 13400986 315
6215949306 IMP  7042838 119
6215963072 IMP  1290594 4
6216207576 IMP   300418 1
6216280921 IMP  1818449 10
6216705844 IMP  3610471 26
6216949560 IMP  4375354 76
6217255893 IMP  1961851 8
6217378024 IMP  2077228 7
6217570673 IMP  1393626 12
6217619909 IMP  2752337 21
6217850217 IMP  6918840 157
6217870030 IMP  1022262 10
6218136551 IMP  3105286 18
6218315052 IMP   481021 1
6218556570 IMP  6173223 644
6218601880 IMP  2516348 17
6219178757 IMP  3011236 24
6219287329 IMP  2529966 21
6219338813 IMP  9984014 343
6219345195 IMP  1153698 7
6219385410 IMP  1225616 3
6219729804 Intractable. 11993407 716
6219816336 Win  3675960 31
6219834939 IMP   864774 2
6220314597 Win   671451 1
6220602867 IMP   825724 3
6220843385 IMP  4868101 101
6220985262 IMP  1790037 9
6221094550 IMP  2011784 9
6221138581 IMP  2695989 16
6221171884 IMP  2225123 8
6221364521 IMP  2891564 22
6221474184 IMP  2870278 42
6222462574 IMP  4729918 48
6222521689 IMP 11635551 442
6222946925 IMP  1983718 50
6223026638 IMP   849780 2
6223071615 IMP  5482407 42
6223204506 Win   955672 2
6223238078 Intractable. 11529358 305
6223296998 IMP  3366375 58
6223410851 Win   742368 4
6223535937 IMP  5846333 70
6223552105 IMP  1016274 2
6224383391 IMP  4259229 34
6224402065 IMP  1930074 12
6224975426 IMP  5281380 100
6225068915 IMP  2483267 33
6225307140 IMP  3119606 14
6225367299 Intractable. 13500357 284
6225779365 IMP  4494680 88
6225934096 IMP  2066289 7
6226026925 Win  2914612 23
6226159415 IMP  2129013 8
6226398979 IMP  5220199 48
6226503947 IMP  1661693 7
6226986163 Intractable. 12469550 272
6227084423 IMP  5050778 73
6227092780 IMP  1768961 10
6227239533 IMP   958030 6
6227378170 IMP  4854911 50
6227659754 IMP  2880373 23
6227813100 IMP   221731 1
6227854173 IMP  1455950 7
6227867434 IMP  3408583 39
6227991683 IMP  3772585 28
6228158070 IMP  1050590 2
6228307445 IMP  1380019 9
6228331522 Intractable. 12097159 336
6228370637 IMP   331711 0
6228429284 IMP  2181962 23
6228639336 IMP  5411152 83
6228771335 IMP  4098703 24
6228913131 Intractable. 13145112 279
6228932321 IMP  3593253 30
6229001489 Intractable. 12985196 509
6229082291 IMP  4198413 72
6229498296 Intractable. 13156029 366
6229672978 IMP  1878470 9
6229767035 IMP   962119 2
6229805073 IMP   847138 3
6229817963 IMP  3094647 20
6229884705 IMP   580863 1
6229995988 IMP  3218152 29
6230016635 IMP  4771464 59
6230294052 IMP  1168092 5
6230485459 IMP  1977238 29
6230907780 IMP  3736282 36
6230945942 IMP  3737349 22
6231051433 Intractable. 12702990 400
6231062341 IMP   399783 1
6231142351 IMP  7104201 88
6231458951 IMP  5656947 124
6231566927 IMP  3859502 33
6231652274 IMP  1612103 7
6231772307 IMP  2250926 14
6231868271 Intractable. 12883065 314
6231949768 IMP  3653168 29
6232436912 Win 10162631 172
6232452087 IMP  5255436 78
6232632033 IMP   418161 1
6232803966 Win  2361640 10
6232893268 IMP   828853 9
6233013840 IMP  4330550 98
6233058303 IMP  2255000 9
6233068183 IMP   208566 0
6233096583 IMP  2166459 17
6233114690 IMP  4212854 115
6233228184 IMP  5002845 134
6233300298 Intractable. 14203581 439
6233462791 IMP   926596 3
6234083803 IMP   892055 3
6234113361 IMP  1738582 7
6234174638 IMP  5302173 88
6234224510 IMP  4023080 27
6234341541 IMP   503997 2
6234556427 IMP   481846 1
6234564798 IMP  4084429 36
6234968139 Win  1229089 4
6235150502 IMP  1867760 14
6235269101 IMP  1816785 10
6235381011 IMP   942994 5
6235431030 IMP   901017 12
6235597712 IMP  3725120 25
6235699387 IMP  3163675 25
6235707663 IMP  2474192 14
6235765508 IMP   557717 0
6235845463 IMP  2023620 15
6235881462 IMP  1033321 4
6235882355 IMP  5311886 50
6236384412 IMP  7147076 103
6236925291 IMP  2115341 11
6237074685 Win  2329571 16
6237253354 IMP  3849066 32
6237255180 IMP  1790665 7
6237313103 IMP   913903 2
6237399865 IMP   923839 3
6237405363 Intractable. 11624542 367
6237671551 IMP  6533092 157
6237993939 IMP   778403 1
6237995013 IMP   811772 2
6238038845 Intractable. 11990016 309
6238090977 Win   566948 1
6238110967 IMP  2400273 33
6238164768 Intractable. 12315402 425
6238184550 IMP  3342080 33
6238318979 IMP  5848492 68
6238589879 IMP  2074291 15
6238681846 Win  3178380 17
6238762007 IMP   711723 2
6238832825 IMP  1052435 5
6238842249 IMP  3803893 26
6238868526 Win  4651583 54
6239027836 IMP  3296122 39
6239062020 IMP  2269404 10
6239206785 IMP  1177695 5
6239378040 Intractable. 11123631 414
6239429115 IMP  6941961 92
6239675952 IMP   284062 2
6239852368 IMP   347529 1
6240098366 IMP  4215743 38
6240237744 IMP  3176349 19
6240423274 Intractable. 11816177 263
6240425210 IMP  9052633 225
6240595426 IMP  3141659 57
6240766410 IMP  4123466 33
6241064829 IMP  4776356 59
6241201758 Win   282906 0
6241295064 IMP   275893 1
6241410095 IMP  6167431 72
6241416246 IMP   348091 1
6241509248 IMP   477174 1
6241717702 Intractable. 13769099 419
6241717940 IMP   921498 3
6241782750 IMP  2771431 24
6241863512 Intractable. 11956531 243
6241993224 IMP  1577654 7
6242141144 IMP   375523 0
6242558040 IMP  3496314 22
6242597511 IMP  1314875 5
6242943485 IMP  3935725 33
6243010858 IMP  1949975 10
6243237746 IMP  2562775 36
6243400120 IMP  2597779 68
6243466467 IMP  4586681 32
6243619298 Intractable. 11216534 380
6243852175 IMP  1560396 6
6243855778 IMP  2345398 13
6244265076 Intractable. 13768075 325
6244311021 IMP  2620549 29
6244319869 IMP  1239094 9
6244621853 Intractable. 13090595 1035
6244962665 IMP  5826691 90
6244985307 IMP   532885 1
6244992566 IMP  3577548 54
6245063814 IMP  1046781 3
6245140997 Win  2240197 15
6245230452 IMP  2791628 17
6245388446 IMP  2433643 19
6245516289 IMP   939209 2
6245621777 Win 11396081 230
6245688549 IMP  1079563 4
6245845204 IMP  2292311 42
6245926402 IMP  1049954 6
6245955900 IMP   705390 3
6245962250 IMP  4826755 70
6246085428 Win  4292094 39
6246128873 IMP  1661722 24
6246379598 IMP  1628565 8
6246860781 IMP 10596328 160
6247037466 IMP  3897879 66
6247050822 Win  2892006 28
6247269659 IMP  1495106 6
6247491018 IMP  1206020 4
6247778638 IMP  1189725 4
6247859746 IMP  1704840 7
6247969239 IMP  2977690 28
6248077204 IMP  7617084 99
6248272299 Intractable. 12755712 373
6248328383 IMP  1397829 10
6248420987 IMP  1103717 4
6248487851 IMP 10947353 587
6248556372 Win  1932283 9
6248754037 IMP  2067864 22
6248985556 IMP  1106638 3
6249000749 IMP   575529 1
6249222671 IMP  5495440 82
6249226973 IMP  4547599 36
6249341308 IMP  7879059 161
6249364150 Intractable. 12285727 419
6249582672 IMP  1761470 5
6249844126 IMP  5456979 121
6249931382 Intractable. 11138928 386
Number of Freecells: 3   Mode: 

Winnables: 112
Impossibles: 952
Intractables: 135
Total time: 31 Hours, 44 Minutes, 3 Seconds
