7000199939 IMP   356075 1
7000221029 IMP  1555393 13
7000468968 IMP  3707142 47
7000485996 IMP  1069211 6
7000681710 IMP 11674012 239
7000869031 IMP  1711673 15
7001222266 Intractable. 12863886 611
7001290276 IMP  1436920 9
7001427859 Win  1649734 8
7001618191 IMP   787798 1
7001774697 IMP  1475491 8
7002144331 IMP   338175 1
7002187678 IMP  5575089 60
7002516296 Win   872675 3
7002592623 IMP   593710 3
7002599138 IMP   706899 2
7002746424 Intractable. 14925421 430
7003188543 IMP  9592255 176
7003340674 IMP  1182936 4
7003378818 IMP  3891753 35
7003910150 IMP   546221 2
7003971716 IMP 10480616 225
7004113817 Win  2689803 20
7004306279 IMP  2161081 14
7004449445 IMP  2616517 15
7004469676 Intractable. 13695103 338
7004796412 IMP  2886917 18
7004802788 IMP   715225 3
7005017416 IMP  8990997 889
7005146711 IMP   919311 3
7005282637 Win  5711637 88
7005329880 IMP  5245717 80
7005813887 Intractable. 13567731 485
7006303868 Win  8351548 159
7006408291 IMP  6369775 92
7006763094 IMP  6173320 68
7006845396 IMP  1237161 4
7007019084 Win  6799442 71
7007171621 IMP  3949091 25
7007663644 IMP 10059588 480
7008139092 IMP 11919739 341
7008263551 IMP  1895237 8
7008327957 IMP  2566528 20
7008427488 IMP  1835683 8
7008609625 IMP  1884452 11
7008864871 IMP   742296 2
7009063633 Intractable. 11340015 283
7009175801 IMP  1066179 4
7009327812 IMP  1953651 18
7009502625 IMP  4557687 45
7009843095 IMP  2603502 23
7010026757 Win    57321 0
7010169684 IMP  5190618 70
7010259159 IMP  3426417 42
7010430602 Win   286319 1
7010482510 Intractable. 12833367 743
7010666429 IMP   214679 0
7010728886 Intractable. 11464249 262
7011568429 IMP  4093217 35
7011671789 IMP   883445 2
7011770484 Win  2158015 8
7011791092 IMP  1081626 2
7011908861 Intractable. 14507395 521
7011941133 IMP  5542923 57
7012129764 Win  1015170 3
7012235100 IMP  1519465 6
7012320867 IMP   226636 1
7012403361 IMP  7113784 139
7012428982 Intractable. 13071237 652
7012463586 IMP  2852199 50
7012655823 IMP  1011915 6
7012789553 IMP  1133705 10
7012970388 IMP  2750624 22
7013075244 IMP  1482166 7
7013209867 IMP   548791 1
7013215727 IMP  8353262 251
7013401488 IMP   726033 2
7013971495 Intractable. 13237247 304
7014293417 IMP   782515 2
7014322475 IMP   499735 0
7014463371 IMP   883420 3
7014514744 IMP  2231911 8
7014759010 IMP  1242639 9
7014832730 IMP  6290081 131
7014841816 IMP  1945964 12
7015061020 IMP  8292039 152
7015145820 IMP  3396641 17
7015251027 IMP  1619312 8
7015398382 IMP  1256875 4
7015722108 Win   626418 2
7015726045 IMP  4771761 103
7016151014 Win  6112883 86
7016412857 IMP  1328986 3
7016539483 Win  1027018 3
7016831296 Win   319212 0
7016912020 IMP    22249 0
7017444644 IMP  2784024 15
7018069856 IMP  6739677 85
7018289767 IMP  1403223 8
7018832027 IMP   570826 2
7018907656 IMP  7797936 136
7019149044 IMP  1899022 9
7019163030 IMP  6274158 106
7019362534 IMP  2348294 11
7019641876 IMP  1019821 4
7019693304 IMP 11144810 212
7019750807 Win  1849362 5
7019814244 IMP  1659067 9
7019839932 IMP  1131274 6
7020186313 Win  4488929 37
7020199942 IMP  2116684 18
7020410756 IMP  4414745 68
7020993339 IMP   723986 2
7021457331 IMP  5934268 68
7021619882 IMP  7121757 169
7021917663 IMP  1887556 14
7021932952 Intractable. 13989826 605
7022053723 IMP  1132010 8
7022121555 IMP  3858164 25
7022185304 IMP   551404 1
7022257239 IMP   745063 5
7022708337 IMP 13175372 389
7022753066 Win  7942757 128
7022803578 IMP  1471829 5
7023810972 IMP  2666128 14
7024076895 Win  1028206 3
7024115744 IMP  1870706 8
7024309452 IMP  9918905 172
7024419810 IMP  1297894 4
7024620342 IMP  2759721 29
7025099182 IMP  2978656 48
7025123507 IMP  2898260 12
7025344925 IMP  2760219 27
7026251973 IMP  2247763 31
7026377650 Win  9860203 266
7026434388 IMP  2794685 17
7026444694 IMP  3736285 58
7026486079 IMP  3178533 17
7026553474 Win  1208437 4
7026718707 IMP  1193982 5
7026878095 IMP  8089436 130
7027460519 IMP  4555220 78
7027867478 IMP   513841 1
7028164110 IMP  2112120 22
7028184652 IMP   536157 1
7028272190 IMP  1148404 9
7028504044 IMP  3984633 36
7028692500 IMP  3290658 27
7028748558 IMP  1727403 9
7028822470 IMP  1592360 8
7029086311 IMP  5537629 67
7029193298 IMP  2863348 16
7029216904 Intractable. 13639344 271
7029304159 Win  3510630 23
7029427417 IMP  8584923 167
7029809041 IMP  2056582 9
7029934929 IMP   265341 0
7030405525 IMP  1754569 13
7030408571 IMP 10774909 234
7030826692 IMP   752816 1
7031168989 IMP    78713 1
7031241338 IMP  5861170 52
7031667075 Win   215866 0
7031874872 IMP  5091570 78
7031946574 IMP   424819 1
7032193135 IMP   855871 2
7032227419 IMP  2646220 19
7032475031 IMP  1917251 9
7032507159 IMP  2889682 39
7032533953 Intractable. 14552953 409
7032652781 IMP 11806729 301
7032813814 IMP  2123610 16
7033129184 Intractable. 13776564 542
7033575914 IMP  5370604 69
7033621335 IMP  1626853 9
7033664528 IMP  2528149 18
7033706563 Intractable. 12290105 376
7033849159 IMP  1041743 2
7034088534 IMP   661773 2
7034158987 IMP  1432039 5
7034306568 IMP  2202138 18
7034425461 IMP  1200509 6
7034430124 IMP  3613138 44
7034672597 IMP  1468059 6
7034801585 IMP  2409194 10
7035115924 Win   463823 1
7035119367 IMP   689036 3
7035163373 IMP  1206712 4
7035590498 IMP  3171670 18
7035601674 Win   936464 2
7035615043 IMP  8505983 305
7035663113 IMP  1491569 11
7035797651 IMP  2727695 16
7035821091 IMP   974886 4
7036167916 Intractable. 13054387 357
7036271979 IMP  9988376 226
7036291821 IMP  3394583 27
7036293021 Win  1718470 7
7036531189 IMP  2872721 14
7036707725 IMP  4311795 79
7036787615 IMP   578832 3
7036862482 IMP  6290013 81
7037172586 Intractable. 14502538 321
7037221913 IMP  1383245 3
7037413063 IMP  2426871 36
7037413725 IMP   806422 4
7037523673 IMP  2248185 10
7037657544 IMP  4069762 29
7037663149 IMP   395037 0
7037682430 IMP   745322 3
7037882818 IMP  3161566 32
7038002285 Intractable. 13348927 259
7038083793 IMP   962754 3
7038351049 IMP   663786 2
7038413117 IMP  3969271 50
7038482056 IMP  6613574 81
7038682603 IMP  4295240 28
7038992419 IMP   693383 2
7039111013 IMP  2851949 19
7039419780 IMP  8943485 98
7039564380 IMP  3459354 32
7039643935 IMP  3925523 42
7039766789 IMP  2698482 31
7039874201 IMP 10473688 208
7040179813 IMP  1854200 8
7040259203 Intractable. 12728068 678
7040600891 Intractable. 14081554 320
7040621357 IMP  1919109 12
7040806406 IMP   448180 0
7040979061 IMP  1682305 6
7040991965 IMP  9706020 192
7041001865 IMP  2224832 11
7041209225 IMP  6546096 104
7041327412 IMP  2920947 30
7041447965 IMP   276864 1
7041567873 IMP  2483781 12
7041643084 IMP  1600508 37
7041759152 IMP  1841862 10
7041953197 IMP  5106251 245
7042399654 IMP  1363135 4
7042672291 IMP  3846115 29
7042699230 IMP  1755215 6
7042778983 IMP   876478 2
7042936050 IMP  8324053 195
7043155260 IMP 12611821 359
7043249817 IMP  6825292 167
7043354828 IMP  1128886 4
7043451981 IMP   456955 1
7043467675 IMP  2588005 20
7043595363 IMP   246194 0
7043617750 IMP  7388009 93
7043671240 IMP  5822074 94
7043768634 IMP  1448511 4
7043819162 Win  3070753 17
7043822665 IMP  5871668 69
7043905629 IMP  4404886 75
7043907685 Intractable. 12263421 499
7043910975 IMP  1336425 5
7043947621 IMP   569518 5
7044064492 Intractable. 12203281 424
7044217704 Intractable. 11521512 300
7044389159 IMP  7861406 106
7044642491 IMP  1743345 12
7044661803 IMP   276282 1
7044692955 IMP  2572845 17
7044884008 IMP  1864963 6
7044926923 IMP  2035944 20
7045019127 IMP  2249204 16
7045061746 Win 12000272 333
7045179949 IMP  1739699 6
7045324284 IMP  2999934 27
7045444234 IMP   648925 2
7045700269 IMP  1606925 7
7045778817 IMP  7443216 131
7045893538 IMP  3001953 15
7045990663 IMP  1469590 5
7046026711 IMP  1528463 7
7046462828 IMP  1285815 4
7047086613 Intractable. 14595700 372
7047141372 IMP  4240765 40
7047530152 IMP   523113 2
7047678021 IMP  9616628 192
7047947606 IMP  2247553 9
7048104929 IMP  1198210 7
7048181877 IMP  4693628 64
7048187995 IMP   971970 2
7048399152 IMP   545507 1
7048570759 Intractable. 14579718 361
7048835063 Intractable. 12061112 620
7048839386 IMP  4038808 60
7049083096 IMP 11301054 302
7049089760 IMP  1438917 6
7049171323 Intractable. 14536993 388
7049449739 IMP  4601608 46
7049467111 IMP  8695531 182
7049493275 IMP  2878682 15
7049582079 IMP  8630177 169
7049610390 IMP  6189212 76
7049807816 IMP  2103972 11
7049981314 Intractable. 12658095 427
7050791401 IMP   756734 2
7052540353 Intractable. 13251263 277
7052556556 Intractable. 12120610 302
7053491203 IMP  6375693 153
7053651369 IMP  5304774 77
7054926846 Intractable. 12372668 521
7055188702 IMP  6010085 80
7056566226 IMP   330448 1
7058168037 IMP  2025966 19
7058406691 IMP  5017105 48
7059448786 IMP 10173884 140
7060035776 Win  1355344 6
7060058961 IMP  1950644 19
7060136105 Win  5577201 151
7060802925 IMP  6549579 75
7061143670 IMP   801325 2
7061306213 IMP   205821 1
7061583450 IMP  1749867 11
7061933974 IMP   843721 2
7062040921 IMP  1965659 10
7062091011 Intractable. 13513518 349
7062247342 IMP  4177280 79
7062811228 Win  4631723 30
7062970237 IMP  1236601 7
7062972980 IMP  6228670 49
7063235111 IMP  1327495 5
7063352216 Intractable. 12476495 288
7063450507 IMP  1552726 5
7063457018 IMP   713294 2
7063558419 IMP  2325026 32
7063569586 IMP  1134667 3
7064042056 IMP  1158713 4
7064065675 IMP   862022 2
7064573620 IMP  2053551 12
7064822212 IMP  5370096 52
7065257332 IMP  4889576 50
7065277592 IMP  1190792 4
7065375763 IMP  2474697 12
7065464015 Win  2218316 12
7065850427 IMP   953336 8
7065916041 Intractable. 12391007 347
7065928823 IMP  6610253 85
7066020664 IMP  1129991 10
7066074555 IMP  3256010 23
7066407815 IMP   945021 3
7066583258 IMP  3633616 57
7066588583 IMP  2124309 13
7066845816 IMP  5205566 36
7066911260 IMP   907211 3
7067325448 IMP  9281244 169
7067382036 IMP   934382 3
7067509959 IMP  5061903 108
7067586420 IMP  1175392 7
7067619550 Win  5493670 60
7068064774 IMP  4585523 101
7068347309 IMP  3056165 36
7068574375 IMP  1944002 7
7068810388 Intractable. 13524717 366
7068952546 Win  2587076 12
7069347368 IMP  1065060 5
7069872986 IMP 10235015 201
7069914387 Win  7702188 99
7070011344 IMP  7058186 147
7070036560 IMP  7177421 134
7070832368 IMP  2241915 12
7070837788 IMP  1746185 14
7070951125 IMP   526624 1
7071352741 IMP  1012160 15
7071367276 IMP  1247151 6
7071433674 IMP   787351 4
7071482346 IMP  3371678 33
7071586391 IMP  6467452 59
7071754951 Intractable. 13159840 414
7071812479 IMP  3254713 19
7071979455 IMP  2072457 16
7072340460 IMP   780329 2
7072476418 IMP  6527499 78
7072569824 IMP  1622234 8
7072689013 IMP  4760878 42
7073018729 IMP  3034912 36
7073095214 IMP  4725206 46
7073203879 IMP  3752800 19
7073790795 IMP  1961756 9
7073925312 IMP  3179628 19
7073954234 IMP  1372712 5
7074031800 IMP  3870604 122
7074073281 IMP 10290256 189
7074265941 IMP  1792514 14
7074489047 IMP   176639 0
7074539708 IMP  1118919 3
7074578948 IMP  4144071 74
7074977993 IMP   469636 1
7074992692 IMP  2177638 12
7075004318 IMP  3830617 39
7075175779 IMP  1243639 4
7075307612 IMP  2060069 9
7075327666 IMP  1663128 8
7075394675 IMP   747965 2
7076236028 IMP  2818974 21
7076270671 IMP  5646120 82
7076489799 IMP  1098632 5
7076617389 IMP  1910126 7
7076675950 IMP  2108178 11
7076849358 Win  2190935 14
7076862845 IMP  3525865 41
7077016592 IMP  6801477 114
7077099256 Intractable. 12718064 272
7077142208 Win  6927299 144
7077176726 IMP  2382046 15
7077192144 IMP  2005224 10
7077353856 IMP   966258 3
7077364803 IMP  4159881 79
7077371808 IMP  2495188 46
7077397981 IMP  1652044 5
7077443675 IMP   874425 3
7077484321 IMP  4234405 77
7077682913 IMP  5177465 53
7077909344 IMP   802826 2
7077962071 Win  6959474 137
7077979937 IMP   150391 0
7078005020 IMP  7169831 117
7078019730 IMP  1347793 6
7078058990 IMP  1645722 5
7078118186 IMP  6344081 142
7078125655 IMP  1908752 8
7078127219 IMP  1692447 12
7078373999 IMP  1786341 26
7078497631 Win  7711113 88
7078527171 IMP   932415 5
7078795381 IMP  9101577 195
7078865307 IMP  2263125 19
7078913918 IMP  1694048 11
7078930844 IMP   380298 1
7079096428 IMP  3097295 28
7079393901 IMP  4840932 54
7079535582 IMP  6526859 84
7079789248 IMP  6088241 113
7079880123 IMP  9219138 169
7079975703 IMP   769179 2
7080108762 IMP  3425152 37
7080118887 IMP  1137474 4
7080309849 IMP  4062639 39
7080321835 IMP  2219274 15
7080338491 IMP   888822 3
7080494455 IMP  7526440 188
7080496932 IMP 13905154 264
7080542610 IMP   113489 0
7081297592 IMP  2107693 8
7081349881 IMP   444750 1
7081440949 IMP  1265685 8
7081481182 IMP  2872997 18
7081525486 IMP  2231777 16
7081778786 Win   952212 4
7081990880 IMP  6219749 129
7082329297 IMP  2946046 30
7082457306 IMP  1919436 42
7082531058 IMP  1111105 2
7082551632 IMP  2296467 12
7082744892 IMP   639420 3
7082865550 IMP  6431754 80
7083026663 IMP  7709899 318
7083149939 Win  1311042 3
7083413823 IMP  4707710 50
7083428418 Win  1170020 4
7083511097 IMP  6115940 81
7083560788 IMP   614118 2
7083733118 Intractable. 12924254 462
7083791773 IMP  5514851 198
7084335480 IMP  5537434 54
7084358568 IMP  1692519 8
7084382337 IMP   397950 2
7084389873 IMP  3402665 25
7084859938 IMP  2351294 9
7085115142 IMP  5735054 53
7085221369 IMP  2064428 7
7085256562 IMP  3206015 31
7085778923 IMP  9030161 180
7085789026 IMP  5307332 41
7085801115 IMP  1718823 6
7085901673 IMP  5592302 72
7085981091 IMP  6079002 69
7086046701 Intractable. 14237908 417
7086469924 IMP  8675364 138
7086565908 IMP  2890976 19
7087204133 IMP  5754351 310
7087734306 Win  2833490 16
7087817127 IMP  1397805 3
7088260896 Win   851201 2
7088443085 IMP  1155019 7
7088642054 IMP  6524450 170
7088712587 IMP  3547856 32
7088823813 Win  1139641 2
7088868718 IMP  1323142 9
7088912061 IMP  2090837 16
7089069063 IMP  3596960 42
7089139186 IMP  3502139 30
7089443381 IMP  1388649 8
7089567615 IMP   636616 1
7089654323 IMP  4333517 72
7089956138 IMP  1974539 14
7090362592 IMP  3761759 24
7090382109 Intractable. 12515557 388
7090550707 IMP   531175 2
7090597125 Win   299590 0
7090633436 IMP  1506946 10
7090720247 IMP  1255673 7
7090830630 IMP  4598067 92
7091039344 IMP  2095813 15
7091088447 IMP  1803653 8
7091108394 IMP  3961463 25
7091146601 IMP  1948766 9
7091531920 IMP  1224204 6
7091743022 IMP   983361 6
7091801562 IMP  2114744 11
7092232762 Intractable. 16006107 343
7092419209 IMP  4233768 38
7092464916 IMP  3849137 40
7092499602 IMP  2320518 10
7092581829 IMP  3329791 38
7092618805 IMP  3406384 21
7092698036 Win   880685 2
7092729917 IMP  8181496 254
7093136334 IMP  1976525 7
7093251529 IMP  4912688 52
7093331425 IMP  3711962 20
7093413406 IMP  7854213 123
7093636057 IMP  2120390 9
7093673269 IMP  2512539 15
7093773902 IMP  7409420 121
7093778546 IMP  6953063 181
7093912011 IMP   996054 3
7093913126 IMP  7177473 74
7094041969 IMP  4091774 31
7094563929 IMP  4802785 116
7094654021 IMP  2294495 38
7094656389 IMP  3153253 21
7094708906 IMP   749434 2
7094948188 IMP  1718064 15
7094997607 IMP  1755053 13
7095105631 IMP   539268 7
7095111286 Win  2334322 15
7095540516 IMP  6501411 133
7095733951 IMP  2583305 15
7095919975 IMP  1632365 6
7096759968 Intractable. 12764887 535
7096836649 IMP  3873732 24
7096855223 IMP  2762206 16
7096870669 IMP  8442411 122
7096911523 IMP  1283553 6
7096919786 IMP  1918185 10
7096955953 IMP  2712617 26
7097641147 IMP  2351303 11
7097852277 IMP  3689403 28
7097881771 IMP  7269662 126
7097980592 Intractable. 14615208 672
7098670688 IMP  5132316 96
7099054041 IMP  1068627 5
7099084248 IMP  6378713 74
7099314364 IMP  4427085 38
7099545655 Intractable. 12672514 387
7099552019 IMP  1373296 5
7099570378 IMP  4733933 109
7099603654 Win  5750604 45
7099653338 Win  2304701 11
7099682763 IMP  1171673 7
7099926196 Intractable. 12465511 466
7100079012 Win  5765323 82
7100237283 IMP  1072370 3
7100289980 IMP  2735053 30
7100297889 Intractable. 15797301 508
7100317118 Intractable. 12916951 708
7100506302 IMP  6239204 77
7100568012 IMP  1465830 6
7100983397 Intractable. 11646959 318
7101065411 IMP  1434891 6
7101139963 IMP  2019995 22
7101210197 Intractable. 12586776 346
7101258811 IMP  2995148 37
7101373389 IMP  1687060 7
7101515066 IMP  4886865 31
7101566783 IMP   899308 2
7101583956 IMP  3471817 32
7101838972 IMP  6025176 54
7102095283 IMP  1029684 2
7102156977 IMP  3648627 77
7102229693 IMP  1845114 10
7102236546 IMP  4274082 68
7102330368 IMP  1669279 13
7102405274 IMP  1808766 12
7102753546 IMP  4360748 42
7102821351 IMP   852986 2
7102864149 Intractable. 12285345 398
7102888165 IMP  1763932 13
7103483642 IMP  2042824 7
7104027254 IMP   474022 0
7104376362 IMP  2522086 10
7104751835 Intractable. 13001814 410
7105038951 IMP  1110682 16
7105049748 IMP   726566 2
7105470057 Win  5435591 48
7105519955 IMP  4653548 71
7105584367 IMP  7649903 321
7105686560 IMP   926651 3
7105839293 IMP  1650369 7
7106220969 IMP  4010092 38
7106294341 IMP   691278 1
7106327916 Win  6167130 75
7106375268 IMP  4465917 80
7107055797 IMP  2899164 23
7107537281 Intractable. 13873709 345
7107610907 IMP  4987149 42
7107618780 IMP  3524947 39
7107818258 IMP  4335287 58
7108187933 Win  5372172 42
7108349989 IMP   309683 1
7108511820 IMP  8024915 147
7108660406 IMP    37268 0
7108823236 IMP  1394514 8
7108870055 IMP  4671124 78
7108886539 Win  6946969 100
7109046649 IMP  1503229 5
7109136730 IMP  2695322 32
7109192565 IMP   895853 2
7109296397 Intractable. 13032777 372
7109531641 IMP   877455 4
7109686547 Win  5216676 55
7109707501 IMP  4758141 58
7109718366 IMP  2774942 20
7109938612 Win  1440523 5
7110188176 IMP  1568060 6
7110190670 IMP  2176169 19
7110203431 IMP  4835079 51
7110676380 IMP 11886551 256
7110766259 Intractable. 14043555 339
7110767582 IMP   705665 2
7111035605 IMP  5285236 47
7111646222 Win  8503316 137
7111647381 IMP  8440956 185
7111989076 IMP  5609442 64
7112348356 IMP  1854683 14
7112414846 IMP   461900 1
7112767434 IMP  1309581 13
7113018613 Win   622577 1
7113085788 IMP 10921579 287
7113122998 IMP  3821037 81
7113198245 IMP  2031931 13
7113399889 Win  1173569 4
7113587336 IMP  1143275 4
7113636040 Intractable. 14152577 311
7113974921 Intractable. 12347980 299
7113976067 IMP 14904464 498
7114230252 IMP  2629518 16
7114474959 Win   920298 2
7114579256 Intractable. 13407365 825
7114638728 IMP  4416855 65
7114792360 IMP   915143 3
7114841342 IMP  1501861 6
7115103206 IMP  2150058 12
7115153672 IMP  6628709 80
7116347848 IMP  8880907 186
7116548341 IMP  3720867 18
7116583557 IMP  3494350 36
7116657222 IMP  7183889 105
7116702229 IMP  2698078 48
7116808237 IMP  6397316 112
7117050509 IMP   774497 1
7117195366 IMP  1340064 6
7117424268 IMP  7537477 159
7117589083 IMP  1107202 3
7117711989 IMP  2740870 14
7117752957 IMP  2271846 9
7117889848 Win  3326769 16
7117934884 IMP  3439892 39
7117943135 IMP  4928069 86
7118048592 IMP  1954269 7
7118099138 IMP  2660920 22
7118163544 Intractable. 11265031 416
7118218383 IMP  2189596 10
7118514125 Intractable. 12484298 583
7118721650 IMP   784114 2
7119070391 IMP  2189187 23
7119228150 IMP 10549165 223
7119866406 IMP  1175942 11
7119905843 IMP  2856525 25
7120016198 Intractable. 11418878 445
7120038650 IMP  3109789 30
7120178969 IMP  8752108 145
7120330978 IMP  4085616 90
7120449927 IMP  2327865 8
7120739363 Win   618323 2
7120820192 IMP  1994504 12
7120876234 IMP  2998808 45
7121171732 IMP   549637 1
7121694377 IMP  7260106 115
7122291164 IMP   302064 1
7122382589 IMP  6810530 80
7122571329 IMP  1085165 5
7122575059 Intractable. 11460482 490
7123106183 IMP  4484990 60
7123220248 IMP   807603 1
7123337361 IMP  2798748 26
7123486827 Win  2906181 23
7123501033 IMP  3199334 31
7123711946 IMP  6164367 78
7123756563 Win  4050812 36
7124265301 IMP  6892625 75
7124520025 IMP  9383150 395
7124682128 IMP  1957553 6
7125156007 Intractable. 13835543 516
7125406342 IMP  3265890 27
7125444929 IMP  2508938 14
7125585204 IMP  1292008 4
7125737918 IMP  6317557 179
7125888288 IMP  5502648 96
7125951202 Intractable. 12153431 285
7126180447 IMP  8461643 184
7126612965 IMP  3907601 44
7126724482 IMP  1587555 6
7126930672 IMP  5277447 111
7127217473 IMP  1850640 67
7127398476 IMP  4077485 125
7127780622 IMP   836932 2
7127877731 IMP  6954378 144
7128142517 IMP    94520 0
7128194611 IMP  1575500 6
7128749447 IMP   585022 2
7128790166 IMP   783915 6
7128918108 IMP  1983148 16
7129288063 IMP   597938 1
7129352568 IMP   825343 3
7129357947 IMP  6137926 64
7129419346 IMP  1462862 6
7130256572 Win  7311290 122
7130356311 Win    44497 0
7130449824 IMP  1589164 7
7130563137 IMP   587934 1
7130692901 IMP  1508919 8
7130989727 IMP  2845082 20
7131173790 Intractable. 11924707 298
7131289261 IMP  2450906 18
7131343638 IMP  2116631 15
7131371700 IMP  2395208 9
7131411226 IMP  8958968 158
7131526221 Intractable. 12703958 517
7131621648 IMP   173145 0
7131672590 IMP  4037841 26
7131755857 IMP  2224657 19
7132039943 IMP  2072575 12
7132475303 Win   274627 1
7132563726 IMP  2076660 30
7132664787 Win   954671 2
7132759959 IMP  1322254 6
7132842882 Intractable. 15193483 343
7132987656 Win 10293762 227
7133422878 IMP  7535268 147
7134006932 IMP  2236440 26
7134425879 IMP  3678690 87
7134432561 IMP  2276854 12
7134700352 IMP  5651408 63
7134757863 IMP   504084 1
7135307481 IMP  7644869 106
7135809624 IMP  1936682 7
7135818157 IMP  2259371 12
7135942907 IMP   134216 1
7136119362 IMP  3529853 29
7136149730 IMP  2083453 14
7136362696 Win  1025345 2
7136582767 IMP  4208944 60
7136596214 IMP    13712 0
7136904148 IMP   902945 3
7137246000 IMP  2029048 23
7137269680 IMP  2548420 17
7137310367 Intractable. 11167751 302
7137583585 IMP  2694838 17
7137619218 Win   898800 2
7137629912 IMP   729036 2
7137700004 IMP   626345 2
7137782816 IMP  1240250 4
7137971549 IMP  1788157 7
7138074026 IMP   537962 2
7138128209 IMP  1453159 13
7138180807 IMP   987366 2
7138535029 IMP  1194071 9
7138730355 Intractable. 12917145 534
7139026199 IMP  5690690 71
7139027438 Intractable. 13423109 345
7139166192 IMP  3198223 32
7139624186 IMP  1227571 4
7139650126 IMP  1758142 10
7139668202 IMP  5094248 56
7139696691 IMP  2100333 12
7139741379 IMP  3819149 28
7139890388 IMP  2623304 23
7139922865 IMP   827277 4
7140280047 IMP  1137555 4
7140350708 IMP  7625875 110
7140414694 IMP  1222339 7
7140568299 IMP  1369634 7
7140728628 IMP  1378644 3
7140770038 Intractable. 14496910 311
7141094993 Intractable. 14436450 450
7141367832 IMP  2713485 18
7141954358 IMP  4318602 64
7142077441 IMP  2548797 25
7142317931 IMP   859495 1
7142899536 IMP  3464514 45
7142925971 IMP  6414266 126
7142964591 IMP  5790987 87
7143067145 IMP 12874501 215
7143116962 IMP  1665181 17
7143434824 Intractable. 13902818 356
7143485839 IMP  1334676 6
7143539526 IMP  5415534 36
7143541069 Win  5422936 68
7143558806 IMP  5861895 48
7143678750 IMP  1303512 4
7143700086 IMP   678712 2
7143957856 IMP  1108161 5
7144056353 IMP  2959090 17
7144110758 IMP  1855808 31
7144238158 IMP  2754390 18
7144402791 IMP  5354439 167
7144491732 IMP  4839376 88
7144507522 Win  8748890 207
7144592323 IMP 11171933 343
7144699683 IMP   812851 3
7144789223 IMP  4180821 72
7144881907 IMP  2302724 30
7144999705 IMP  2919164 30
7145287790 IMP   413518 1
7145364592 Win  7868137 101
7145469953 IMP  1693387 12
7145505084 IMP  3540963 76
7145912264 IMP   861687 3
7146064587 Intractable. 11748088 700
7146128296 Win   366708 0
7146681919 IMP  2385594 18
7146688087 IMP  1165837 11
7146841220 IMP  3771500 34
7146852731 IMP  1690715 6
7146997234 IMP  4742264 72
7147023506 Win   325892 1
7147038137 Win  8962467 184
7147078499 IMP   718656 2
7147129656 IMP  6834761 90
7147208232 IMP  7141165 74
7147547494 Intractable. 11366357 251
7147595361 IMP  5952542 59
7147971072 IMP   494057 1
7148014107 IMP  2593836 25
7148185821 IMP  6216581 88
7148220806 Win   825251 3
7148496443 IMP   699932 2
7148576496 Intractable. 11935293 361
7148694608 Win  1891176 15
7148760082 IMP  2644364 27
7148918380 IMP  1964955 15
7149004023 IMP  2854956 46
7149059148 IMP  2507309 11
7149336432 IMP  2923746 22
7149638202 IMP  2423705 27
7149875866 IMP  2152775 12
7149925331 Win  1848827 7
7149991588 Win   282856 1
7150034836 IMP  1433941 15
7150666261 IMP   259957 0
7150917212 IMP  3760122 35
7150927002 IMP   221253 0
7151108126 IMP  9687400 308
7151228230 IMP  5672699 82
7151253420 IMP  3043487 28
7151441119 IMP  1607068 6
7151669758 Win    71046 0
7152027887 IMP  5446568 63
7152091000 IMP  3324972 21
7152133416 IMP  8974715 469
7152410264 Intractable. 13305734 351
7152505069 Win   879438 2
7152698074 IMP   569063 1
7153012152 Intractable. 13884717 342
7153092684 IMP  2080676 9
7153352734 Win 10872468 229
7153448721 IMP  2777440 33
7153468817 IMP  1211862 3
7153678980 IMP  4375046 42
7153681238 IMP   530147 1
7153730482 IMP  2261978 21
7153777297 IMP  2710029 15
7153970622 IMP  2956092 19
7154029420 IMP  1049166 2
7154030383 IMP  5064494 87
7154052195 Win   572121 1
7154105452 Intractable. 11431499 359
7154110877 IMP  2958837 13
7154283785 Intractable. 13776092 473
7154623334 Win   424436 1
7154799713 IMP  1348191 11
7154887917 IMP 11084722 340
7154929490 Win   591128 1
7155315625 IMP 15040925 528
7155370821 IMP  1501469 6
7155441937 IMP  1607331 5
7155496633 IMP  5607612 82
7155610386 IMP   818967 2
7156221796 IMP  7246428 123
7156594085 IMP  1498352 6
7156626065 IMP  8241974 120
7156659140 IMP  1597241 6
7156901318 IMP  3252196 47
7157119698 IMP 10392863 201
7157198239 IMP  7289228 277
7157581443 IMP  2378940 13
7157597041 Intractable. 15012862 407
7157652816 IMP  2208602 14
7158157251 IMP  2692304 19
7158222537 IMP  1774641 10
7158494899 IMP  3201548 68
7158782880 IMP  5740286 86
7158799295 IMP  1406198 13
7158833018 IMP  4313819 80
7158835298 Intractable. 13089587 284
7158926368 IMP  1977338 9
7158967541 IMP  2739286 20
7158988817 IMP  8071109 168
7159096043 IMP  1684098 8
7159442590 Intractable. 13589102 353
7159590931 IMP  1187077 3
7159645151 IMP 12762212 529
7160076827 IMP  6306074 111
7160357056 IMP  4063534 35
7160385634 IMP  1279573 3
7160427375 IMP  5467517 147
7160522306 Intractable. 13045820 365
7160757361 IMP  1659004 12
7160848817 IMP  5260044 40
7161186862 Win  2117680 18
7161612986 IMP  2746595 31
7161767787 IMP  3871218 55
7161800309 IMP  1571223 5
7161853608 IMP  2428472 14
7161902780 IMP  1281019 20
7161971847 IMP   493318 2
7162035773 Win  1652030 7
7162267409 IMP   185017 0
7162570814 IMP  1277519 10
7162782548 IMP  1654864 18
7162795858 Win   425381 1
7162837536 Intractable. 12305328 696
7162955931 IMP  2222282 23
7163004014 IMP  5372584 70
7163096505 IMP  1067539 3
7163389071 IMP  4644651 94
7163520136 Intractable. 11202571 312
7163732378 IMP  5984870 106
7163758086 IMP  5549473 98
7163759675 Win  2569426 14
7163904651 IMP  3610901 96
7163926186 IMP  2763862 23
7164627974 IMP  8125621 126
7164785169 IMP  1748017 16
7164896091 Intractable. 10932767 348
7165136044 IMP  2132329 47
7165153576 IMP  1873678 9
7165278835 IMP  1236765 6
7165293576 Intractable. 12396583 329
7165428403 Win   147290 1
7165480644 IMP  6555091 160
7165612742 IMP  6716387 148
7166411140 IMP  1037069 2
7166412863 IMP  2196964 22
7166416048 IMP  2889779 27
7166456158 IMP  1870634 6
7167071208 IMP  5327843 76
7167202440 IMP   960137 2
7167253936 IMP  1567033 7
7167595669 IMP  5074489 68
7167865197 IMP  1879613 10
7168200554 Intractable. 12669664 321
7168255640 IMP    62444 0
7168325752 IMP  2427302 22
7168342713 IMP  2874174 16
7168343498 Win 10709905 259
7168920064 IMP  5761280 54
7168975340 IMP  2530819 11
7169075482 IMP  3003465 17
7169750895 IMP  4879407 40
7169813742 IMP  1665380 14
7170140817 IMP  1542210 14
7170279667 IMP  1906997 9
7170293806 IMP  8568643 275
7170353351 IMP  3713764 122
7170464487 IMP  1735786 7
7171355495 Win   997263 2
7171401417 IMP   883877 2
7171691185 IMP  2026221 21
7171713064 IMP  1525735 12
7171748231 IMP  1682238 11
7171796510 IMP  7050675 88
7171855400 IMP  8214752 114
7172023767 IMP   749699 1
7172423752 IMP  2257885 11
7172464526 IMP  4922540 51
7172487837 IMP  1082959 3
7172958631 IMP  2938484 25
7172969894 IMP   256757 0
7173005305 IMP  4512429 52
7173186798 IMP  1953565 10
7173224586 IMP  9639820 319
7173316315 IMP   712156 1
7173606336 IMP   764345 3
7173798790 IMP  1303933 5
7173950389 IMP   465693 2
7174022004 IMP  4391344 31
7174070827 IMP   602046 1
7174119684 IMP  2823610 23
7174147622 IMP   690055 1
7174148459 IMP  1199002 5
7174339771 IMP  2467130 31
7174348893 IMP   479752 3
7174471756 IMP  1261699 5
7174601305 IMP    79171 0
7174846378 IMP   994905 12
7174874680 IMP  2149648 12
7175161064 Intractable. 13579749 1000
7175410998 IMP  6186220 91
7176186836 IMP   770516 3
7176219915 IMP  1096149 3
7176277061 IMP 10326085 134
7176416649 IMP  3478717 25
7176594077 Intractable. 12290459 1153
7176640685 IMP  1209549 5
7176645799 IMP  3806680 26
7176722715 IMP  3265844 41
7177273229 Intractable. 15322538 324
7177397983 IMP  2085795 10
7177403984 IMP   353528 0
7177430995 IMP   906822 5
7177561989 IMP  2134875 14
7177896927 IMP  5389947 84
7178254373 IMP  1839467 8
7178254654 IMP  1821407 11
7178538572 Intractable. 11741923 252
7178824903 IMP  2816083 24
7179093031 IMP  3218042 18
7179461931 IMP  1878469 10
7179838050 IMP  2228001 11
7180148231 IMP  1556888 7
7180259037 IMP  4308220 34
7180745315 IMP  7927528 99
7180832084 IMP  1951144 29
7181039165 IMP  1936166 16
7181095132 Win  2695356 28
7181216227 IMP  2597783 15
7181256321 IMP  1396551 4
7181365270 IMP  4836304 57
7181694436 IMP  3068296 26
7181864690 IMP  3672049 25
7181887626 IMP  2774841 20
7182210558 Intractable. 13430592 458
7182253257 IMP  6624885 88
7183433177 IMP  1458407 7
7183510705 IMP  2617189 21
7183706780 IMP  1403118 9
7184023834 IMP  5059285 88
7184059963 IMP  3994086 33
7184160665 Intractable. 13770200 336
7184210029 IMP  5166062 36
7184489262 IMP  4466709 42
7184722389 IMP   991254 3
7185240326 Intractable. 12124601 487
7185484816 IMP  7300136 269
7185488248 IMP  7429126 212
7185561253 IMP  1824511 5
7185934547 IMP  1189685 3
7185950875 Win   889814 3
7186122186 IMP  1341689 9
7186150945 Intractable. 10795183 308
7186196715 Intractable. 13276079 649
7186440867 IMP   977861 2
7186484838 IMP  2261866 13
7186485182 IMP  2124589 11
7186966618 IMP  2048934 6
7187003733 IMP  7414542 379
7187257001 Win  1782515 8
7187580578 IMP  2782196 12
7187700416 IMP  1570128 24
7187817658 IMP  1512914 5
7187837477 IMP  5072837 64
7188340613 IMP  1109524 4
7188457248 IMP  2193368 10
7188500867 IMP  3579704 39
7188556404 IMP  5797047 141
7188606216 IMP   989670 4
7188851235 Win  1648428 5
7189699965 Intractable. 11761889 293
7189904673 IMP  1790766 14
7190107238 IMP  3370562 29
7190178046 Win  2050516 9
7190398749 IMP  3599285 31
7190515927 IMP  1345145 18
7190694444 IMP  2123212 9
7190786936 IMP  2445837 15
7190787401 IMP  4758320 50
7191315848 IMP  7904339 126
7191380024 IMP  2327775 12
7191433396 IMP  1180061 4
7191676133 IMP  6600303 99
7192116354 IMP   512047 2
7192602743 IMP  5717084 104
7192628192 IMP  3387545 27
7192710049 IMP  2049756 21
7192780653 Win  1323658 5
7192920714 IMP   614044 1
7193231490 IMP  1334384 10
7193333293 IMP   595887 2
7193424661 Intractable. 12857031 533
7193464921 IMP  1150161 4
7193752836 IMP  2466821 11
7193801139 IMP   708495 3
7193919286 IMP  6199918 97
7194033860 Win  4126837 27
7194090231 Intractable. 13312826 348
7194139805 IMP  3383022 28
7194217768 IMP  1848422 14
7194539375 IMP   861519 2
7194894751 IMP  7617468 128
7195006121 IMP  2224891 15
7195014784 IMP 12670387 332
7195057395 IMP  5608887 61
7195252916 Win  2432330 14
7195310868 IMP  3089118 17
7195311575 IMP  7321120 189
7195323171 IMP  5078209 74
7195546295 IMP  3303168 23
7195833096 IMP   459370 2
7196151828 IMP  2456696 10
7196206936 IMP   944817 2
7196567415 IMP  5828855 264
7196608484 IMP  1960025 33
7196900779 IMP  2815540 28
7197179916 IMP  2111402 11
7197188036 IMP  1874985 14
7197425921 IMP  7597525 106
7197504284 Intractable. 14461482 363
7197703761 IMP  2529218 15
7197810732 Intractable. 11312863 309
7197829147 IMP  1591669 5
7198105315 IMP  1527160 16
7198193920 IMP  2590623 15
7198675588 IMP  1975294 12
7198847643 Intractable. 12866361 400
7199068519 IMP   653347 3
7199091374 IMP  3371466 21
7199179855 IMP  1902362 9
7199270104 IMP  1243406 3
7199343648 IMP  2599034 13
7199911397 Intractable. 13175532 270
7199979549 Win  1677370 6
7199994873 IMP  5867550 118
7200165122 IMP  2403514 18
7200238967 IMP  1644570 10
7200830027 IMP  6824707 108
7201352163 Win   910970 2
7201670507 Intractable. 14641236 562
7201941998 IMP  1697275 13
7201946660 Intractable. 13445212 394
7201996499 IMP  2736004 41
7201998710 IMP  1346369 12
7202383599 IMP  3472648 25
7202442927 IMP  2156397 16
7202885456 IMP  5626479 75
7203208287 IMP  2983402 22
7203272751 IMP  1750161 8
7203462120 Win  4582901 37
7203575267 IMP  1244165 13
7203605123 IMP  1632690 7
7203893899 IMP  3174351 51
7203896505 IMP  1137055 3
7203938420 IMP  1873165 6
7204022062 IMP 13048218 650
7204294083 Intractable. 12496374 307
7204473569 IMP  2738418 59
7204487230 IMP  1648361 11
7204530041 IMP  2707047 11
7204532399 IMP  4433662 38
7204566188 IMP  2250378 11
7204779483 IMP  4965104 96
7205067446 IMP  5921162 66
7205372753 Intractable. 11549445 435
7205455714 IMP  7045551 87
7205725718 Win  2959966 13
7205836145 IMP   838217 3
7205846410 IMP  1311447 7
7206065187 IMP   717631 2
7206283195 Intractable. 11492722 397
7206367021 IMP  2582747 31
7206400253 IMP  1716069 9
7206511029 Win  2520408 9
7206565687 IMP  3593892 25
7207264604 IMP  2605798 22
7207380730 IMP   780428 1
7207395701 IMP   560785 1
7208081630 IMP  1539199 5
7208594278 IMP 11150436 307
7208759474 Intractable. 12728285 590
7208868089 IMP  5212495 85
7209011100 IMP  1243493 7
7209047074 IMP  1036023 8
7209343424 IMP   695095 1
7209350780 Intractable. 13504105 544
7209499798 Intractable. 14284101 363
7209865139 IMP  5302729 50
7210028890 IMP  2159902 9
7210272827 IMP  2633331 24
7210367068 IMP  2120836 14
7210375369 IMP  4143416 36
7210505318 IMP  2152643 34
7210748006 IMP  6604030 105
7211098887 IMP   999290 3
7211115070 Intractable. 13994126 516
7211122011 IMP  5866649 103
7211503054 IMP  2143717 7
7211772361 IMP  7139149 101
7212037092 IMP  1492841 8
7212565089 IMP   537718 1
7212768526 Intractable. 14743059 415
7213172463 IMP  3388864 22
7213337858 Win   175866 1
7213963053 IMP  1380582 5
7214104197 IMP  2156756 18
7214126543 IMP 11161485 736
7214445467 IMP  3636681 24
7214618388 IMP  5115286 52
7214652493 IMP  5313722 93
7214657022 IMP  1760010 6
7214754292 IMP  5164277 47
7214773476 IMP  8521921 155
7214937982 IMP  3535791 21
7215165684 IMP  2622019 22
7215755897 Win  1015216 4
7215860917 IMP  4522338 106
7216059904 Win    36230 0
7216375665 IMP   792710 1
7216440695 IMP  7338804 152
7216664686 IMP   772522 2
7216988197 IMP  3986713 22
7216988292 IMP   530225 1
7217041973 IMP   582578 1
7217619126 IMP  1026611 4
7217879248 IMP  1564008 12
7217958144 IMP  1787403 7
7218126465 IMP   936670 3
7218184696 Win  7793067 105
7218466439 IMP  1376803 5
7218627249 IMP   947285 2
7218834128 IMP  3764587 61
7218926981 IMP  9915558 271
7219027016 IMP  6389972 71
7219167149 Win   936977 2
7219675529 IMP  6083153 101
7219951268 IMP  2082190 13
7220018433 IMP  4976426 57
7220353417 IMP   709597 2
7220493207 Win   994138 1
7220594257 IMP   441084 3
7220896568 IMP  2212711 18
7220943022 IMP  3726290 79
7221253002 IMP   577296 1
7221425269 IMP   891369 3
7221879373 IMP  1253666 7
7221941473 Intractable. 14404389 354
7222244718 IMP   829209 3
7222678440 IMP   439232 1
7222835408 Intractable. 13057386 254
7222912560 Win  1272327 3
7222989363 IMP  2240313 20
7223213906 IMP  1703399 12
7223220689 IMP  1239968 5
7223360171 IMP  1217088 3
7223390555 IMP   788854 3
7223645512 IMP  1996760 23
7223823995 IMP  9758510 316
7224111037 IMP  1269766 5
7224245468 IMP  1259425 4
7224337259 IMP 11655888 261
7224415607 IMP  2246643 15
7224519540 IMP  1230443 6
7225364735 Intractable. 13699236 376
7225571000 IMP   944083 4
7225790872 IMP  1563136 6
7226204972 IMP  7535795 249
7226577029 IMP  1033679 4
7226596838 IMP  1823918 8
7226719081 Intractable. 13229192 252
7226868487 IMP 11527655 461
7226913170 IMP  1235729 5
7226920402 IMP  7149636 694
7226966199 IMP  1788933 8
7227135505 IMP  4362451 58
7227179210 IMP  1227243 2
7227294265 IMP  2316134 21
7227349700 IMP  1285635 5
7227412778 IMP  1638819 3
7227599594 IMP  1625766 6
7227763649 IMP   492764 1
7227838682 IMP   199862 0
7227865326 IMP  1234041 4
7227924693 IMP  1314593 11
7228138601 IMP  2296292 11
7228279559 IMP  2275271 13
7228473088 IMP  2623580 20
7228744298 IMP  2222019 25
7228863953 IMP  3633047 22
7228920762 IMP  7997967 380
7228960389 IMP   313681 0
7229013550 IMP  4938748 85
7229126544 IMP  1874831 7
7229136673 IMP  1325500 6
7229177250 IMP  1070587 3
7229831847 IMP 11233656 297
7229948032 Win  1647355 6
7230059047 IMP  2983553 29
7230114796 IMP   571668 3
7230371907 IMP  2672942 27
7230422655 Win   905643 3
7230430711 IMP  5331206 105
7230958434 IMP  2016942 18
7231008865 IMP  3628633 30
7231030826 IMP   761404 2
7231056981 IMP  5097218 75
7231122001 IMP  4421861 46
7231159456 IMP  3670854 48
7231322359 Intractable. 11246948 310
7231472114 IMP  7052169 83
7231655018 IMP   870723 2
7231893933 Win  2293891 12
7232037838 IMP  5798504 94
7232195728 IMP 13686525 341
7232397310 Intractable. 12056306 346
7232603207 IMP  8130984 133
7232609635 IMP   693918 2
7232797296 IMP   133375 0
7232812214 IMP  1356378 4
7233123643 IMP  1537898 7
7233165389 IMP  1494915 4
7234107984 IMP   974831 2
7234271107 IMP  4167732 39
7234376529 IMP   976166 3
7234624169 IMP   512435 1
7234834685 IMP  2498773 19
7235278509 IMP  1143603 3
7235510321 IMP  2231120 14
7235728942 IMP  4731982 41
7236353020 IMP  1896020 25
7236356524 IMP   408700 1
7236495379 Intractable. 14832349 300
7236774893 Intractable. 14825684 532
7237117100 IMP 12685706 437
7237155069 IMP  2742637 57
7237222140 Win  4414097 45
7237253733 Win  2129331 7
7237263457 IMP  1951355 18
7237469032 IMP  5330752 43
7237593648 IMP  1183074 4
7237629487 IMP  2347336 36
7237835546 IMP  4399414 28
7237852479 IMP  8761332 158
7237991242 IMP  3793359 41
7238010237 IMP  2071336 22
7238025863 Win   731996 1
7238026660 IMP  2691857 19
7238214755 Win  3995123 31
7238267251 Win  4507997 29
7238330748 IMP   897948 2
7238395934 IMP  2003869 13
7238470957 IMP  2360602 11
7238474858 Win  1963069 9
7238505221 IMP   538880 1
7238746164 IMP 12101165 367
7238865685 IMP  1137543 23
7239615905 IMP  2428255 25
7239752508 IMP  1791029 14
7239883061 IMP 12986878 307
7240563662 IMP  4076288 71
7240583325 Intractable. 12394300 538
7240781097 IMP  2271891 11
7241215041 Win   616250 2
7241330424 IMP  1882638 9
7241370060 IMP  4009837 61
7241474017 Win   804089 2
7241587281 IMP  1138854 3
7241677466 IMP  2090710 18
7241806866 IMP   537871 1
7242159111 IMP 11865312 225
7242187336 IMP  5536443 118
7242191074 IMP  7010585 191
7242228757 IMP   968344 3
7242359061 IMP  2105005 8
7242413967 Win  3664201 34
7242438985 IMP   420688 1
7242640825 IMP  1171087 4
7242699653 IMP  1493745 7
7243010825 IMP   720646 1
7243143542 Intractable. 13167688 260
7243349718 IMP  1599788 11
7243668240 IMP   541301 3
7243795682 IMP  1494773 3
7243850235 IMP  2694527 21
7243938494 IMP  1081794 4
7244471411 IMP   735145 2
7244631204 IMP  5235555 46
7244689896 IMP  1903161 12
7244737049 IMP  4327758 36
7245626092 IMP  1658838 6
7245667597 IMP   986707 3
7245729543 IMP    25401 0
7245793914 IMP  1219895 9
7246210971 IMP  1002133 3
7246260223 IMP  1407131 7
7246574248 IMP  1477495 7
7246645263 IMP  2065784 20
7246704534 Win   512899 1
7246719105 Intractable. 15435570 435
7247053823 IMP  8624495 209
7247327781 IMP  2064238 14
7247563413 IMP  2678207 21
7247659353 Intractable. 13194602 543
7247687598 IMP  4199266 110
7247691401 IMP  6276356 80
7247731376 IMP  1462319 9
7248054587 Intractable. 12684966 388
7248060258 IMP  9853608 506
7248089390 IMP  9270488 243
7248153896 IMP  2235956 16
7248694547 IMP 12357339 289
7248771052 IMP  1247068 3
7248934029 IMP  1462153 9
7248972397 Intractable. 13840626 366
7249013206 IMP  6010215 82
7249416690 IMP   585483 2
7249674155 IMP   462307 1
7249915817 Intractable. 13671046 311
Number of Freecells: 3   Mode: 

Winnables: 127
Impossibles: 1186
Intractables: 129
Total time: 32 Hours, 24 Minutes, 18 Seconds
