3005055896 IMP  1668024 11
3006212236 Intractable. 14821789 402
3007002710 Intractable. 11735632 349
3007343259 Intractable. 12350040 410
3007883411 Intractable. 14487761 481
3014739796 IMP  1044018 2
3015730100 Intractable. 13501069 469
3019946861 Intractable. 12626565 400
3020012823 IMP  4601368 300
3020096525 IMP   598705 2
3020238512 IMP  2046294 6
3020376517 IMP   426659 1
3020480953 IMP   857147 4
3020486013 IMP   960211 2
3020501971 IMP  1104838 6
3020530793 IMP   859634 3
3020563122 IMP   829601 4
3020571111 IMP   363770 1
3020582997 IMP  6201618 170
3020896732 IMP  1603196 9
3020969679 IMP  2100696 11
3021195021 IMP  6965358 151
3021312701 Intractable. 14112303 366
3021664793 IMP  7599040 242
3021695748 IMP  9084375 162
3022144922 IMP  9579023 182
3022228199 IMP  7812223 326
3022470809 IMP  6067901 51
3022813617 Win   812317 1
3023644804 Intractable. 12549444 327
3023780760 IMP  7720218 95
3024074734 IMP 12200345 840
3024678252 Intractable. 12844791 380
3025475223 IMP  6068326 150
3027022491 IMP  8085394 113
3027055303 Win  1779017 6
3027220631 IMP  1235488 6
3028118523 IMP  4881474 44
3028839928 IMP   331396 0
3029070422 Win  1309023 4
3029383355 IMP  2772635 20
3029479221 IMP  3147489 49
3029517117 IMP  3016847 32
3029761435 IMP  2359076 10
3029796893 IMP   637695 1
3030032939 IMP  2158077 10
3030344526 IMP  9978242 247
3030369224 IMP  1943842 8
3030614334 IMP  8369648 140
3031730883 IMP  2576758 29
3032228285 IMP  1592277 8
3032335227 IMP  3507358 31
3032463778 IMP  2113375 11
3032942320 IMP    31792 0
3033010202 Intractable. 13231809 420
3033046416 IMP  5933838 90
3033522358 IMP  7630297 106
3033683302 Intractable. 13805469 442
3033715415 IMP  3954960 51
3033912765 Intractable. 12479463 368
3034416363 IMP   882298 2
3034682510 Win  8474153 136
3034798571 Intractable. 14063984 432
3035054252 Win   289090 1
3035235004 Win  1676666 13
3035245619 IMP  4304498 42
3035282233 IMP  1017481 4
3035776698 IMP  1387047 4
3035790320 IMP  3954179 36
3036962144 IMP  4284229 30
3037254872 IMP  4334449 36
3037707917 IMP  2685921 19
3038001978 IMP  2813927 19
3038283555 IMP  2906606 19
3038516500 IMP  1416572 5
3038543142 IMP  1346435 4
3038605053 IMP  2980079 35
3039226695 IMP  7929567 88
3039492847 IMP  8683919 173
3040220627 IMP  4077216 42
3040280470 IMP   862918 4
3040688098 IMP  9711966 163
3041492338 IMP  8529289 302
3041557938 IMP  5828302 81
3041608098 IMP   441699 1
3041613633 IMP  1654707 28
3041627132 IMP  2003101 15
3041720968 IMP  6299504 115
3042162378 IMP   482092 1
3042225981 IMP  1107311 3
3042253763 IMP  3745536 27
3042280186 IMP  3961677 72
3042363938 IMP  1523350 14
3042376185 IMP 12782152 621
3042804778 Intractable. 12550286 441
3042887000 Win   716415 1
3043118067 IMP   842496 2
3043197884 Win  2370165 27
3043382372 IMP  6517969 102
3043500619 IMP  7583413 193
3044177376 IMP  4056074 45
3044448106 IMP  1525307 5
3044608269 Intractable. 12743664 355
3044636536 IMP  6515685 91
3044741612 IMP  1362680 13
3044818676 IMP  2262396 15
3044992696 IMP   864516 9
3045057491 IMP  5719510 127
3045096110 IMP  6298920 112
3045181911 Intractable. 12149190 378
3045305060 IMP   294343 1
3045313587 IMP  3489540 27
3045603133 IMP  4997079 95
3045664977 IMP  1651438 5
3045707866 IMP   874294 4
3045804282 IMP  1772890 8
3045810153 IMP  2091059 31
3046033679 IMP  2953971 13
3046206590 IMP  7374199 110
3046621162 Win 12994886 355
3046809250 IMP  3389315 26
3047920261 IMP  2056288 13
3048091474 Intractable. 11064183 399
3048129289 IMP  1656480 6
3048348612 IMP  2053638 15
3049764419 Win   136586 0
3049943483 IMP   896177 1
3050041409 IMP  1980750 16
3050123268 IMP   994135 4
3050502329 IMP  1706168 6
3050658913 IMP  1411283 11
3051533683 IMP 10551423 264
3051670184 IMP 12290539 300
3051877594 IMP  3439479 22
3052014822 IMP  5246950 53
3052545179 IMP  5018711 90
3052976812 IMP  2059239 7
3052981159 IMP  5790112 76
3053385506 IMP  1697507 3
3053769804 IMP  2040693 9
3053798968 IMP  3336190 15
3054841709 IMP  2108738 10
3054954602 IMP  1439294 4
3055149030 IMP  5209897 59
3055213702 IMP  7589780 142
3056104546 IMP  4990313 37
3056132605 IMP   730578 2
3056432397 Intractable. 12600211 314
3056639141 IMP  4254694 42
3056782880 Win  4352338 30
3057019452 IMP  2770713 14
3057053598 IMP  1376024 17
3057054918 Intractable. 11615318 720
3057398548 IMP  2007863 31
3057603342 IMP  1785751 7
3057733643 IMP  2194965 14
3058121921 IMP  3965752 36
3058509987 IMP  3670386 58
3059037446 Intractable. 13342534 467
3059044571 IMP  2534081 19
3059064864 IMP   637697 3
3059169452 IMP  2356741 16
3059856935 Win  1322953 4
3060060894 Intractable. 10957593 436
3061475456 IMP  5059560 126
3061999770 IMP  9456306 154
3062125864 Intractable. 13006490 328
3062409427 IMP  2233118 8
3062479641 IMP  6008162 81
3063223649 IMP  1701451 6
3063638861 IMP 10828922 211
3063778670 IMP  1957495 9
3064375883 IMP  4804011 50
3064530480 IMP 10892443 296
3064774274 IMP  5677798 79
3064929674 IMP  2572944 19
3064959360 IMP  2386217 10
3065021473 IMP  1437212 6
3065116069 IMP  5799214 86
3065342916 IMP  5495972 100
3065898701 Win   275576 0
3066068207 IMP  1697548 7
3067040270 IMP  9011157 282
3067129661 IMP   729208 2
3067160009 IMP   983796 3
3067541752 IMP  7304209 121
3068691435 IMP   555783 2
3068849179 Win   861825 3
3068871922 IMP  1843019 9
3070182495 IMP  3474593 107
3070240437 IMP  3348257 22
3070989807 IMP  2003228 14
3071789997 IMP  3488957 29
3072018583 IMP  2301690 13
3072420353 IMP  2582139 35
3072555829 IMP  1808862 14
3073330766 IMP  4725765 24
3073452308 IMP  1194111 6
3074249883 Intractable. 14637184 296
3074341711 IMP  4863785 34
3074373093 IMP  2851881 26
3074395572 IMP  3600945 21
3076097686 IMP  5553746 70
3076226338 IMP  9329783 242
3077168286 IMP   664479 4
3077641143 IMP  1072016 4
3077849522 IMP  4101825 35
3077886878 IMP   944824 2
3077888153 IMP  9722104 166
3078149433 IMP  1411967 14
3078336167 IMP  6359659 70
3078486979 IMP 12749531 504
3078500545 IMP  1743920 12
3078625596 IMP  5493330 66
3078679983 IMP  4428198 50
3078916051 IMP  7101611 82
3079012076 IMP  3775180 24
3079255680 IMP  2994892 52
3079268471 IMP  1499153 10
3079299180 IMP  2505992 16
3079472595 Win  1157239 2
3079483223 IMP  3105709 22
3079511465 IMP  1575028 8
3079556646 IMP 11391468 217
3079576073 IMP  8160527 136
3079612566 IMP  3246261 34
3079778775 IMP  2518294 29
3080395242 IMP  7082128 137
3080610365 IMP  2054224 20
3080905869 IMP  5465710 67
3081358797 IMP  2254842 18
3081363702 IMP  3913187 30
3081761700 IMP  8300847 180
3081768758 IMP   474622 1
3082048566 IMP  4570845 36
3082146978 IMP  7036002 108
3082196167 IMP  3134002 19
3082693567 IMP  1023415 3
3082794320 IMP  9267764 201
3082810001 IMP  1883349 6
3083003519 IMP 10761924 185
3083280176 IMP  4591381 59
3083619085 Win 12592197 279
3083799086 IMP  2770695 35
3083805756 IMP   840216 5
3083842857 IMP  1318182 9
3083856084 IMP   645292 1
3083956464 Win  1506101 10
3083993289 Intractable. 11155196 328
3084081268 Win  1699350 7
3084118768 IMP  2914178 24
3084221583 IMP   547143 1
3084256906 IMP  2285057 15
3084374963 IMP  3683367 51
3084490675 IMP  3996752 36
3084610486 IMP  2013601 12
3084642053 IMP  2066778 8
3084706797 IMP  1621209 9
3084729537 IMP   785496 2
3084737155 IMP  1023268 3
3084861304 Intractable. 13602449 369
3085098413 IMP  3117303 19
3085149963 IMP  4776858 85
3085393215 IMP  2254592 15
3085575580 IMP  1029973 4
3085705206 Intractable. 12544585 1137
3086065643 IMP  6990841 77
3086176686 IMP  3186730 45
3086222877 Win   548177 1
3086228623 Win  6529915 91
3086320598 IMP  4593713 42
3086527344 IMP  2490870 15
3086748864 IMP  2779841 27
3087024960 IMP  5988923 76
3087060039 IMP  3081918 18
3087322807 IMP  1167526 3
3087696310 IMP   999379 6
3088552206 Win  3768717 26
3088731635 IMP  4395929 38
3088732044 IMP   822825 1
3088849268 IMP  3820780 21
3088896257 IMP 10234483 272
3089371468 IMP  1730146 8
3089593408 IMP  7888737 189
3090015912 IMP   718870 1
3090057362 Intractable. 13803405 263
3090199000 Win   566114 1
3090291954 IMP  5264748 273
3090363256 Win  2260636 10
3090450691 IMP  4625561 54
3090631139 IMP   664257 2
3090691320 IMP   801154 2
3091080539 IMP  1831765 14
3091222723 Intractable. 11902006 373
3091329434 IMP  1037150 4
3091646719 Intractable. 14729659 289
3091818997 IMP  2606491 12
3091866988 IMP  4709589 33
3092248381 IMP  1211250 6
3092287584 IMP 12003793 300
3092326392 IMP  1872439 20
3092417399 IMP  1341549 8
3092685472 Win   347341 0
3092693146 IMP  1693008 8
3092722850 IMP  4785613 58
3092865363 Win  1049216 3
3092966837 IMP   385818 0
3093031369 IMP   383599 1
3093465762 IMP  1467548 7
3093547509 IMP  5770982 69
3093696413 IMP  3417802 19
3093982468 IMP  2339087 25
3094319190 IMP   979665 10
3094330432 IMP   667984 2
3094330548 IMP  1537697 4
3094355610 Intractable. 14947614 508
3094873360 IMP  1781214 19
3095097029 IMP  1561067 9
3095209018 IMP  1333529 5
3095340047 IMP  2510466 16
3095552411 IMP 10431386 375
3095594849 IMP  5017768 59
3095666309 Win  2394707 24
3095722036 IMP   251744 0
3095742300 IMP  9904999 175
3095870297 IMP  1828258 55
3095945304 Win  1042099 2
3096011578 IMP   653522 2
3096200058 IMP  2490156 10
3096365810 IMP  6460264 53
3096927143 IMP  3198747 35
3097235534 IMP  3314932 18
3097462448 IMP  2970971 15
3097617180 IMP  1038079 3
3097782777 IMP  5425517 61
3097794894 IMP   454038 1
3097898345 IMP  8373305 215
3098004900 IMP  3771212 37
3098098460 Intractable. 11527975 323
3098745947 IMP 10492389 169
3099184152 IMP  4404868 29
3099202039 IMP  4193410 48
3099247139 IMP  2075478 11
3099349513 Intractable. 14101088 388
3099383141 Intractable. 11276274 488
3099394510 IMP  7893145 123
3099552463 IMP  1095596 4
3100120105 IMP  5114557 84
3100208164 IMP  1395536 5
3100553792 IMP  1374361 6
3100780919 Win  1130487 3
3100819151 IMP  4209545 54
3100915542 Win  8203536 171
3101187274 IMP  2329357 11
3101286052 IMP   639088 2
3101357828 IMP   667631 2
3101389345 Intractable. 11041453 290
3101629734 Win   970636 2
3101706737 IMP   481061 1
3101726720 IMP  9995280 322
3102064996 IMP   511955 1
3102293378 IMP  2483029 13
3102521944 Win  5247653 50
3102797046 IMP  1615690 4
3102949623 IMP  4067154 100
3103709858 IMP  1267454 3
3103724028 IMP  5561033 51
3104316591 IMP  3783359 31
3104359526 IMP  1623219 8
3104455779 IMP  7850083 193
3104615575 IMP  1907751 6
3104819191 IMP  4401989 64
3104908071 IMP  1570954 11
3104942651 IMP 11076624 295
3104996738 IMP  1222852 5
3105048147 IMP   864366 3
3105098380 IMP 10125599 171
3105142530 IMP  1727279 8
3105151110 IMP  1813359 8
3105175009 IMP  1467469 4
3105266490 Win  3326549 21
3105548975 IMP  1692439 8
3105851371 IMP   362431 1
3105883258 IMP  3736987 35
3105889862 IMP  6171840 68
3106066913 IMP  1166580 4
3106618944 IMP  1731212 9
3106689489 IMP  2479443 48
3106833975 IMP  1327210 8
3107262350 IMP  2314533 17
3107528921 IMP  3285912 47
3107593071 IMP  1792808 10
3107642529 Win  5995403 47
3107895491 IMP   905473 3
3108031380 IMP  3995993 45
3108131156 IMP  1998318 7
3108660632 IMP  1603666 13
3108698373 IMP  4276526 68
3108731330 IMP  2301009 16
3108892114 IMP  3124170 51
3108995467 Intractable. 12585435 347
3109009705 IMP  5049666 43
3109274763 IMP  1325411 12
3109326172 IMP  5599640 201
3109332397 IMP   317325 0
3109568043 IMP  1543931 5
3109886452 IMP 11484501 399
3110357417 IMP   689823 1
3110401516 IMP  2435307 17
3110426822 IMP 10342782 199
3110743157 IMP  6313262 102
3110934146 IMP  1528340 11
3110936514 IMP  1266379 3
3111205786 IMP  4491976 56
3111210271 IMP  3657552 72
3111220428 IMP  1048455 4
3111420540 IMP  3641425 36
3112101761 IMP   911595 5
3112494527 IMP   752689 1
3112542910 IMP  8258120 123
3112718414 IMP  1372089 5
3113102212 Win  5240098 44
3113141392 IMP   662047 2
3113456486 IMP  1070970 2
3113921361 Win  3632396 22
3114334554 IMP  2267377 16
3114713935 IMP  1149183 4
3116009122 IMP  2222571 14
3116084535 IMP   874195 12
3116135104 IMP  1684114 6
3116593704 IMP  5579707 96
3116621479 IMP  2781454 23
3116641821 Intractable. 13164091 444
3116796693 IMP  4328669 37
3117255098 IMP  1665748 4
3117417825 IMP   380945 1
3117712347 IMP   622303 2
3117798298 IMP  1875799 10
3118006362 IMP   433551 2
3118330483 IMP 11032825 266
3118331610 IMP  7088457 82
3118626625 IMP  2519425 22
3119032654 IMP  1121713 3
3119239580 IMP  2400468 24
3119383844 IMP  4772453 61
3119468827 IMP 10419544 213
3119471448 IMP  6545191 162
3119673332 IMP  2925058 51
3119697451 Win  2903079 22
3119812425 Win  1158297 2
3119910018 IMP   766684 2
3120142237 Win   359209 0
3120191119 IMP  5193472 70
3120230467 IMP  5617342 86
3120378234 IMP  1107226 3
3120383843 IMP   977365 5
3120653946 IMP  1776369 11
3120685511 IMP   764728 2
3120991533 Intractable. 12116340 382
3121249338 IMP   979463 3
3121295844 Win  2608353 10
3121457206 Win  2317031 9
3121526479 IMP  1575288 11
3122500072 IMP   716712 2
3122556557 Win   505313 1
3122865642 IMP  4889540 67
3122975321 IMP  6474265 95
3123162065 IMP   323010 1
3123251246 IMP  4262982 23
3123319176 IMP   337587 0
3123812470 IMP   733691 2
3123830006 Win   706190 2
3124043091 IMP  1634026 13
3124061632 IMP   731978 2
3124104722 Win   853505 3
3124120940 IMP  1527460 6
3124389418 IMP  6641712 84
3124529069 IMP  3057882 24
3124540350 Win  1021071 2
3124653256 IMP  2876007 16
3124717038 Intractable. 10243759 352
3125165456 IMP  3899794 34
3125223093 IMP   388838 1
3125230359 IMP  2584807 24
3125233464 IMP   851666 1
3125305808 IMP   955232 6
3125553706 IMP  1866878 11
3125674452 IMP  4656015 40
3125791857 IMP  3591290 38
3126130562 IMP  1177122 3
3126302070 IMP   886855 5
3126307424 IMP  3575516 65
3126322534 IMP   491566 1
3126413923 IMP  4480616 41
3126421572 IMP  2815604 49
3126641542 IMP  1922496 7
3126685554 IMP  2674871 17
3126701938 IMP  1757333 9
3126762996 IMP  1549348 5
3126841504 Win  6084031 57
3127087302 IMP  2428784 13
3127131349 IMP  4126880 47
3127401688 IMP  3175031 24
3127482310 IMP 11815271 210
3127532108 IMP  8891371 153
3127536664 IMP  2797979 11
3127734779 IMP  1349569 6
3127774825 IMP  1436178 9
3128086261 Intractable. 14568556 450
3128220182 IMP  1199906 3
3128250527 IMP  2137294 15
3128364365 Intractable. 11114663 270
3128368330 IMP  1913286 32
3128430063 IMP  7039209 127
3128517255 Win  3590753 24
3128653957 IMP  3095968 14
3128906468 IMP  1376269 5
3129317870 IMP  3446516 38
3129366573 IMP  3027826 55
3129458056 IMP  1655371 8
3129493847 Intractable. 12635173 413
3129500913 IMP  1271100 3
3129563444 IMP  1759386 8
3129659125 Win  1772316 9
3129662609 IMP 11780143 283
3129758365 IMP  2758968 14
3129887738 IMP  1675172 26
3131136725 IMP  7004407 104
3131176758 IMP  2076483 8
3131278868 IMP  3415333 52
3131302981 IMP  1734308 7
3131523736 Win  5019494 75
3131686203 IMP  9233703 338
3131695362 IMP  2047649 19
3131701383 IMP  4521501 55
3131808120 IMP  8337248 170
3131833993 IMP   853095 2
3132202644 IMP  7017746 148
3132355090 IMP  4749343 91
3132367564 IMP  2454396 10
3132562314 Intractable. 12086255 401
3132581825 IMP  1943127 9
3132710493 IMP  1466775 8
3133047128 Intractable. 11942730 282
3133345784 IMP  1179351 5
3133520359 IMP  5304953 46
3133586988 Win  4785084 58
3133597079 IMP   343966 1
3133626556 IMP  5509370 64
3133728871 Intractable. 13318080 543
3133730853 IMP   164073 0
3133771854 Intractable. 11026131 1759
3133934274 IMP  6383734 96
3133954366 IMP   699757 2
3134429781 IMP  3269791 32
3134497955 IMP  3655733 37
3134726428 Intractable. 12414510 338
3134838577 Intractable. 13346381 304
3134853756 IMP  8765316 146
3135243192 IMP  4090662 39
3135254017 IMP   508448 1
3135476655 Intractable. 14709170 430
3135503476 IMP  5579302 57
3135614515 IMP  4017274 118
3135900892 IMP  9327131 182
3136114164 IMP  3960393 43
3136223011 IMP 10121101 349
3136339370 IMP  3595332 21
3136339991 IMP  6034928 101
3136940556 IMP  1699635 6
3137069934 Win 10099229 215
3137148943 Win  1072654 2
3137211485 IMP  2716940 28
3137322288 Intractable. 13343196 519
3137488554 IMP  5834403 95
3137501570 IMP  4501921 25
3137546018 IMP   374844 1
3137647425 Win   425441 1
3137689576 IMP  3837514 44
3137984616 IMP  2593857 12
3138025005 IMP  1817293 10
3138107774 IMP  8957633 329
3138252389 IMP  5264539 74
3138357432 Intractable. 13653029 309
3138383971 IMP  1072603 8
3138399250 Intractable. 12249931 381
3138438079 IMP  4936323 60
3138537662 IMP  4543469 55
3138638094 IMP  1990738 24
3138783166 IMP   585162 1
3138798438 IMP  2174601 13
3139163096 IMP  2615628 27
3139269598 IMP  4229485 51
3139414922 IMP  1841707 22
3139469853 IMP   760965 2
3139504652 Win  2529412 13
3139550322 IMP  2020862 15
3139619288 Win  1605217 7
3139661201 IMP  1918415 11
3139791035 IMP 10491223 213
3139839339 Intractable. 11713050 606
3140101114 IMP  2932533 17
3140134180 IMP  4448069 47
3140268513 Win   689494 2
3140476081 IMP  3458985 47
3140895215 IMP  2326592 19
3141015055 IMP  1149935 7
3141390591 IMP   613838 2
3141483344 Intractable. 12275077 344
3141686160 IMP  3776918 24
3141711731 Win  2618567 13
3141923643 IMP  6288752 134
3141977344 IMP  2342016 20
3142120142 IMP  2350340 18
3142486404 IMP  4187892 38
3142506510 IMP  2478192 14
3142680294 IMP  1115826 5
3142714310 IMP  4007284 38
3142851421 IMP  8156229 183
3142928853 IMP  3459729 29
3143219085 Intractable. 13084311 494
3143257766 IMP  2902444 22
3143339739 IMP  1151316 3
3143391098 IMP  1425680 10
3144165934 IMP    16299 0
3144259509 IMP  6257988 66
3144274572 IMP   934459 2
3144377738 IMP  3728538 44
3144582157 IMP  5911268 75
3144797637 Intractable. 14668901 272
3144919990 Intractable. 11476704 241
3145286094 Win  2632518 12
3145650211 IMP 13029205 367
3145798161 IMP  1476375 18
3145922299 IMP   268216 0
3146262679 IMP  5567213 60
3147101080 IMP  3294664 18
3147192648 IMP  4518879 55
3147497702 IMP  1066121 6
3147507081 IMP   819941 3
3147567490 IMP  4845871 69
3147587350 IMP  1922206 6
3147875098 IMP  1084520 3
3148211046 IMP  2244771 16
3148401765 IMP  4189020 40
3148462653 IMP  1132369 3
3148639833 IMP  2235890 10
3149554442 IMP  1693223 14
3149876853 IMP   793374 1
3150217872 IMP   773817 2
3150411159 IMP  1797132 24
3150473418 IMP  6536766 85
3150513046 IMP  3559217 29
3150539305 IMP   307230 0
3150700543 IMP  1347085 4
3151195728 IMP    97570 0
3151234212 IMP   472714 1
3151315011 IMP  1670398 12
3151352810 Intractable. 13913476 476
3151378109 IMP  6383521 187
3151481500 IMP  1655992 13
3151491848 IMP   757879 2
3151551755 IMP  2170258 23
3151558611 IMP  2353862 27
3151892234 IMP  8562026 350
3152217030 IMP  2798128 25
3152324873 IMP  3558670 52
3152581299 IMP  8245701 133
3152862447 IMP  6601388 104
3153657916 IMP   518395 0
3153781334 IMP  2877264 37
3154147178 IMP  3635960 44
3154508235 IMP   302413 1
3154523792 IMP  7931052 155
3154889016 IMP 11032209 242
3154892733 IMP  4169990 87
3155010240 IMP  3381403 35
3155354995 IMP  6936857 82
3155447644 Win  4099260 112
3155827433 IMP  9784720 297
3155930219 Intractable. 14128733 263
3156042274 IMP  4863205 84
3156151210 IMP  1121262 2
3156382270 Intractable. 12705452 404
3156391144 IMP   863140 6
3156466224 IMP  8775786 200
3156814594 IMP  2797013 16
3156890339 IMP  1114828 3
3156890601 IMP  2499434 30
3157100412 Intractable. 12969990 320
3157114099 Win   984172 2
3157117105 IMP  6424100 83
3157364495 IMP  3062534 17
3157480364 IMP  4009705 33
3157619260 IMP  2196969 13
3157728623 IMP  1092527 2
3157882338 Win   754780 1
3158184640 Intractable. 13581073 401
3158357605 IMP 10852278 294
3158434391 IMP  7560640 114
3158453511 IMP  8446988 310
3158606957 IMP   800497 6
3158842459 IMP 12077894 365
3159488071 IMP  1683664 7
3159582883 Intractable. 14524821 360
3159659326 IMP  2884445 17
3159929420 IMP  3298111 23
3160162942 Win  3313004 20
3160231581 IMP  5030681 67
3160501357 IMP   920706 5
3160516402 IMP  1727263 7
3160598887 IMP   622207 1
3160689637 IMP  3363403 36
3160714505 Win   642729 1
3161078587 Win  5767115 109
3161504616 IMP  1836610 8
3162021906 IMP  2178765 8
3162283944 IMP  2290987 20
3162468494 IMP  3869468 45
3162733427 Intractable. 12214053 375
3162764485 IMP  1974011 9
3162970372 Intractable. 13439167 406
3163210960 IMP  7223174 151
3163506775 IMP  1444113 4
3163599562 IMP  3403365 29
3163600266 IMP  2433455 19
3163632057 IMP  1129102 4
3163848292 IMP  4154154 54
3163862425 IMP 10100171 124
3164032060 IMP  3489928 89
3164255338 IMP  3330913 30
3164464311 IMP  2668600 23
3164497215 IMP 10478775 173
3164576877 Win  2918767 42
3164693974 IMP   491121 1
3165084946 IMP  1378204 4
3165288820 IMP  1690394 6
3165528014 IMP  8165435 154
3165887942 IMP  4116599 31
3166026355 IMP  1598348 10
3166039107 IMP  2557317 12
3166175980 IMP  3426917 20
3166729743 IMP   917188 3
3167503418 IMP  2562429 19
3167584161 IMP  2161362 7
3167709502 IMP  3861895 45
3167840517 IMP   894034 3
3168083427 Intractable. 13219986 373
3168353455 IMP  2788903 15
3168870266 Win  1949452 7
3169000630 IMP  3935334 47
3169106210 IMP   820922 2
3169290202 IMP  1165868 4
3169390498 IMP  4565117 32
3169581633 IMP     9664 0
3170006689 IMP  2618552 12
3170100596 Win   326947 0
3170377774 Win  7963516 93
3170478064 IMP   945833 4
3170930732 IMP  4450007 41
3171190449 IMP  9703596 254
3171208522 IMP   774268 2
3171511202 Intractable. 15120580 359
3171632858 IMP  5116365 54
3171779486 IMP  3461917 17
3171880088 IMP   849187 1
3171965026 IMP  3863971 41
3172136787 IMP  8351608 171
3172418955 IMP   813075 2
3172690767 IMP  2018364 10
3173211986 IMP  1437102 14
3173329545 IMP  3677848 37
3173343804 Win  6183046 64
3173361176 IMP  4270363 45
3173415840 IMP   653234 1
3173419552 IMP  4254226 28
3173746909 Intractable. 12843818 322
3174010947 Win   481896 1
3174104983 IMP  1775812 7
3174194436 Intractable. 13574006 559
3174563633 IMP 10010203 156
3175363409 IMP  7461922 142
3175502868 IMP  1187947 6
3175696410 IMP  6195554 68
3175932221 IMP  5238908 51
3176095165 IMP  1182650 4
3176463510 IMP  2945834 21
3176526281 IMP  5050412 65
3176576932 IMP  2244158 13
3176599846 IMP  1846548 8
3176676394 IMP  1274099 3
3176892206 IMP   513233 2
3177154944 IMP  5682673 56
3177394533 IMP  2855491 19
3177427018 IMP  3594360 22
3177509774 Intractable. 11805552 369
3177604533 IMP  1270324 6
3177670453 IMP  2405561 14
3177849717 IMP  6440492 94
3178153173 IMP   783255 2
3178258646 IMP  1029791 3
3178338803 IMP  1584937 5
3178353184 IMP  2028983 14
3178428681 IMP  7766960 101
3178438457 IMP  4258541 58
3178746919 Win  1453146 6
3178954136 Intractable. 14566472 398
3178979982 IMP  1197262 5
3179215474 IMP   397925 0
3179370297 IMP  1458567 5
3179427289 IMP  2470514 18
3179615430 IMP  5668027 77
3179673564 IMP  2038242 8
3180375775 IMP  6260892 103
3180652205 IMP  2123537 16
3180732048 IMP  5099827 83
3181378234 IMP   405264 1
3181395863 IMP   868077 2
3181642950 IMP  3566323 20
3181668547 IMP  2044915 10
3181957530 IMP   211959 0
3181988489 IMP   331244 1
3182202967 IMP  3377895 23
3182476120 Intractable. 13132081 529
3182573666 Intractable. 13401674 398
3182759985 IMP  8242812 133
3183618022 IMP  9992800 295
3183640971 IMP   966574 3
3184076670 IMP 13442443 247
3184167253 IMP  5807182 86
3184296767 IMP  5069713 43
3184299247 Intractable. 11135534 285
3184526712 IMP  3806016 20
3184665262 Win  1497858 6
3184741391 IMP 10282829 222
3184857963 Win  3263701 23
3184939914 IMP   987124 3
3184983879 IMP  2027913 15
3185266067 IMP  1104304 4
3185490896 IMP   994548 3
3185509835 IMP   875709 2
3185667998 IMP   665019 2
3185893647 IMP  1521432 10
3186619489 IMP  3892199 34
3186702143 IMP 10021970 230
3186764259 IMP  3780925 75
3186765891 IMP  8562010 169
3187104280 IMP  1730613 5
3187464379 IMP   944152 5
3187640500 IMP  2644460 12
3187807381 IMP  6222095 93
3188032170 Intractable. 11655590 461
3188039641 IMP   458976 1
3188107845 Intractable. 11502347 487
3188310476 IMP  3558330 72
3188327454 Intractable. 11011182 467
3188429050 IMP  1816247 15
3188730150 IMP   579392 2
3189107554 IMP  4622006 89
3189444715 IMP  1176900 7
3189687249 IMP  1210197 4
3189789895 IMP  1803598 9
3189913172 Win  1533599 9
3190281047 IMP  6838400 131
3190618345 IMP   829990 2
3190824914 IMP  1337506 10
3191161857 IMP  1623074 6
3191784431 IMP   626419 1
3191827901 IMP   338135 1
3192139617 Win  4979223 78
3192556087 IMP  2554231 36
3192648681 IMP  2841920 18
3192832779 IMP  2832852 19
3193072243 IMP  8563464 204
3193186523 IMP  3003249 23
3193208980 IMP 11634716 330
3193295994 Intractable. 11512726 415
3193472406 IMP  1213232 4
3194044129 IMP  2716454 48
3194044210 IMP   875838 3
3194521491 IMP  2425377 24
3194534355 IMP  2447721 12
3194550463 IMP  5175026 64
3194783486 IMP  1485504 8
3194855526 IMP   953845 5
3195077283 IMP  1330297 8
3195094314 Win  3136771 19
3195293449 IMP  5697062 100
3195579629 IMP   300528 1
3195991097 IMP  2229099 17
3195995064 IMP  2365743 19
3196276136 IMP  5053485 51
3196317301 IMP  5125283 80
3196825203 IMP  8998387 169
3196937626 IMP  9561428 496
3197190314 IMP  3914717 43
3197506655 IMP  1359750 7
3197762806 Intractable. 12750949 390
3198259921 IMP  2249955 25
3198423824 IMP   984434 3
3198668582 IMP  2095119 15
3199440441 Intractable. 11113336 242
3199543243 IMP  2813374 15
3199792376 IMP   682298 3
3199904454 IMP  1830781 20
3200347428 IMP  1301207 5
3200722316 IMP   424671 2
3200754999 IMP   791094 3
3200968052 IMP  3117597 43
3201168881 IMP  7188244 114
3201183835 IMP 14669526 313
3201587007 IMP  7418832 113
3201852458 IMP  4925895 66
3201877906 IMP  1469800 5
3201931915 IMP 12926865 273
3202393934 Intractable. 12287042 354
3202447200 IMP  1266947 8
3202474470 IMP  2367842 9
3203118814 IMP  1100389 4
3203248335 IMP 12481271 298
3203322360 IMP  4050040 44
3203536717 IMP  1066833 3
3203745831 IMP  1994534 9
3203759295 IMP  1371959 4
3203998530 IMP 10073838 186
3204012858 IMP  3493608 36
3204036117 IMP  4537200 43
3204076254 IMP  4063864 90
3204387914 IMP  1743953 5
3204545969 IMP  4078472 53
3204772955 IMP  1683129 14
3205107020 Intractable. 10992627 242
3205123794 IMP  2274373 23
3205306348 IMP  4346201 67
3205318719 IMP  1092288 6
3205503482 IMP   869496 2
3206039053 IMP  7736785 129
3206260406 IMP  1640796 6
3206294973 Intractable. 12094367 291
3206339950 IMP  7137745 157
3206447925 IMP  4991231 76
3206482733 IMP  4178549 31
3206816238 IMP   761776 1
3206981759 IMP   319138 1
3207179776 IMP  3897547 54
3207249456 IMP  1798331 6
3207922108 IMP  9215258 168
3208023687 IMP  9190945 138
3208212688 IMP  5629958 76
3208264862 Intractable. 13244455 512
3208558613 IMP   128092 0
3208702610 IMP  1239325 4
3208758181 IMP  1376285 5
3208891193 IMP  4815159 48
3209310344 IMP  1772317 8
3209670385 IMP  2709511 36
3209751046 IMP  1427981 7
3210225330 IMP  4913831 61
3210483844 IMP 10552576 248
3210788982 Intractable. 13442409 438
3210923493 IMP  1810872 18
3210990839 IMP  6684338 84
3210993202 IMP  3990895 38
3211330057 IMP  9755397 195
3211524522 IMP   576258 1
3211668459 IMP  1305695 15
3211971632 IMP  8616617 287
3211994659 IMP 11228754 309
3211998009 IMP  1160188 4
3212051677 IMP  1243317 4
3212063936 IMP  4115761 42
3212112892 Intractable. 15460919 572
3212260789 IMP   426555 0
3212310679 IMP   446126 1
3212324627 IMP  5032867 113
3212351022 IMP  4377410 49
3212362214 IMP   772459 2
3212432284 IMP   751495 4
3212578100 IMP  3904374 27
3213152582 IMP  1680190 8
3213514347 IMP  3022143 20
3213713155 IMP  3337667 18
3213724060 Intractable. 10557630 668
3213948947 IMP  3358222 48
3214304369 IMP   705334 2
3214428703 Intractable. 14474065 461
3214483717 IMP  1511135 19
3214789152 IMP  1378530 7
3214831308 IMP  4178556 32
3214950367 IMP  1143687 4
3215207091 IMP 11661569 240
3215387301 IMP 10755515 211
3215636320 IMP  1760719 6
3215737370 Win  2065472 14
3215782370 IMP  1450267 4
3215812135 IMP  1910482 12
3215855931 IMP  1716623 9
3216260946 IMP  1901108 12
3216383674 IMP  5197865 85
3216405278 Intractable. 11739145 249
3216609610 IMP  1405559 7
3216704315 IMP  4259077 32
3216974216 Intractable. 13133757 336
3217101870 IMP  3477747 27
3217157136 IMP   868158 2
3217538404 IMP  3689307 44
3217850136 IMP  1404337 5
3217975968 IMP  1554620 9
3218302901 IMP  5191907 70
3218536121 IMP  8107808 141
3218738153 Intractable. 15344306 406
3218738238 IMP  2373152 11
3219158396 Intractable. 12575763 324
3219553262 IMP  8044891 167
3219628241 IMP   620686 2
3219777700 IMP   596563 2
3219838991 IMP  4264625 34
3220190847 IMP   517294 1
3220396072 IMP  2232891 21
3220493230 IMP  1395052 6
3220498243 Intractable. 13622555 453
3221019417 IMP  2318117 16
3221256850 IMP  3048817 13
3221336211 IMP  2465849 10
3221368449 IMP   927143 7
3221435918 IMP  4082359 61
3221857388 IMP  2764390 20
3221895450 IMP  2942689 24
3221946115 IMP  8877195 197
3222048358 IMP   677833 1
3222119540 IMP   557559 2
3222364380 IMP  5045989 63
3222821834 IMP  2047260 12
3222953281 IMP  1250616 3
3223006372 IMP  9592462 251
3223182709 IMP  7469582 206
3223307363 IMP  9790893 249
3223834531 IMP   657817 2
3224061630 IMP  1426332 6
3224187568 IMP  3778589 65
3224836856 IMP  7074196 186
3225182154 IMP  1050241 3
3225341852 Intractable. 11881611 288
3225353556 IMP   562794 1
3225406865 Win  2497589 16
3225489552 IMP  1581711 11
3225879619 IMP  1031155 3
3225931973 IMP  4454901 51
3225974532 IMP  1893601 9
3226182662 Intractable. 11843643 347
3226226923 IMP  1336709 12
3226906473 IMP  3126766 29
3226920437 IMP  1603252 6
3226995752 IMP  6756783 92
3227001140 Win   575997 1
3227008774 IMP  3619756 19
3227478518 IMP  1914518 23
3227859771 IMP  3522658 19
3227895091 Win  4882203 53
3228092214 Intractable. 12488265 296
3228166502 IMP  3317758 20
3228269515 IMP  2093095 11
3228803746 IMP  7331200 143
3228862091 IMP   839389 2
3229011407 Intractable. 13019322 499
3229083126 IMP   759345 3
3230283011 IMP 10463684 235
3230335540 IMP  4595159 40
3230435400 IMP  3092306 21
3230470684 IMP  4126709 27
3230570398 IMP  8151483 142
3230633175 IMP  2782074 11
3230678570 IMP  2436190 19
3230776381 IMP  3077359 37
3230863759 IMP   452724 1
3230917184 Win  5260880 52
3230989387 IMP  1534714 17
3231159665 IMP  2878814 18
3231224411 IMP  2356752 8
3231568089 IMP  1110247 5
3231808685 IMP  6074744 84
3232223971 IMP  2040300 8
3233041730 IMP  1585481 6
3233371399 IMP  1752037 33
3233661983 IMP  2068946 84
3233700678 IMP  4248865 57
3233857654 IMP  1662695 4
3233928404 IMP  4444662 42
3233953633 IMP  6694467 154
3234190905 IMP  9091829 156
3234369010 IMP   835146 2
3234665477 IMP  2617550 23
3234665501 IMP  6243552 85
3234679851 Win   520955 1
3234791315 Intractable. 10846855 441
3235598041 IMP   544230 1
3235837167 IMP  3455943 43
3235943031 IMP   684340 2
3236266229 Intractable. 15139349 489
3236736870 IMP  2292281 17
3236851559 Intractable. 12419372 335
3237459754 IMP  1718950 7
3237943052 IMP  3318075 59
3237971368 IMP  3846877 107
3238035816 IMP  7527298 229
3238418873 IMP  1496192 5
3238445076 IMP  2512521 15
3238498731 IMP  1182599 7
3238500332 IMP  3759316 40
3238609754 Intractable. 12825938 356
3239052902 IMP  3216480 18
3239394472 IMP   668744 1
3239452653 IMP  7398844 155
3239871287 Win  1491351 9
3239945444 Intractable. 11942129 301
3239960315 IMP  3705805 22
3240014081 IMP  2674784 24
3240799527 IMP  3246384 25
3241154172 IMP  1560269 7
3241214735 IMP   269745 0
3241680922 IMP  3907888 30
3241785890 IMP  1702597 7
3243342465 IMP  2991786 28
3243792211 Intractable. 13957813 385
3243798128 IMP  9168106 115
3244072592 IMP   592265 1
3244144399 IMP  6649170 93
3244296863 IMP  1964019 10
3244635637 IMP  3888667 21
3244736737 IMP  3819042 44
3244863176 Intractable. 14547128 289
3244895517 IMP  5466842 49
3245007841 IMP  2072226 24
3245038995 IMP  3346122 26
3245159382 IMP  3595423 25
3245527937 IMP  1612064 8
3245555003 Win  3738961 44
3245651678 IMP  1294297 5
3245689168 IMP  1040627 3
3245856590 IMP  4934339 35
3246116244 IMP  1618852 6
3246147853 Intractable. 14526325 473
3246380926 IMP  6389190 104
3247072951 IMP  5471198 86
3247207550 IMP  4815962 55
3247240493 IMP  1004694 2
3247361167 IMP  1919924 8
3247453208 IMP  7148722 110
3247992377 Intractable. 11915288 478
3248043315 IMP  3555048 39
3248354935 IMP  3320813 31
3248702176 IMP  2350300 24
3248753223 Intractable. 10454765 533
3249162774 IMP  1005122 4
3249213457 IMP  1386236 7
3249661056 IMP  2922249 31
3249985654 IMP  1965860 9
Number of Freecells: 3   Mode: 

Winnables: 83
Impossibles: 968
Intractables: 106
Total time: 26 Hours, 46 Minutes, 39 Seconds
