7500139140 IMP  4494464 80
7500329435 IMP  1095583 3
7500678630 IMP  2343094 13
7500834258 IMP  6568392 86
7500845908 IMP  1728436 8
7500871084 IMP   754790 4
7501059556 Intractable. 11987014 307
7501098747 IMP  3153793 39
7501208286 IMP  6295678 51
7501266927 IMP 11265167 242
7501300533 IMP 16814564 374
7501466017 Intractable. 12939781 732
7501735286 IMP  1003538 3
7502074893 Intractable. 13472780 694
7502130138 IMP   710388 2
7502692511 Intractable. 14369959 277
7502716129 IMP  2505694 21
7502774069 IMP   876524 2
7502837058 Intractable. 13107353 621
7502916458 IMP   632703 2
7502988642 IMP  1218425 3
7503084408 IMP  2487934 19
7503629976 IMP  1464146 4
7503681506 Win  1003478 3
7503693219 Win  2316846 11
7503757479 IMP  9298391 222
7504024453 IMP  1470399 5
7504528784 IMP  6859646 94
7504790320 IMP  3844728 66
7504893906 IMP  4150959 32
7504937808 IMP  1655979 10
7505006794 IMP  4606719 53
7505072363 IMP  2570893 12
7505106464 IMP  4916790 50
7505289973 IMP  1677369 18
7505323560 Intractable. 12034516 345
7506299895 IMP  1532785 6
7506331081 IMP  3077553 39
7506398269 IMP  1430184 9
7506413899 IMP  1647353 11
7506665084 IMP  5493891 58
7506693756 IMP  3053776 33
7506817458 IMP  5056489 50
7506998062 Win  2736846 32
7507070812 IMP  1427862 6
7507508893 IMP  4064369 28
7507725527 IMP  4151630 60
7507773114 IMP  2447121 10
7508008932 IMP  3803088 53
7508031974 IMP  3164516 22
7508105807 IMP  1714632 12
7508180611 IMP    61734 0
7508216887 IMP   977564 2
7508324572 IMP  6970117 117
7508587723 IMP   695010 3
7508590756 IMP  5544283 187
7508711072 Intractable. 11101760 297
7508771629 IMP  2899863 21
7508910245 IMP  2509898 17
7509120613 IMP  5786727 205
7509153804 Intractable. 11816820 283
7509470725 IMP  6371080 103
7509484028 IMP  2619594 52
7509643488 Win  1213938 3
7509817166 IMP  1260225 4
7510371971 IMP   850856 4
7510383635 IMP  8359157 320
7510737209 IMP  2582480 16
7510778623 IMP  8455987 188
7510931379 Win  2219976 14
7510978965 IMP   805684 3
7511472447 IMP  2696900 11
7511627300 Win  5660330 43
7511693213 IMP  1787497 14
7512379087 Intractable. 14882718 320
7512417389 IMP  2629701 20
7512462062 IMP  1252378 4
7513034313 IMP  4313071 73
7513325712 IMP  3868333 52
7513397624 IMP  3275744 21
7513441173 IMP  1473169 8
7513539313 IMP  4859798 154
7513842080 IMP   640172 1
7513849838 IMP   190322 0
7513894908 IMP  1186238 4
7514180287 IMP  4126336 44
7514239436 Win  3440552 37
7514475075 IMP  5192514 50
7514869690 IMP  3684820 22
7514920241 IMP  1938440 10
7515281796 IMP   943281 6
7515573028 Intractable. 11473430 294
7515629653 Intractable. 16058946 607
7515826671 Win   936019 2
7516302815 IMP   992800 2
7516355809 IMP  1952473 5
7516761876 IMP  3206460 60
7517175814 IMP  3782542 78
7517200281 IMP  3282373 38
7517417371 IMP  2942894 15
7517515293 IMP  4102520 64
7517601805 IMP  2612840 17
7517641535 IMP  2333039 25
7517801151 IMP   954496 9
7517904924 IMP  5465262 77
7517990362 IMP  1510757 6
7518042735 Win  2218913 9
7518636096 IMP  7205220 93
7518837761 IMP  6641006 79
7518882271 IMP   513060 1
7519127173 IMP  2913194 20
7519170766 IMP  2346520 8
7519248691 IMP  1894342 9
7519494554 IMP  1120028 3
7519607774 Intractable. 14521748 367
7519717174 IMP  3111150 28
7520054997 IMP  1583622 9
7520061066 IMP  4938527 86
7520061282 IMP  1237382 5
7520233606 IMP 11868266 314
7520484221 IMP  1580628 7
7520527826 Win  4543747 66
7520906701 IMP   662305 1
7521281363 IMP  1678987 9
7521321433 IMP  5769020 88
7521405255 Win  2755426 18
7521622171 IMP  7641759 78
7521886155 IMP  1936639 9
7521972820 IMP   631492 1
7522026437 Intractable. 12447334 445
7522207724 IMP  3101066 46
7522252424 IMP   642455 2
7522406868 IMP   554635 1
7522660689 IMP   877202 3
7522918824 IMP  1443671 10
7523199370 Intractable. 12807365 421
7523515589 IMP  1398692 7
7523531407 IMP  1271356 5
7523720165 IMP  6380577 72
7523779702 IMP  1518950 5
7523902804 Intractable. 13041399 514
7524095250 IMP  5976671 170
7524315830 IMP  2941186 20
7524859431 IMP  1154802 3
7524974006 Win   613888 2
7525392098 IMP  1381014 10
7525400901 IMP  6809189 73
7525440014 IMP  2945650 22
7525449255 IMP  2232626 10
7525452846 IMP 11311546 389
7525604876 IMP  1980724 7
7525719480 IMP  7260005 107
7525734651 Win 10841190 319
7525937695 IMP  5535157 54
7526029401 IMP  3644644 35
7526516759 IMP   743959 2
7526666535 IMP  4872378 38
7526795179 Intractable. 14844549 617
7526805272 IMP  7641737 358
7526852191 IMP  3748710 34
7526983707 IMP  2629188 45
7527012813 IMP  2441508 22
7527744674 IMP  3107293 17
7527826512 IMP  1147212 3
7527901078 IMP  6784474 118
7528063995 IMP  2408545 22
7528095178 IMP  3357957 14
7528284129 IMP  1521382 6
7528321822 Win   998933 4
7529023331 IMP   852673 5
7529118978 IMP   234698 0
7529147937 IMP  3051845 19
7529719389 Win 11197131 232
7529881714 IMP  7804016 180
7529928627 IMP   256880 0
7530065198 IMP  5094605 41
7530154255 IMP  1486498 18
7530827565 Intractable. 13869499 260
7531235944 IMP  7864581 189
7531296474 IMP  2335964 10
7531416532 IMP  3014832 20
7531445056 IMP  2435105 21
7531558988 IMP  3164392 17
7531771748 IMP   962477 3
7531819743 IMP  4555457 52
7532176092 IMP  7601655 97
7532237425 IMP  4373334 66
7532254954 IMP  3353598 23
7532416288 IMP  2623537 19
7532484730 IMP  2127153 8
7532531019 IMP  8480406 147
7532806380 IMP   709178 2
7533005507 Intractable. 15897265 396
7533369185 IMP   829829 6
7533767801 IMP  1908675 8
7534341271 IMP  5292260 46
7534545923 IMP   443984 1
7534604326 IMP  3116937 28
7534616237 IMP   902226 5
7534620543 IMP  4682188 117
7535176147 IMP  2776540 19
7535341285 IMP  3327540 24
7535404559 IMP  1867388 10
7535446527 IMP  8836209 192
7535688272 IMP   777674 2
7535722324 IMP  7264376 177
7535816607 IMP  3961293 49
7535872306 Win  2653488 24
7535936842 Win  6852259 71
7536024986 IMP  3490268 15
7536100799 IMP  3411493 26
7536152305 IMP  5186332 71
7536454972 IMP  2918312 26
7536468130 IMP  1360826 11
7536496082 IMP  1348849 4
7536587667 IMP  2322328 10
7536977317 Intractable. 12625494 445
7536980584 IMP  2401299 20
7537130427 IMP  9712795 224
7537336440 Win  6979796 84
7537350562 IMP   584876 1
7537473991 IMP  4054216 27
7537634872 IMP  1455594 8
7537758016 IMP  8635435 241
7538047475 Intractable. 12707585 262
7538142436 IMP  2482895 24
7538179028 IMP  2128507 9
7538813466 IMP 11125424 334
7538953922 IMP  2948284 21
7539122217 IMP  3570254 23
7539338226 Win  4059563 33
7539540486 Win  1768944 7
7539661323 IMP  2857283 18
7539746581 IMP  2319736 14
7540403362 Win  2628060 12
7540582594 IMP  5275048 43
7540803239 IMP  3895367 42
7540902104 IMP  1873216 7
7540922555 IMP  2548072 29
7541024181 IMP  1418210 6
7541108136 IMP  3638451 38
7541197854 IMP  4242450 49
7541403861 Win  1941850 7
7541448318 IMP  3425776 118
7541541244 Win  1616913 4
7541705875 IMP  2611863 9
7541924835 IMP  8835180 171
7542109201 IMP  4909857 53
7542184373 IMP 10622774 297
7542514465 IMP  6410914 68
7542541301 IMP   786158 2
7542726037 IMP  3591960 45
7542747989 IMP  4054039 23
7542980350 IMP  1341967 6
7543016582 IMP  1117003 4
7543045292 IMP  1494235 6
7543085256 IMP  1951436 8
7543164471 IMP  2032972 15
7543210321 IMP  1073832 7
7543338284 IMP  1159038 3
7543366375 IMP  1206952 5
7543721391 Win   770903 1
7543962212 IMP   670854 2
7543994813 IMP  2942683 36
7544027340 IMP  1061105 3
7544041253 IMP  9828996 224
7545203158 IMP   926131 12
7545293882 IMP  5866275 88
7545579828 IMP  2028581 9
7545826611 Intractable. 11745152 256
7546062440 IMP  4881480 59
7546154117 Win   693888 2
7546302684 IMP  1475995 10
7546420104 IMP  7682462 193
7546429956 Intractable. 12491612 248
7546514720 IMP  1579621 5
7546523801 IMP 13296093 341
7546603778 IMP   837036 2
7547044055 Intractable. 12935058 367
7547234901 IMP  7070600 223
7547737589 IMP  2150404 11
7548197727 IMP   571483 1
7548443698 IMP  2987906 44
7548580982 IMP  4668885 84
7548657608 IMP  6086032 75
7548813559 Intractable. 14401142 468
7549266391 IMP  1961275 15
7549352293 IMP  4079138 52
7549371663 IMP  2873858 17
7549405242 IMP   890714 5
7549448329 IMP  5018330 39
7549462679 Win  4512290 42
7549610969 IMP  5355230 62
7549809216 IMP  1262116 7
7549809840 IMP  9198550 166
7550054730 IMP  1622895 10
7550164036 IMP  6513521 68
7550234912 IMP  7779163 140
7550830814 IMP   378673 1
7550856456 IMP  1646969 6
7550856873 IMP  3854943 49
7550979363 IMP  4330351 137
7551031250 IMP  3268115 68
7551289905 IMP  2469416 8
7551893737 IMP  1375884 4
7552932600 IMP  2273112 27
7553078518 IMP  3141244 23
7553359276 IMP   382838 1
7553421733 IMP  2691733 12
7553641736 IMP  2079633 9
7553852724 IMP  6865144 109
7553933167 IMP  5591355 134
7554017195 IMP   977012 5
7554094447 IMP  4783519 51
7554278769 IMP  1204913 8
7554345566 IMP  1952130 11
7554540735 IMP  6085147 127
7554550608 IMP   154122 0
7554600499 IMP  5964373 68
7555004956 IMP  1160495 4
7555049667 IMP   838472 2
7555502704 IMP  2412267 16
7555580416 IMP   978007 8
7555803964 IMP   173507 0
7555922671 Win  5698698 51
7555926253 IMP  1033480 6
7556397272 IMP  8506319 198
7556520518 IMP  3743498 22
7556772070 IMP  2966620 26
7556874741 IMP   848616 2
7557205125 IMP   678405 3
7557704093 IMP  1278762 10
7557833874 IMP  4847991 39
7558076266 IMP  1836254 7
7558427955 IMP  5468523 77
7558434513 Intractable. 12229983 288
7558635432 IMP   893885 18
7558729985 IMP  2383167 16
7558952381 IMP   923887 8
7558953766 Intractable. 12335812 288
7558992400 IMP  8544695 147
7559030600 IMP  1875204 11
7559040159 IMP  7162931 99
7559158382 IMP  5001937 197
7559483458 Intractable. 13545998 373
7560144819 IMP  2664609 16
7560293599 IMP  4374291 58
7560331133 IMP  1611984 8
7560573356 IMP   676715 2
7560577593 Intractable. 14144786 556
7560919801 IMP 11472000 388
7561010975 IMP  1624953 5
7561063645 IMP  1638683 7
7561128528 IMP  4888741 83
7561134408 IMP  3065391 18
7561264510 IMP  2630635 12
7561631850 IMP   250184 0
7561639214 IMP  2380484 10
7561870664 Win  6784797 144
7561875092 IMP  1745761 7
7561898285 IMP  2257875 13
7561986885 IMP  2002282 10
7562212391 IMP  1588816 8
7562226433 IMP  1491220 9
7562312808 IMP  2200543 11
7562662580 IMP 11613326 195
7563348145 IMP    44210 0
7563423031 IMP  1300755 6
7563481571 IMP  1793921 5
7563609775 IMP  7744168 123
7563644177 IMP  1195262 4
7563954734 IMP  3345031 19
7563955042 IMP  2828367 19
7563990739 IMP   128822 0
7564015915 IMP   924004 6
7564298518 Win   161442 0
7564394163 IMP  4034449 64
7564456658 IMP   602869 1
7564711437 Win  3097255 18
7564996242 IMP  1259991 3
7565037750 IMP  2996102 37
7565101872 Win  1581286 4
7565132869 IMP  4422417 48
7565425324 IMP   988223 5
7565484224 IMP  5699483 72
7565690467 IMP  5331145 45
7565742893 IMP  1949827 24
7565871263 IMP  5520824 140
7565933056 Intractable. 13813479 350
7566405219 IMP  3055390 21
7566516747 IMP  6664999 97
7566550592 IMP  1493664 7
7566925141 IMP  6301557 68
7567145578 Intractable. 12798944 408
7567868090 IMP  1104649 5
7567915031 IMP  2127772 16
7567955526 IMP  2919225 13
7568872598 IMP  9414983 229
7568900384 IMP  2340215 8
7568915912 IMP  2703883 18
7568927095 IMP  4886328 111
7569176729 IMP   183790 1
7569227374 IMP   769443 3
7569265868 IMP  2118043 22
7569499941 IMP   435074 0
7569647756 IMP    72520 0
7569661412 IMP   876298 3
7569879028 Win  8013581 95
7569921467 IMP  1077700 6
7570289739 IMP  8964734 225
7570353556 IMP  9821433 258
7570367223 IMP  1444868 6
7570400322 Intractable. 12472698 417
7570727541 IMP  1772323 7
7570914927 IMP  8373727 165
7570965885 IMP  3184180 26
7570976109 IMP  5440892 46
7570984837 IMP  1690300 7
7571209809 IMP  1594321 7
7571210690 Intractable. 15029602 458
7571399319 IMP   647417 1
7571637551 Intractable. 13898072 529
7571842921 IMP   693056 3
7571889570 IMP  5934002 187
7572289107 IMP   745621 3
7572446682 IMP  4100903 38
7572562768 IMP  4139415 32
7572811206 IMP   846129 2
7573179255 IMP  7524688 197
7573746604 IMP   498705 1
7573945013 IMP  1539548 9
7574005434 Intractable. 14322182 279
7574234617 IMP   996676 2
7574348851 IMP  2771877 21
7574429784 IMP   302413 0
7574855493 IMP  9286982 139
7574922699 IMP  1838611 8
7574940886 IMP  5359489 93
7575015481 IMP  2122880 13
7575090845 IMP   364533 0
7575170615 IMP  1024901 5
7575206901 IMP  3353994 25
7575256831 IMP   502662 0
7575290576 Win  2912645 31
7575523555 IMP  4710477 73
7575747657 Intractable. 11055684 346
7575862475 Intractable. 13770012 321
7576041695 IMP  1499578 10
7576174065 Win  2928035 18
7576262238 IMP  1063000 5
7576708873 Win  1357581 3
7576806173 IMP  2981153 21
7576915191 IMP  1628012 9
7577054690 IMP  8225232 150
7577095243 IMP  3679390 22
7577217334 Win  1545584 6
7577603738 IMP  4286986 97
7577621492 Win  1429990 11
7578426375 IMP  1025827 4
7578474391 IMP   590626 3
7578610445 IMP  2688214 19
7578806959 Win  4819088 81
7578925760 IMP   721107 2
7579249318 IMP  2051958 11
7579548083 IMP  7768345 157
7579577695 Win  8926677 139
7579634142 IMP  2501611 17
7579830692 IMP  1583516 7
7579933484 Win   961946 5
7579949484 IMP  1370316 10
7579957025 IMP  4524270 87
7580184527 IMP   929144 3
7580341878 IMP  4536046 34
7580625090 Win 12068247 272
7580699896 IMP  1354091 4
7580743640 IMP  1420971 10
7580814073 IMP 10213379 357
7580886379 IMP  1733155 10
7581637977 IMP  1574904 7
7581651978 IMP  5850707 51
7581749389 IMP  6424132 107
7581773350 IMP  1393880 4
7581856184 IMP  3985393 46
7582023426 IMP  1013408 3
7582509487 IMP  1803158 6
7582512076 IMP  8957586 247
7582654751 IMP  5490107 98
7582707194 IMP 13283404 810
7582803801 IMP   680289 2
7583359582 IMP  2348168 13
7583524214 IMP  6976136 74
7584103846 Intractable. 15680414 372
7584208077 IMP   913348 3
7584228903 IMP  2951222 25
7584400026 Intractable. 12644796 320
7584623936 IMP  1009692 7
7584687715 IMP   792891 2
7584832436 Intractable. 14507535 547
7584862498 Intractable. 15412413 371
7584866521 IMP  1058254 4
7585419281 IMP  1167840 3
7585510770 IMP   462982 1
7585982811 Intractable. 12981102 303
7586030108 IMP  5901473 107
7586207867 IMP  8530538 112
7586365898 IMP  2273287 24
7586451368 IMP  3008677 14
7586574003 IMP  1018146 3
7586594569 IMP  3583892 26
7586645183 IMP  6894737 97
7586655765 Win  2923009 29
7586656286 IMP  2595759 17
7586688707 IMP  4332311 57
7587020378 IMP   865905 3
7587287871 IMP   771301 3
7587520994 Intractable. 12517817 289
7587760770 IMP  3706231 62
7587817513 IMP  2920959 32
7587985783 IMP   230488 0
7588009282 IMP  2139273 12
7588408553 IMP  4831703 53
7588448332 IMP  9186005 145
7588539199 IMP  7301148 232
7588794076 IMP  2342024 22
7588878886 IMP  5096630 58
7589159130 IMP  5551637 49
7589170000 Win  3293376 29
7589270600 IMP  9221095 360
7589480372 IMP  1939683 7
7590640701 IMP  5526748 64
7590866100 IMP  2806885 29
7591194983 IMP  3550541 27
7591306160 IMP 14908638 419
7591461306 IMP  3202343 29
7591533457 IMP   787740 2
7591634674 IMP  2115856 28
7591855950 IMP  1506802 6
7592071553 IMP  1002845 4
7592073534 IMP  2159778 11
7592200690 IMP   673928 4
7592552184 Intractable. 12432612 382
7592595053 IMP   654092 3
7592917785 IMP   762069 2
7593182078 IMP  2420297 12
7593275129 IMP  3949605 144
7593754604 Win  6334850 63
7593817106 IMP  1648325 7
7593822141 IMP  1923129 8
7594018026 IMP 11177585 258
7594659465 IMP  4523099 41
7594714793 IMP  1129873 5
7594798436 IMP  1934116 11
7595030249 IMP  1161787 6
7595177214 IMP  3304227 76
7595474946 Intractable. 13946967 431
7595521639 IMP  3268880 22
7595733976 IMP  6543426 149
7595738747 Intractable. 16125016 1131
7595889154 IMP  6652128 115
7596147813 IMP  4041478 50
7596298735 IMP  1323356 4
7596385644 IMP  3972013 23
7596764865 IMP  4485808 43
7596821734 IMP  1551649 6
7596900169 IMP  8745503 245
7597019748 IMP  4278917 34
7597038240 Intractable. 12236038 369
7597130563 Win  2255834 11
7597181171 IMP  2453468 14
7597399053 IMP   634197 1
7597665721 IMP   549232 1
7597721468 IMP  2551759 19
7597818715 IMP  9591976 138
7597905936 IMP   581996 1
7598006039 Intractable. 13165145 270
7598244116 IMP  1313299 4
7598389549 IMP   420929 2
7598740245 Win   310104 0
7598743438 IMP   524562 2
7599095012 IMP   562368 1
7599154747 IMP  7006596 88
7599251515 IMP  2166174 13
7599617106 Win  4939630 42
7599736926 Intractable. 14264593 1038
7599962511 Win  1265232 5
7600425591 IMP  7218054 107
7600864886 IMP  3124184 41
7601064666 IMP  4267664 29
7601119346 IMP   250436 1
7601171798 IMP  9132963 177
7601310961 Intractable. 11766213 308
7601651287 IMP  1672080 13
7601850255 IMP 10632627 176
7601918810 IMP   881742 2
7601940892 IMP 12292045 220
7602254449 IMP   473856 0
7602324026 IMP  1661187 6
7602961659 IMP   483975 0
7603081831 IMP   886241 4
7603084393 IMP  3382699 38
7603158309 IMP  2745658 11
7603203882 Intractable. 13194874 305
7603270489 Intractable. 13720968 269
7603442604 IMP   967012 2
7603520110 Win   539214 1
7603578695 IMP  1566759 7
7603605929 IMP  3021514 16
7603785222 IMP   943677 2
7604009504 IMP  2350380 20
7604015832 Intractable. 13478705 347
7604278113 IMP  1921168 10
7604376887 Win   523780 1
7604511454 IMP  3187977 21
7604617248 IMP   630184 2
7604653363 IMP  1618282 6
7604766278 IMP  2929377 39
7605142647 IMP  6124212 80
7605182219 Intractable. 11493673 367
7605202105 IMP   500338 3
7605486742 IMP  2269437 11
7605503387 IMP   954479 3
7605934569 IMP  2490130 18
7606286128 IMP  6017130 93
7606288707 IMP  1390288 4
7606497602 IMP   676806 2
7606676372 IMP  1374338 4
7606780748 IMP   420248 1
7607137794 IMP  3863833 50
7607517644 IMP  2776513 25
7607653786 IMP  3124008 21
7607946750 Win  6305117 67
7608601572 Win  3122483 19
7608644979 IMP  4586433 50
7608651486 Intractable. 12288626 253
7608787346 Win  2846759 29
7608948590 IMP  1283007 5
7609046025 Win  1486757 5
7609098147 IMP  1842709 19
7609243257 Intractable. 13511577 459
7609279022 Intractable. 11786967 449
7609797753 Intractable. 12399451 268
7610237901 IMP  1623454 9
7610309240 IMP  7460524 121
7610808616 IMP  1513267 6
7610836752 IMP  6025203 171
7611014564 IMP   629477 2
7611356078 IMP  2235833 16
7611529636 IMP   767491 1
7611545981 IMP  2535931 11
7611747324 IMP  4839750 45
7611790959 IMP    42982 0
7612158179 IMP    16045 0
7612174043 IMP  1720387 7
7612497860 IMP  1798636 8
7612864379 IMP  3071222 16
7613381687 IMP  2957083 23
7613393930 IMP  2667483 17
7613521269 Win  6746175 144
7613771102 Intractable. 13112690 334
7613856645 IMP  3107954 44
7614012398 IMP  6745113 105
7614208953 IMP  4503178 42
7614352996 Win  9511233 286
7614768002 IMP   745493 4
7615308249 IMP  3629603 31
7615354489 IMP  1032691 11
7615416841 IMP  4466319 32
7615448723 IMP  3650719 23
7615549301 IMP  4131546 66
7615707573 IMP  2032182 9
7615839424 IMP  8134905 148
7616149113 IMP  1929785 7
7616308826 Intractable. 13248509 369
7616489907 Win 10449628 173
7616570722 IMP  1124172 3
7616734931 IMP  7834843 103
7616741210 Intractable. 12705316 384
7617002854 IMP  2504809 24
7617122332 Win   390745 0
7617264558 IMP  1697717 7
7617343532 IMP  1702355 11
7617352541 IMP  1806124 17
7617399384 IMP  1933774 9
7617524472 IMP  1972291 26
7617599318 IMP   930512 2
7617804936 Win   997896 2
7618343577 IMP  2050093 9
7618799899 IMP  1835654 20
7618831200 IMP  2585564 24
7619084244 Win   271323 1
7619097190 IMP     9208 0
7619607958 IMP   368743 0
7619625234 IMP  7593984 126
7619756362 IMP  1254676 17
7619804616 IMP   761449 2
7620235992 IMP 10369463 247
7620289850 IMP  5861774 78
7620314571 IMP   646819 3
7620315412 IMP  3736750 70
7620772571 IMP   802660 1
7620832613 IMP  1503199 19
7620909402 IMP  7761281 149
7620922756 Intractable. 13634617 343
7621047195 IMP   482563 3
7621296594 Intractable. 12417114 291
7621489865 Win 10040742 207
7621624258 IMP  1228851 3
7621762575 IMP   353050 0
7622153448 IMP  3340509 33
7622772729 IMP  1054306 3
7623198242 IMP  1983576 9
7623292497 IMP  1425531 4
7623294838 IMP   473913 2
7623424351 IMP 10754879 342
7623565508 IMP  1244255 4
7623735497 IMP  3427055 32
7623831672 IMP  1626739 8
7624192312 IMP  4845027 44
7624427562 IMP  2936206 11
7624440563 IMP  6930434 94
7624467645 IMP  3838030 19
7625096856 IMP  3737097 64
7625232454 IMP  4453299 34
7625257047 IMP   728375 1
7625316922 IMP  1641548 8
7625414281 Intractable. 14753960 504
7625476978 IMP 13969491 251
7625549311 IMP  7000160 65
7625606181 IMP  1376733 8
7626043156 IMP  1647106 7
7626057124 IMP  7352970 120
7626196934 IMP  1354168 19
7626509156 Intractable. 12061593 339
7627173646 IMP  3488218 25
7627344678 IMP  2343998 13
7627459986 IMP  2159540 12
7627545197 IMP  1570537 7
7627581359 IMP   884162 2
7627657043 IMP   697193 3
7627828592 Intractable. 14613378 300
7628309732 IMP 10145972 229
7628417841 IMP  2508789 9
7628547773 IMP  1369519 5
7628760108 IMP   479044 1
7628807650 IMP   529800 2
7628883220 IMP    27339 0
7628989987 IMP  2572633 19
7629251196 IMP  1134230 4
7629497047 IMP  1968410 10
7630022689 Win  1794457 8
7630131441 IMP  3076097 22
7630160247 Win   178845 0
7630326750 IMP   825888 4
7630392973 IMP  3066641 22
7630798336 IMP 11656093 190
7631051468 Intractable. 13736412 292
7631322984 IMP  1988240 8
7631453196 IMP  6116656 158
7631548387 IMP   665799 2
7631678693 IMP  5039710 65
7631804416 IMP   559626 1
7632323662 IMP  2029125 6
7632433432 IMP  2637743 18
7632536185 IMP  1505930 6
7632569783 IMP   665021 2
7632790256 IMP   816251 1
7632979592 IMP  1291864 7
7633039774 IMP  5630118 87
7633089845 IMP  7064350 105
7633115209 IMP  2509157 15
7633122579 IMP   996273 2
7633255925 IMP 10747989 178
7633297765 IMP   747272 1
7633318481 IMP  4246294 49
7633340884 IMP   550808 2
7633544663 Intractable. 13880593 515
7633582100 IMP  5275507 63
7633727239 IMP  4353930 68
7633795073 IMP  1715435 10
7633819376 IMP  7505563 111
7633875066 Win   614671 1
7634080858 IMP   819968 2
7634082098 IMP  2492235 13
7634354389 IMP  6844561 99
7634384559 IMP  2126536 14
7634432566 IMP  3176722 35
7634578173 IMP  1883421 9
7634662331 IMP   343231 1
7634755734 IMP  2305648 14
7634831564 IMP  2716938 16
7634956564 IMP  1347230 9
7635770288 IMP  6892970 93
7635777244 IMP  1976622 8
7636262621 IMP  1740276 18
7636494310 IMP  5490639 73
7636719970 Intractable. 12457727 480
7636804689 IMP  1187024 5
7636823010 IMP  1026027 6
7637034588 IMP  5880480 101
7637076234 Win  9435325 142
7637127828 IMP  7399434 73
7637194343 IMP  8213976 155
7637536002 IMP  7372274 157
7637595573 IMP  2623800 12
7637676589 IMP  1091484 4
7637958770 IMP  2724286 21
7637990283 IMP  1205365 3
7638093993 Win  3850662 31
7638390492 IMP  4242997 30
7638457302 IMP   183647 0
7638555488 Win  9346296 171
7638611258 IMP  7676040 84
7638769937 IMP  1977735 10
7638816941 IMP   447523 1
7638917383 IMP 10510878 229
7638991609 Intractable. 12551410 277
7639051045 IMP  3857718 29
7639091001 IMP  3677383 33
7639162377 Win  1155170 5
7639429629 Win   233532 1
7639461064 IMP  2218948 12
7639462586 IMP  6658486 70
7639479391 IMP  4649273 33
7639519014 IMP  7603238 174
7639853158 IMP  6315152 261
7640047371 Win  6263662 58
7640518351 IMP  5693048 83
7640661418 IMP  5433024 41
7640743497 IMP  2290191 13
7641072524 IMP  1412561 8
7641315675 Win  3884612 35
7641697765 IMP  3024411 21
7641778149 IMP  7127846 125
7641897566 Intractable. 12394242 289
7642077909 IMP  1329271 4
7642096730 IMP   435820 0
7642246160 IMP  9138551 190
7642304628 IMP  6427255 214
7642380240 IMP   907631 2
7642490436 IMP  2148528 20
7642701160 IMP  3393244 42
7642940508 IMP  1274580 5
7643045167 Intractable. 13510674 288
7643226030 IMP   857282 2
7643345130 IMP  4948434 48
7643552187 IMP  4909126 83
7643672168 Intractable. 15096835 549
7643734201 IMP  2507450 36
7643745178 Win  1844583 7
7644148328 Intractable. 14334746 405
7644263895 IMP   539651 2
7644302243 Intractable. 13955273 463
7644510752 IMP  3711830 29
7644929975 IMP   888482 3
7645042803 IMP   677360 2
7645058247 IMP  1092195 3
7645185558 IMP   463509 1
7645213817 IMP  4927960 49
7645305504 IMP   137484 0
7645371421 IMP   904078 3
7646101385 Win   333078 1
7646195898 IMP  3077492 23
7646331870 IMP  3814225 27
7646374180 Win  1167787 3
7646576763 IMP  8412235 206
7646612806 IMP   115404 0
7646907997 IMP  4693845 55
7647029174 IMP  2189352 17
7647632208 IMP   472135 1
7647724673 Intractable. 13983160 426
7647978681 Win  6870925 92
7648199074 IMP   580529 1
7648309693 Win  2194475 25
7648385830 IMP  2693924 26
7648551918 Intractable. 13986386 319
7648772538 IMP  3316004 22
7649184381 IMP  1966536 9
7649235853 IMP  1732699 8
7649238509 IMP  1454380 13
7649591801 IMP  2424416 37
7649599520 IMP   979972 3
7649636742 IMP  2972692 13
7649827112 IMP  5232274 54
7650037172 IMP  2464641 15
7650113379 IMP  1873900 12
7650171243 IMP  1328582 3
7650516587 IMP  5596188 44
7650527385 IMP  1216577 14
7650854782 IMP  1994163 7
7650992972 IMP  3265893 86
7651030469 IMP  4419822 33
7651244917 IMP  9564724 266
7651479986 Win  2139621 10
7651485482 Intractable. 12606030 472
7651551128 IMP 12890591 588
7651644266 IMP  4518104 74
7651743251 IMP  1914938 8
7652038455 IMP  7572290 224
7652296596 IMP  3146649 21
7652422126 Intractable. 14237835 410
7652794270 IMP   535722 2
7653032479 IMP  1031549 3
7653053905 IMP 10055488 526
7653100081 Intractable. 12808983 254
7653327232 Intractable. 11810104 431
7653343496 IMP  1528987 5
7653801631 IMP   176436 0
7653941933 IMP  2217962 12
7653979706 IMP  5995528 71
7654248554 IMP  2220031 21
7654343507 IMP  1428542 4
7654425469 IMP  1608655 9
7654868592 IMP   390994 1
7655056131 IMP  2203412 13
7655102998 Intractable. 12664918 347
7655299435 IMP  9174380 341
7655445981 IMP  2048186 17
7655582381 Win   697394 1
7655698060 IMP  5094945 53
7655711472 Intractable. 13841136 447
7655825631 IMP  1511356 4
7655827589 IMP  8835354 143
7655892048 Intractable. 14840626 357
7655951810 IMP  1853834 8
7656055226 IMP  4415042 56
7656341439 Intractable. 12637942 370
7656489965 IMP   622882 2
7656490382 IMP  9046355 150
7656595407 IMP  1163854 4
7656659595 IMP   774075 1
7657976371 IMP  1887487 7
7658227699 Intractable. 11546910 261
7658288351 IMP  3741069 60
7658288506 IMP  3431173 32
7659328310 IMP  6193008 53
7659874286 IMP  4238486 34
7659997174 IMP  2986625 14
7660030333 IMP  4620162 35
7660303307 Win  4034497 61
7660527130 Intractable. 12307922 762
7660811932 IMP  1675506 10
7661555730 Intractable. 14912786 346
7661555916 IMP   781603 6
7661597874 IMP  1266436 6
7661650278 Win   902001 2
7661697084 IMP  9426472 186
7661789532 IMP  8797424 130
7661868629 Win  3042892 72
7661992026 IMP  1289030 4
7662041178 IMP  2007135 12
7662223980 IMP  3806945 33
7662285006 Win   479959 1
7662312191 Win  2369367 17
7662377216 IMP  1244770 6
7662391298 IMP  1402497 10
7662395655 IMP   484582 1
7662564888 IMP  1851117 20
7662689770 IMP  2129526 39
7662944209 IMP   890586 3
7663314033 IMP  5058961 33
7663509182 IMP  4923863 61
7663532004 Intractable. 14041999 276
7663711296 IMP  2823725 18
7663929808 Win  2757003 19
7664028069 IMP  1235656 5
7664202058 IMP 10421592 203
7664529406 Win  9665437 135
7664543401 Win  2543978 18
7664550840 IMP    62996 1
7664582270 Win  5006476 49
7664621632 IMP  2460772 10
7664660327 IMP 11146438 233
7664792432 IMP  5557737 65
7665063734 IMP  1375448 4
7665145676 IMP  1691930 5
7665165449 IMP  3343822 34
7665502219 IMP  1069833 3
7665752109 IMP  5132295 51
7665930327 IMP  1943598 22
7666001437 IMP  1566108 21
7666189193 IMP  3405244 24
7666663133 IMP   745963 2
7666744030 IMP   565697 1
7666749773 IMP  1480425 10
7666763068 IMP   292832 1
7666797335 IMP   683360 1
7667010067 IMP  9388573 156
7667096109 IMP  5288239 60
7667148793 IMP  3361574 21
7667281369 Intractable. 11462499 441
7667484205 IMP  2676561 20
7667505554 Intractable. 14961759 487
7667528551 Intractable. 14131598 378
7667599075 IMP  1385418 5
7667830071 Intractable. 13479108 406
7668141015 IMP  4584191 54
7668228048 Intractable. 11799155 339
7668454357 IMP  1404698 6
7668456304 IMP   756769 1
7668737303 IMP  1111406 3
7668793631 Win   405011 1
7669052903 IMP  4842569 53
7669330454 Win  6415860 47
7669401193 Win  5636151 59
7669527854 IMP    22481 0
7669545449 IMP   743371 2
7669687274 Win  1089428 2
7670119981 Intractable. 13300568 300
7670167398 IMP  2757064 22
7670222389 IMP  7714791 78
7670343625 Win   486083 1
7670602684 IMP  1132225 6
7670624529 IMP  4122011 69
7670903075 IMP  1562879 7
7670976462 IMP  2238520 8
7671062780 IMP  1276193 3
7671188703 IMP  2579555 22
7671466865 IMP  2411065 7
7671492184 IMP  4121468 36
7671784750 Win  8741883 127
7671788051 IMP   486143 1
7672321549 IMP   338556 1
7672750373 IMP  1498362 10
7673216247 IMP  1009380 5
7673414508 Intractable. 11452188 251
7673512281 IMP  3285902 23
7673600293 IMP  1219978 4
7673757492 IMP  1558465 13
7673983055 IMP  1775220 6
7674051789 Intractable. 13030070 945
7674103506 IMP  7849257 96
7674328383 IMP  2435755 18
7674412089 IMP  7898664 127
7674508317 Intractable. 13636694 351
7674518493 Intractable. 11646051 418
7674757284 Intractable. 12157264 290
7674823341 Intractable. 14146549 330
7674857798 IMP  2001323 11
7675078475 IMP  8589137 249
7675357089 IMP  2256492 15
7675373275 IMP  2966205 21
7675981154 IMP  3401899 20
7676118469 IMP  4653772 63
7676166817 IMP   750790 3
7676475938 IMP  1292846 5
7676478704 IMP  7036347 421
7676670237 Intractable. 12097970 392
7676757673 IMP  2799181 22
7676764421 IMP  1979387 44
7676968764 IMP  3640856 26
7677414994 IMP   235723 0
7677729844 IMP   887800 2
7677847091 IMP  1384259 7
7677903114 IMP 12955522 295
7678101118 IMP  3825200 84
7678485826 IMP  5623159 76
7678573676 IMP  1543215 9
7678622870 IMP  1600216 4
7678722580 Win  4430550 40
7678757105 Win  1716950 6
7678900765 IMP  7962178 110
7679094072 IMP  7442607 101
7679276132 IMP  2806984 16
7679356560 IMP  4007652 46
7679359887 IMP 10384625 507
7679386476 IMP   581410 3
7679546844 IMP   246479 0
7679771153 IMP  6914594 108
7679810890 IMP  2885665 18
7679931718 IMP  6197039 236
7679940851 Intractable. 12821886 403
7679977300 IMP  2079334 27
7680086269 IMP   473396 1
7680469389 IMP   477265 1
7680797742 IMP  1492525 6
7680805020 IMP  1114942 4
7680919988 IMP  1045179 3
7680946813 Intractable. 14580927 330
7681327209 IMP   300154 0
7681424367 IMP  1219923 8
7681458971 IMP   691318 2
7681697948 IMP  3084822 19
7681774806 Win   370964 0
7681777016 IMP   860895 2
7682266530 IMP  2725526 34
7682314946 IMP  2403797 15
7682574598 IMP  1128417 7
7682734611 IMP   530598 1
7683022184 IMP  5350557 58
7683455018 IMP  4189648 48
7683645088 Intractable. 13899476 448
7683681180 IMP  2040891 11
7683721157 Win  2217584 9
7683759334 IMP  1448475 6
7684245849 IMP  1366602 9
7684251134 IMP   777569 2
7684336286 IMP   899464 3
7684353040 IMP  4088600 60
7684473431 Win  1644157 12
7684528752 IMP  2146725 10
7684855442 IMP   990280 2
7684917377 IMP  3985705 31
7685007027 IMP  1879020 32
7685224269 Intractable. 13114210 458
7685721623 IMP  5927912 60
7685924514 IMP  3114938 39
7686690193 IMP  1230240 11
7686786952 IMP  1814694 10
7686799618 IMP  3080766 58
7687343920 IMP   695019 2
7687509420 Intractable. 11476252 386
7687619539 IMP  5321307 103
7687626705 IMP  8687167 208
7687698380 Intractable. 12117204 293
7687723017 IMP  3971095 64
7687836584 IMP  3620445 60
7687858160 Intractable. 11831022 264
7688254956 IMP  4590127 34
7688450930 IMP  2169658 8
7688578354 IMP  8633262 204
7688681534 Win  1645398 6
7689030168 IMP  1143880 12
7689450390 IMP  1609747 7
7689494077 IMP   912772 3
7689797257 IMP  2295311 14
7690296608 IMP  7131776 135
7690367977 IMP   907698 3
7690630729 IMP  3988507 30
7690713968 IMP   688458 2
7690774460 Intractable. 13349618 297
7690836552 IMP   581176 1
7690968720 IMP  4910816 147
7691010151 IMP 15608598 711
7691136337 IMP  6689610 135
7691195732 IMP  3075123 35
7691569014 IMP   625866 2
7691605565 Intractable.  9753921 280
7691692950 IMP  3739448 35
7691744140 IMP  1303605 3
7691748050 IMP  1093054 4
7691868620 IMP  2422381 17
7691922407 IMP  9399212 222
7692011802 IMP  2839173 19
7692168857 Intractable. 12656428 243
7692459488 IMP  3498605 27
7692907288 IMP  1962696 12
7692997007 IMP  4141341 46
7693096607 IMP  3381647 21
7693446522 IMP  1311410 5
7693642568 IMP   869514 2
7693709325 IMP  4510146 59
7693858769 Win  5863316 62
7693880842 IMP  3388780 37
7693976707 IMP  1046992 5
7694050824 IMP  4105118 36
7694218970 IMP  2817843 23
7694259079 IMP  4095761 50
7694381136 Win   536247 1
7694640626 Intractable. 11198705 576
7694670439 IMP   697327 3
7694767539 IMP  1462432 4
7694803524 IMP  1474943 6
7694968437 IMP  2175191 19
7695255892 IMP   543442 3
7695431932 Win   503600 1
7695446539 IMP  1597440 16
7695471221 Intractable. 12310703 412
7695696412 Win  1718546 8
7696016571 IMP   922098 5
7696072325 IMP  1617494 6
7696077247 IMP  1621333 10
7696142084 Intractable. 13734779 569
7696528622 IMP   309000 0
7696649721 IMP  1549058 6
7696662437 IMP  4017097 54
7696788549 IMP  1716879 6
7696965469 IMP   770208 2
7697036741 IMP   283890 1
7697049487 IMP  2227935 29
7697128238 IMP   895395 2
7697159565 Win 10788800 395
7697195364 IMP  1357775 9
7697545457 IMP  8210425 126
7697828958 IMP   616697 1
7697877446 Win  1342697 5
7697989612 IMP  2806070 19
7698202904 IMP   984851 3
7698234056 Win  1401226 4
7698347479 IMP   752947 2
7698586248 IMP  2447177 19
7698639005 IMP   532303 1
7698989986 IMP   767984 3
7699173913 IMP   843399 3
7699291825 IMP  1496552 12
7699456020 IMP  1874736 11
7699480607 IMP  1160071 5
7699592003 IMP 10712277 192
7699719065 IMP   659089 1
7699743284 IMP 10337123 271
7699967382 Win  3464329 21
7700196032 IMP  2463942 11
7700510284 IMP 10762462 575
7700678428 IMP  2719379 24
7700798222 IMP  2022954 10
7701199935 Win   435888 1
7701244404 IMP   508296 1
7701438460 IMP  3022297 16
7701704618 IMP  2282792 10
7701747273 IMP  4886389 77
7701814475 IMP  3464689 20
7702083482 IMP  4433047 59
7702105803 IMP  2856976 26
7702224291 IMP  1683991 5
7702266069 Intractable. 11972074 476
7702285442 IMP  3145035 28
7702791407 IMP 10536873 189
7703151572 Intractable. 11986054 265
7703242544 IMP   529830 2
7703337239 IMP  2038577 11
7703489742 IMP  4581413 36
7703618454 IMP   740276 2
7703786866 IMP  3774733 62
7703822673 IMP  1701535 5
7703909242 IMP  1547602 7
7704043346 IMP  3219934 33
7704110262 IMP  3270549 16
7704250824 IMP 12009832 371
7704322797 IMP  3314785 21
7704438205 Win  1413738 8
7704454447 IMP   898384 2
7704569969 IMP  4518434 52
7704580209 Win    37829 0
7704583650 IMP  1512929 5
7705055452 IMP  1554700 9
7705055959 Win  3866354 43
7705092408 IMP  4953462 62
7705436433 IMP  1084003 5
7705504130 IMP  1193693 4
7705802948 IMP   624795 1
7705887847 IMP  1881395 12
7706532084 IMP  3423452 38
7707225448 IMP  3883404 33
7707558855 Intractable. 13074572 408
7707563057 Win   537990 1
7707612242 IMP  2755972 17
7707616644 IMP  4960871 38
7708041015 Win  2983488 27
7708042797 IMP  6801678 174
7708059692 IMP   917779 2
7708141016 IMP  2246839 8
7708142423 Intractable. 14739215 343
7708250671 Intractable. 12676429 241
7708276007 IMP  1191663 3
7708434938 IMP  6323411 191
7708643625 IMP  9270245 141
7708686614 IMP  1658957 10
7708847076 IMP  6830719 84
7708945887 IMP  9244673 138
7708987229 IMP  1586143 6
7709334735 IMP  1637318 5
7709384032 IMP  3559995 25
7709484196 IMP  4159236 27
7709677861 IMP    75047 0
7709885327 Intractable. 13044567 306
7710086915 IMP  4067149 42
7710916814 IMP  5256558 42
7710988338 IMP   462241 1
7711151351 Win    99442 0
7711374205 Win  6358375 70
7711531603 IMP  1740625 9
7711816986 Win  1778468 10
7712122066 IMP  5845380 91
7712239312 IMP  1708307 8
7712303138 IMP  1770992 17
7712336500 IMP  9137994 192
7712571693 Intractable. 12358892 408
7712787548 IMP  6079622 78
7712939762 IMP   666352 1
7713016443 IMP 10670113 525
7713079778 IMP  1018973 18
7713083046 IMP  9264110 143
7713165684 Intractable. 15733789 473
7713276103 IMP   917542 3
7713434390 IMP  5805481 65
7713455695 IMP  2941557 21
7713462446 IMP  4957935 59
7713872710 IMP 11652309 272
7714010974 Intractable. 14898582 433
7714172352 IMP  3498231 99
7714731715 IMP  1560174 8
7715003041 IMP  3919425 33
7715132119 IMP  6141572 87
7715134734 Win  2209347 11
7715750255 IMP  2362828 11
7715775247 IMP  1108970 8
7715961383 IMP  1341558 10
7716194829 IMP  3139546 29
7716302391 IMP  8933994 156
7716333983 IMP  6864130 185
7716537176 IMP  2313205 11
7716677658 IMP  1176570 5
7716845901 Intractable. 14041283 291
7717225579 IMP  2084008 27
7717231101 IMP  1258236 6
7717319595 IMP  1257253 3
7717343717 IMP  5927978 131
7717605955 Intractable. 12014381 505
7717812547 Intractable. 12497095 381
7718054346 IMP  1728433 8
7718243118 IMP  6061902 174
7718534614 IMP  2326331 8
7718946942 IMP  2476129 14
7718998123 IMP   352742 1
7719011746 Win  1657260 10
7719087655 IMP  4052143 27
7719336035 IMP  2376255 12
7719521343 IMP   426029 1
7719654332 IMP  6654797 123
7719823070 Intractable. 10830547 355
7720050272 IMP   148535 0
7720583051 IMP   558069 1
7720730155 Win  2601132 14
7720843045 Win 11549123 225
7721334244 IMP  2426911 10
7721396013 IMP   413139 1
7721396751 IMP   822782 3
7721422456 Intractable. 13850375 285
7721463313 IMP   628956 2
7721577255 Win  4563869 38
7722011103 IMP   685083 2
7722117757 Win    73432 0
7722155048 IMP  1900929 45
7722281009 IMP  5748907 55
7722579235 IMP  5587944 77
7723133705 IMP  3090860 19
7723165434 IMP  1271182 4
7723192650 Intractable. 13265153 445
7723247982 IMP  6540776 114
7723278442 IMP  9034941 102
7723340334 IMP  3127324 25
7723626173 Win   501739 2
7723747281 IMP   930851 3
7723987250 IMP  1412258 3
7723990078 IMP    52838 0
7724271683 Win  2507418 14
7724315882 IMP  4793886 79
7724505403 IMP  1085582 4
7724514248 IMP  8655422 280
7724742350 Intractable. 13967338 582
7724852716 IMP   993350 2
7725108359 IMP  1493027 10
7725497350 Intractable. 13055006 596
7725692168 IMP  2451095 12
7725739626 IMP   624732 1
7725852719 IMP   535756 1
7725854164 IMP  5545598 49
7725946813 IMP  1553331 11
7726069708 IMP  1840124 10
7726254664 IMP  6772159 60
7726531857 IMP  2942846 16
7726767292 IMP  3799994 39
7726900894 IMP  5177690 86
7726931121 IMP  6407253 196
7727295733 Intractable. 11253075 337
7727398183 IMP   679006 1
7727457566 IMP  6173572 264
7727482759 IMP  3232902 14
7727567795 IMP  1294898 6
7727649729 IMP  3727754 39
7727805804 IMP  3422490 19
7727943988 IMP  1918953 8
7728175337 Win   741757 1
7728657068 IMP  1115975 3
7729037944 IMP  1716940 13
7729348555 IMP   526684 1
7729520955 IMP  4084850 26
7729610617 IMP  7864396 102
7729638640 IMP  4413152 37
7729829340 IMP   769107 3
7729933721 IMP  6342188 233
7730573045 IMP  4459828 42
7730702279 IMP  3954645 37
7730853758 IMP  6612869 84
7730883579 IMP   417040 1
7730923200 IMP  3912342 55
7730992900 IMP  8173367 165
7731037142 Intractable. 13737112 624
7731576696 IMP   700328 1
7731596149 IMP  7576047 128
7731908253 Win  1141207 7
7731926638 IMP  4162379 34
7732004799 IMP   662865 2
7732107687 Win  1319191 6
7732326476 IMP  5003235 77
7732429761 IMP   303683 1
7732715345 IMP  1971794 7
7732725026 IMP  2729798 16
7732770230 IMP  4551773 56
7732790064 IMP   380681 0
7732791892 IMP  4684517 52
7732802578 IMP  1667409 8
7732857502 Win  6513238 93
7732953161 IMP  4685366 37
7733097141 IMP  6415474 96
7733136186 IMP   816077 3
7733274468 Win  2702063 21
7733517596 IMP  4446309 31
7733535446 IMP  3006512 25
7733610014 IMP  1578395 4
7733713631 IMP   816433 2
7734008323 IMP  7407235 108
7734013917 IMP 11994588 268
7734181345 IMP  7576509 238
7734186696 IMP  1872176 15
7734213536 Win 11498148 365
7734256039 IMP  1341658 5
7734408697 IMP   753747 2
7734410663 IMP  5747736 62
7734501422 IMP  3549680 36
7734778127 IMP  1378779 7
7735093292 IMP   605575 2
7735265422 IMP  1988010 6
7735325966 IMP  3493498 28
7735343335 IMP  6443612 81
7735389990 IMP  3055791 23
7735655592 IMP  1464863 9
7735720203 IMP   582905 2
7735732276 Intractable. 18106483 548
7736261132 Win   231496 1
7736298107 IMP   625227 4
7736339996 IMP  3034505 19
7736879151 IMP   748725 1
7736941906 Win  4440629 30
7737005074 IMP   953308 3
7737094359 IMP  1398158 5
7737396755 IMP  3156825 114
7737429305 IMP  2223633 8
7737774469 IMP  1163367 3
7738129908 IMP   483631 0
7738295599 IMP  4963796 44
7738418530 IMP  1106484 5
7738488180 Win    43785 0
7738668254 IMP  7902077 117
7738918516 IMP  1162427 4
7739216321 IMP  2397851 11
7739331891 IMP  2388612 60
7739354243 IMP  4866255 51
7739423976 IMP  2655525 24
7739497262 IMP  2110702 22
7739572093 IMP   215441 0
7739610179 IMP  2248282 12
7739919909 IMP  1378554 6
7740185094 IMP  3797581 25
7740227601 Intractable. 11619451 310
7740489704 IMP   684945 1
7741006206 IMP  1143655 12
7741135526 IMP  2221805 16
7741596394 IMP  1735417 10
7741725609 IMP  2229362 20
7742131134 IMP  2185455 7
7742650810 IMP 11284772 356
7742769847 IMP  2977471 16
7742886607 Intractable. 10818755 501
7743101265 IMP   951158 3
7743263437 IMP  2310910 15
7743372497 IMP   568532 2
7743547545 IMP   413853 1
7743650207 Win   408155 1
7743733971 IMP   898620 3
7743763593 IMP  3281535 22
7743834491 IMP  4509920 128
7743874691 IMP  4553704 35
7743909679 IMP  1233368 13
7744136213 IMP  3853422 21
7744727563 IMP  5537784 74
7744932518 Intractable. 13820486 258
7745093588 IMP  1491508 5
7745387562 IMP  1505669 6
7745627198 IMP  1217747 6
7746054351 IMP  2885211 12
7746163073 IMP   892846 2
7746204701 IMP   723401 2
7746244446 IMP  4204245 26
7746530118 Win    17424 0
7746612234 Win  1800937 8
7746678554 IMP   978296 3
7746751276 IMP  2788529 19
7747001396 IMP  1031643 3
7747283422 IMP  4483767 93
7747289527 IMP  3744659 25
7747326720 Win  5025790 49
7748163324 IMP  9750946 170
7748460906 IMP  1839719 17
7748595413 IMP  1428350 7
7748705283 IMP  8313498 134
7749212932 IMP  5285198 63
7749367799 IMP  7086780 83
7749421859 IMP  7569975 109
7749542737 IMP  4932949 53
7749743875 Intractable. 11791813 478
7749850205 IMP  1802965 12
7749924012 IMP  1465760 5
7749982519 IMP  1320371 8
7749995522 Intractable. 12376522 255
Number of Freecells: 3   Mode: 

Winnables: 137
Impossibles: 1228
Intractables: 139
Total time: 32 Hours, 55 Minutes, 35 Seconds
