500264302 IMP  2544348 21
500554863 IMP  3150227 16
500601599 Win  5602619 43
500971848 IMP  6681669 142
501296715 Win  4482205 64
501314324 Intractable. 11207291 199
501350372 IMP  4551113 34
501359654 Win    11690 0
501384877 IMP  9875652 146
501450241 Win  1982050 16
501582581 IMP  5097215 58
501725079 IMP   280571 1
502174834 Win  2596394 12
502315326 Intractable. 14370278 280
502628481 IMP  4149022 59
502674720 Win  2103046 7
502683967 IMP  4861783 55
502799279 IMP   620060 2
502872268 Win  6770090 69
502922182 Win  1105566 2
503323676 Win  7037812 61
503447218 Win 11175873 333
503483762 IMP  1162683 6
503507885 Intractable. 12096330 213
503777261 IMP  2031093 7
503782570 IMP  2122717 14
503904840 IMP  1777878 8
504070249 Intractable. 12881396 205
504235436 IMP  1122843 2
504255545 Intractable. 12958724 312
504413120 IMP   976431 2
504702827 IMP   585267 2
504816755 Win  1251422 3
504821611 Win 10477639 211
504836844 IMP  1195682 3
504935467 Win   101114 0
505020138 IMP   901755 2
505056350 Win  4482361 36
505268737 IMP  1321788 2
505365011 IMP  6477601 75
505400047 IMP  1276374 9
505582704 Win  7321076 75
505600431 IMP  1215800 3
505678238 Intractable. 12443849 495
505782445 Win  4545599 36
505834199 IMP   227680 0
505900274 Win  1065051 3
505900901 Win  1720385 4
505955330 Intractable. 12790952 421
505997762 Win 12702286 279
506059397 IMP  3408094 28
506128194 Win  1740690 5
506132101 Win  3101668 13
506147407 IMP  3372633 34
506283047 Win  1276681 3
506301522 Win  4572960 33
506317807 IMP  6606325 90
506393527 IMP  1690418 10
506473884 Intractable. 15190778 281
506488357 IMP   989820 3
506632543 Win  4178006 27
506834120 IMP  2882652 25
506871113 IMP  2623792 14
507135974 Win   699105 4
507287521 IMP  2773742 12
507452284 Win  1294640 4
507555311 IMP  5788834 125
507614039 Win 12968796 222
507697063 IMP  7902895 120
507732980 IMP  5310931 38
507982719 IMP  1131298 7
508116302 Intractable. 14522528 249
508187169 IMP  3255026 32
508310530 IMP  2436225 26
508340177 IMP  4854855 90
508355524 IMP  6492121 179
508371939 IMP  1406036 4
508635001 Win  1463304 3
508657672 Win  3388350 14
508698095 Win 14724479 258
508777306 IMP  4166788 29
508806159 Intractable. 11662591 456
508825487 IMP  2070024 11
508970455 IMP   265894 0
508983452 IMP  8812242 185
509146928 IMP  4158410 25
509208010 IMP  1426649 4
509381119 Win  6192800 63
509553282 IMP  1033175 3
510006310 Win   639137 1
510167803 Intractable. 12249681 284
510269905 Win  5212572 39
510307742 Win  1799080 6
510402603 IMP   330238 1
510451264 Intractable. 12828631 441
510534011 Win 10455697 268
510541087 IMP  2476783 18
510720113 IMP  2103404 8
511053969 IMP  7718181 139
511084949 IMP  1931403 11
511200934 Win  3532612 20
511240190 IMP  3211225 55
511281171 Intractable. 16018880 301
511304981 IMP  5287444 179
511328055 IMP  2902239 25
511391365 Intractable. 12606519 593
511400330 IMP  2912226 43
511423871 IMP  9631832 189
511433723 Intractable. 12120297 511
511618422 Win   393401 1
511657604 IMP  1183359 3
511767453 IMP  2324496 11
511780927 IMP   725077 2
511961465 Win   992096 3
511963023 Win  4734318 29
512007316 Win  2270064 13
512053356 Win  1730814 7
512118302 IMP 11343082 223
512227285 IMP  1680366 6
512332048 IMP  3588295 47
512393185 IMP  3988205 37
512460029 IMP  6248781 122
512484722 Win  7043770 67
512531192 IMP  4130546 33
512540460 Win   950892 2
512652257 IMP  4069582 27
512928245 IMP  7640254 223
512949602 Win  6438576 52
513044554 IMP  2188618 12
513085041 Win  2746908 12
513517957 IMP   289731 1
513563664 IMP  1573644 5
513647917 IMP   825234 2
513682869 IMP  3200268 15
513723996 IMP  4152092 37
513740718 IMP  1496590 6
513930220 Win  2580246 8
513933522 IMP  1899017 6
513986668 IMP  1051086 2
513997059 Win   668844 1
514072973 Win   106213 0
514800609 IMP  1947008 8
514851289 Win  5425627 97
514871877 Win   556616 2
515071083 Win  6155527 58
515114720 Intractable. 14050603 292
515275274 Win 10081908 112
515361448 Intractable. 15348962 272
515469089 IMP  2317852 13
515488666 Win   850615 2
515493628 Win  2761709 11
515501275 Win  7699655 94
515689240 IMP  8645351 159
515790500 Win  7928768 96
515947543 Win  3487652 15
516018344 IMP 10417870 167
516236378 IMP  1441968 18
516247038 IMP  2927560 30
516362020 Win  1922312 6
516387307 Win  1506384 4
516496074 IMP   925046 3
516505106 Win   697336 1
516543156 Intractable. 11459310 458
516659983 IMP  2934778 14
516855952 Win  9423132 414
517102414 IMP  1760982 10
517776449 Intractable. 12137588 186
517799442 Win  2845056 15
518019021 IMP  4142490 29
518163294 Win  5797449 61
518174486 Win  7616431 73
518403656 IMP  4100463 18
518487097 IMP   344706 1
518716847 IMP   949973 2
518722813 IMP   710974 2
518738568 IMP   680236 2
518754315 IMP  8934113 921
518781233 IMP  1533549 6
518853472 IMP   561191 2
518920836 IMP  1284582 8
519247482 IMP  1369358 11
519740789 IMP  2820972 22
519891338 Win  1057305 3
519979771 IMP  8178525 304
520111922 Win  9560942 137
520430897 Win   579634 1
520550190 IMP  1487330 13
520659540 Win  1876250 5
520785215 IMP  1060856 4
520900510 Win  1273634 2
520962054 IMP   744227 1
520999602 IMP  2387378 10
521091309 IMP 11080854 427
521193282 Win  6729900 80
521244082 IMP  2362477 34
521431237 IMP  2185555 11
521498729 IMP  7278135 135
521572552 Win    29392 0
521800241 Win 10367582 170
521894265 IMP  2782270 13
521949919 Intractable. 12466415 419
522047532 Win  5013060 34
522307759 Intractable. 12811196 271
522392663 IMP  2604699 34
522446715 IMP  2232360 9
522611164 IMP  1571964 6
522681601 Win  2702197 15
522799378 Win  1261616 4
522853079 Win   846021 4
522925013 IMP  1574926 5
522992895 Intractable. 13224753 239
522995015 Win   476498 1
523122260 Win    82540 1
523265721 Intractable. 13015515 436
523416896 IMP 10960558 225
523503018 IMP  2293631 10
523514776 Win  2654028 19
523770149 IMP 11472706 458
523862554 Win   697990 2
523933630 Win   273855 0
523971989 IMP  7735271 99
524236871 IMP  1472229 5
524318300 Win 10950111 120
524431464 IMP  1514733 3
524554611 Win 11514176 220
524570229 IMP  2799930 68
524651322 Win  6791744 80
524669297 IMP   835440 2
524704486 Win  1632520 5
524927700 Intractable. 13077041 254
524939629 IMP   913014 2
525019149 Win  4469727 30
525190802 IMP  2187790 18
525191925 IMP   901412 2
525640094 Win   342465 0
525860783 IMP   801963 3
526165882 Win  2962787 18
526195566 IMP  6327274 55
526625534 Win  7563148 64
526654116 IMP  1593548 8
526843015 IMP  1065415 4
526920411 Win  1053698 2
527000932 Intractable. 13088384 261
527130817 IMP  1976722 8
527163243 IMP   663098 1
527196207 IMP   539593 1
527276308 IMP  4435623 62
527549454 IMP  1258282 3
527724506 IMP  1887307 15
527786303 Win 10483569 233
527791153 Win   817091 1
528015347 IMP  2212860 12
528108969 Intractable. 12290947 241
528170689 IMP  3093593 31
528475625 Win  4535009 41
528475711 IMP  2500794 16
528618298 Win   672370 2
528854111 IMP   865857 3
528884389 Win 10588321 161
528951788 Win  7536879 128
529006708 Intractable. 12073447 555
529247077 Win     3283 0
529301852 Win   777979 2
529310353 IMP   427747 1
529347489 IMP   799365 2
529366464 Win   559354 1
529398486 Win    10222 0
529566452 IMP  3301763 29
529829345 Win  7935040 147
529837537 Intractable. 13249958 313
530088432 Intractable. 11007111 286
530125785 Win    21739 0
530177300 Win  6610491 116
530223358 IMP  1282351 3
530271384 Intractable. 12991236 456
530281331 Win  4462023 33
530312905 IMP   691347 2
530360351 Win 12196284 354
530365324 IMP  8201956 96
530412574 Win  7935760 222
530453454 IMP  6285196 72
530487261 IMP  4025478 72
530721901 IMP  5264377 80
530873463 Win  4632821 35
530955796 IMP  7024080 69
531029402 IMP  5830430 73
531047532 Win 11174246 249
531135883 IMP 12506968 250
531201277 IMP  3528004 55
531317925 Win  1349519 7
531397022 Win    80449 0
531474424 Win   403638 1
531509779 IMP  1005275 4
531664604 Win  1490287 8
531721198 Win  7667018 136
531808922 Win   289323 0
532039086 Win   318041 1
532109707 Win  2673695 14
532137512 IMP  1415282 7
532165302 Win    53064 0
532207664 IMP   678490 3
532598092 IMP  2850434 31
532621801 Win   124726 0
532698219 Win  1089298 4
532754154 IMP  7129537 372
532809846 Win  5330494 73
532827079 IMP  9831308 463
532841572 Win   545291 1
532898757 Intractable. 11838366 391
533076127 IMP  2194403 11
533136808 Win   334856 1
533194665 Win  5865868 119
533196564 IMP  1050603 5
533240440 Win   280942 0
533251033 Win   132480 0
533253634 Win   813468 3
533329219 IMP   484078 2
533402972 Win    92857 0
533411931 Intractable. 12502204 545
533421363 IMP  2253076 24
533462689 Win  1369362 5
533495757 Win  1608867 7
533524076 Win  1431405 4
533569213 Win   672620 2
533663508 Win  1122960 7
533689358 Win   137624 0
533696245 Win    80244 1
533734793 Win  3066382 33
533751780 Win  2430121 12
533752648 IMP   570686 1
533768744 Win  2129424 11
533854379 Win    31901 0
533895628 Intractable. 13794896 310
533899231 Win   292405 1
533999318 Win  2187253 19
534042989 Win   772834 2
534173831 Win  5357107 59
534222160 Win   271944 0
534241436 Win  4832417 71
534305231 Win  4597246 46
534319322 Win   766063 1
534394975 IMP  1343862 21
534402670 IMP   965426 3
534445867 Win  3703047 40
534479761 Win  1845046 7
534479858 Win  8981225 119
534614549 Win   196034 0
534806202 Win     5400 0
534884382 IMP   805897 3
534979025 Intractable. 13216777 302
535039619 Win 11926631 312
535165544 Win  8072904 218
535277263 Win  6266096 93
535486325 Intractable. 12324547 492
535561042 IMP  5739570 63
535599379 Win  1372357 4
535627336 IMP  3242943 22
535710864 Win  1271343 4
535713730 Win    13869 0
535734052 IMP  9763639 332
535778430 IMP   799168 3
535843769 Win  4193761 51
535953403 Win   193391 0
536031449 Win     1378 0
536045591 IMP  1108897 6
536136086 Win  4909494 55
536233939 Win  3242798 25
536406520 Win   657422 1
536415121 Win    23181 0
536600279 Win   692830 2
536605596 IMP   453218 1
536635155 Win    98992 0
536686617 IMP   415897 1
536784713 Win  9991618 300
536845025 IMP  1544482 6
536891661 Win  1009629 6
536929434 Intractable. 11993960 314
536943712 Win  4896472 68
537011979 Win    39603 0
537025837 Win  3065036 14
537044596 Win   651362 2
537052914 Win    24484 0
537081817 IMP  2416651 37
537163380 IMP  2830310 29
537246564 IMP  5452422 130
537301921 Intractable. 12363575 511
537332982 IMP  6787427 138
537342574 Win   336996 1
537396188 IMP  4693548 111
537405905 Win   334534 1
537423271 Win   910752 6
537444220 Win   718152 3
537496876 Win   386483 1
537553593 Win   393653 1
537658955 Win  1562523 5
537714993 Intractable. 12661572 470
537777520 IMP  2699319 17
537783188 IMP  1632389 6
537835252 IMP  6457008 106
537926437 IMP 10969192 264
537957371 Win   929055 3
537977320 Win    23890 0
537985691 Win  6515375 117
538108447 Win  1788999 8
538182755 Win  2386279 51
538261796 Win   772204 3
538298158 IMP  2283953 15
538322084 IMP  3711654 84
538332484 Intractable. 11390697 361
538340257 Win  3041505 15
538360198 Win   465989 1
538366875 Win  7486427 147
538386677 IMP   665447 2
538514059 IMP  4276268 38
538786794 Win   348782 1
538791977 IMP  5340091 110
538829312 Win  5657424 46
538870056 Win  6492814 187
538902381 Win   100644 0
538972923 Win   900898 3
538993191 IMP  1007690 2
539128846 IMP  2514674 17
539137291 Intractable. 13398099 252
539246084 Win   591797 1
539249768 Win  4041167 30
539258914 IMP  4362828 28
539264917 Win   168024 0
539309047 IMP 11349841 622
539338756 Win  2577251 24
539385381 Win   489826 0
539447137 Win     4874 0
539450821 Win   271554 1
539455212 IMP   196279 0
539484925 IMP   520638 1
539533772 Win  2624504 22
539550255 IMP   967114 8
539559482 IMP  2820585 28
539590498 Win     4842 0
539602630 Win   313726 0
539664296 Intractable. 11656165 401
539673281 Win   822942 2
539678891 IMP  3057520 89
539679416 Intractable. 12896208 613
539858076 Win   233656 1
539923089 IMP  8788402 333
539943257 IMP  8162028 330
540031761 Win    17402 0
540094206 IMP    53906 0
540131639 Win  1922714 8
540170024 Intractable. 13827686 308
540178574 Win   430737 1
540195782 IMP  1077820 2
540354608 Win   975280 3
540382263 IMP  4051168 25
540392947 Win  5499377 56
540404452 Win    60571 0
540557744 Win   713099 2
540714921 IMP   649470 2
540800921 IMP   811602 3
540845930 Win  3376836 14
540917221 Intractable. 11481406 375
541044949 Win     5639 0
541227408 Win   205771 0
541263816 Win    40741 0
541297965 IMP   343073 1
541359000 Win     5862 0
541469895 Win   623829 1
541541169 IMP  7260104 93
541543251 Win  1574864 5
541543566 Win   335101 0
541574473 IMP  5101402 75
541613927 Win    62613 0
541698031 Win    31498 0
541706934 IMP    43296 0
541719439 Win 12064087 324
541856294 Win  1698861 7
541856970 Win   706380 2
541919984 Win  8066027 114
541921456 Win   581820 1
541972564 IMP  1435153 3
541983542 Win 11452577 175
541998453 IMP  1176869 6
542031745 Win   442474 0
542121324 Win  1147475 4
542178005 IMP  2187902 9
542329909 Win   555490 1
542352392 Win  2093695 7
542382207 Win   377873 0
542467277 IMP  1122508 3
542553419 Intractable. 11755490 330
542574487 Win  3739347 18
542582217 Win   584969 2
542671281 IMP   564781 1
542681205 Intractable. 13571749 309
542689525 Win  4388232 61
542695708 Win   689722 1
542711314 IMP  2099158 11
542762610 IMP  2562504 13
542862618 Win   146576 0
542888497 Win   407001 0
542997725 Win  6802153 59
543056545 IMP  3534600 32
543134563 IMP  3127375 52
543178697 Win  1839124 7
543187396 Win    47954 0
543238616 Win  3434091 14
543297898 Win  3984256 40
543371538 Win    14103 0
543375408 Win   505880 1
543402753 Win    79803 0
543414359 Win   101914 0
543424422 Win 12287175 229
543467602 Win   582844 1
543492564 Win  1599594 5
543505653 Win  1741744 5
543671221 IMP  1587272 4
543719314 Win  2889101 15
543727287 IMP  1617003 5
543777968 Win  7441810 62
543784512 IMP   982751 3
543816392 Win  3377045 32
543839421 IMP  1474880 12
543899535 IMP  2823264 19
543909923 IMP  1861542 9
543961155 Win  2483375 10
544018460 Win  1525857 5
544055719 Win  1063243 2
544111454 Intractable. 13688002 270
544141686 IMP   540498 1
544149904 IMP  3413883 24
544251302 Win    14627 0
544361409 Win  4656221 32
544464927 IMP  8339475 151
544466022 Win  2247911 8
544473250 IMP  7701557 68
544523725 Win    18061 0
544603619 Win  3913916 18
544633102 Win  4461579 30
544695659 Win  3181760 19
544746898 Win    19350 0
544757738 IMP  4567358 30
544768638 Win   642957 1
544784022 IMP  3025992 19
544793599 Win   354401 0
544794205 Win    16334 0
545036156 Win     4414 0
545086777 Win   251748 1
545124576 Intractable. 11356238 226
545200420 Win   311815 0
545291909 IMP   556477 2
545298439 Win   348550 1
545398567 Win  2252207 9
545439842 Win  1588099 5
545445911 Win  6078875 78
545446245 IMP  2478121 32
545516838 IMP  3456317 18
545529166 Win   187751 0
545586036 Win    25380 0
545624545 Win  2744456 13
545668230 Win  7885586 105
545737682 Win   855318 2
545760826 IMP  4616193 90
545763315 Win  3931233 35
545815428 IMP  1917409 22
545825966 Win    22149 0
545969048 Win   687473 2
546061693 Win      287 0
546130046 Win 10444032 137
546183424 IMP 10319865 129
546253349 Win  4538394 58
546323563 IMP  1896746 10
546408741 Win    27606 0
546426094 Win   140350 0
546520808 Win   580987 1
546522160 Win   592957 1
546611565 Win  1094960 2
546667718 Win  1626477 14
546731468 Win   154486 1
546769875 Win   585397 0
546769883 Win  2543681 13
546876563 IMP  1608747 9
546972614 IMP  1163017 3
547024905 Intractable. 13113370 239
547035315 IMP  2353188 13
547166605 Win  6117079 49
547167471 IMP  3036862 40
547265291 Win   409111 1
547276663 Win  4004633 24
547284476 Win  1436376 3
547348819 IMP  1314908 4
547407964 IMP   885391 1
547411955 Win  1311116 4
547480623 IMP  5674497 51
547517944 Win   106845 0
547609698 Win   946848 2
547611177 Win  1513653 4
547665228 Win  1388112 3
547846211 IMP   243553 0
547976050 Intractable. 12858496 309
548046882 Win   356653 1
548167065 Win    18669 0
548243924 Win   317762 0
548277692 Win   150475 0
548342161 Win   852432 2
548386307 Intractable. 10937166 411
548411949 IMP  3036197 19
548474147 Win  4749244 49
548490125 IMP  2456428 12
548753425 Win   142503 0
548920717 Win   323864 0
548949719 Win   945366 2
549008908 Win    33621 0
549169217 IMP   840669 2
549197880 IMP  1596750 5
549199014 IMP  2980534 23
549207347 Win   318711 1
549281747 Win   145003 0
549321330 Win    84160 0
549331384 IMP   736868 1
549357399 Win  6451170 73
549358553 IMP  5020930 44
549367546 Intractable. 15023701 362
549390392 Intractable. 14855884 264
549418765 IMP  2480119 15
549488296 Win   943854 1
549501962 Win   403431 0
549540059 Win  2770717 11
549582349 Win   441189 1
549608795 Win  5845731 62
549799851 Win  3311727 25
549839259 Win   705117 1
549910707 Win  2544240 9
549965957 Intractable. 13865032 291
550052907 Win  2041326 9
550063615 IMP  3231545 33
550108612 Win  1126989 3
550238180 IMP   841384 1
550309180 IMP  2777400 34
550361117 Win  5058690 39
550370372 Win   265162 1
550393924 IMP  4640566 36
550464633 IMP 10392817 154
550500941 IMP  3112141 21
550570248 Win  4134060 28
550638286 Intractable. 12046126 278
550655517 Win  6502498 52
550664257 Win  2486913 9
550684609 IMP   727746 5
550704850 Win   187468 0
550734183 Win   697266 3
550772336 Win  1117433 2
550775852 Win  3936468 22
550873459 Win  1869512 9
550940509 IMP 10844670 319
550944799 IMP  1179714 3
551017303 Win      425 0
551341923 Win 10827376 199
551355826 IMP   592415 1
551359831 Win   757843 1
551405304 IMP   952120 2
551430532 Win  6779892 155
551472241 IMP   196384 0
551530821 Win  8313365 137
551557388 IMP  3148736 27
551577769 IMP  2195021 8
551585574 Win   741756 1
551610426 Win  1479244 11
551630012 Win   596415 1
551691293 IMP  5298223 99
551739719 Win   798504 1
551789694 IMP  3151818 16
551795812 Win  4884851 36
551864720 IMP  1289764 5
551877889 Win  1188160 4
551892913 Win    52212 0
551938582 Intractable. 12504150 400
551973308 Win    38118 0
552024581 IMP  8825976 122
552039386 IMP  3338746 20
552056278 Win   358028 0
552118468 Win  1127647 3
552141832 Intractable. 14473296 388
552180657 Win  2702318 19
552230496 Win    26459 0
552252826 IMP  3830818 65
552278534 Win   760761 2
552297288 Win   388548 0
552367433 IMP  9192720 247
552375127 IMP  4781172 91
552522266 Win  1842975 15
552527010 IMP 11273054 253
552572753 Win  5968401 122
552647939 Intractable. 15796164 416
552663875 Win  1154601 9
552808117 Win   285529 1
552825940 IMP  1103670 5
552859826 Win     5902 0
552867511 Win  7051344 117
552961101 Win  1817572 8
552972934 Win  3226982 21
552976817 Win    65296 0
553010175 Win  3778352 36
553076932 Win  2184158 10
553098855 Win  2036545 9
553222802 Win   437459 0
553235273 Win   706474 2
553238273 IMP  2584776 14
553258138 Win  1989746 8
553304711 Win   326224 0
553381826 Win     2818 0
553417976 Win  1275547 8
553419299 Win   408203 1
553517022 Win   950396 2
553576331 Win  2367715 17
553586517 IMP  1803249 6
553643901 IMP  9406897 148
553704511 Win  4233403 32
553778582 IMP  2703586 26
553837954 Win   423118 1
553858145 Win    42486 0
553873477 IMP  6535258 211
553972120 IMP   102414 0
553995499 Win    33461 0
554102397 Win  1268947 4
554433338 IMP  1338916 4
554632841 Win  1183644 2
554669603 Win     6449 0
554710002 Win  1897799 11
554735112 Win  1920845 7
554893864 Win  7936752 102
554943222 Win  2201855 33
555141942 IMP  3480711 58
555234603 Win   419989 0
555243015 Win   279149 1
555279827 Win   174383 0
555369961 IMP   514285 1
555381352 IMP  2945380 20
555390583 Win  1286110 5
555501680 Win   636700 2
555571211 IMP  1757691 7
555628457 Win  3664267 27
555629709 Win  4123973 39
555756828 Win    38295 0
555794163 Intractable. 11648862 256
555797133 Win   700866 2
555870107 Win   689950 2
556028941 Win  1474541 5
556055619 Win    30148 0
556068301 Win    76923 0
556085764 Win   172678 0
556193962 Win  3744456 35
556234848 Win  1018231 4
556246335 IMP  8582259 175
556286329 Win  1731475 8
556432566 Win    95542 0
556476435 Win   716559 3
556510780 IMP   931046 4
556575217 Win   590976 2
556632937 IMP  1587720 8
556712407 Win   418498 1
556773573 Intractable. 10848931 229
556795518 Win   874512 4
556849218 Win  3069997 22
556979317 Win    65753 0
557001250 Win   999518 3
557021998 IMP  1020131 6
557214420 Win    62859 0
557243024 Win   966131 4
557247050 Intractable. 12247482 334
557285863 Win  1700304 7
557291886 IMP  1354304 11
557298560 Intractable. 14602626 315
557322964 IMP   735601 3
557330530 Win  3222405 19
557366073 Win  2577856 12
557405112 IMP  1279053 12
557425005 IMP  4971369 45
557445313 Win   961019 3
557491392 IMP  1285707 5
557538658 Intractable. 12860133 273
557629687 Win   654284 2
557692700 Win  1586035 5
557711565 IMP  1616853 6
557781599 Win  2170874 26
557792738 Win  6859535 86
557820966 IMP   930297 3
557880582 IMP  2446985 19
557974936 Win  1392221 5
557997001 Win    29129 0
558033264 Win  3383872 37
558054468 Intractable. 13762567 384
558055545 Win   697247 3
558078260 Win   142527 0
558131756 IMP  4178038 40
558211930 IMP  8168979 101
558255679 IMP  3445962 33
558330685 IMP    56362 0
558344663 Intractable. 12114986 322
558427272 Win    13687 0
558433462 Win  2146346 8
558509907 Intractable. 12006306 334
558622759 Win     2729 0
558665013 Win   589354 1
558765330 Win  7846376 151
558778413 Win     3376 0
558785721 IMP   827193 2
558820434 Win    47325 0
558884695 Win  1589481 5
558886184 Win  5384646 42
558911057 Win  1623361 10
558922852 Win 10495639 203
558927579 Win   499521 1
559052780 IMP   996393 5
559173033 Intractable. 14381089 260
559199544 Win  1330687 3
559285556 Win    64745 0
559354692 Win  3285759 19
559377424 Win   417925 1
559407495 Win  2849463 22
559441719 Win  7170194 106
559577845 IMP  4680712 37
559689939 Intractable. 12842343 441
559721525 Win   242273 1
559750327 Intractable. 13094363 335
559797621 Win   487151 1
559847253 Win  1477207 6
559863875 Win  1591678 4
559869434 Win    98234 0
559883197 IMP  1088379 4
559970639 Win  2314421 8
560080048 Win    37447 0
560107430 Win   507375 1
560182711 Win   836842 2
560191090 IMP  4619182 50
560250033 Win    10104 0
560252791 Win  7664985 159
560282436 Win  3180301 37
560292984 Win  3728614 24
560345800 Win   537839 0
560390258 Win  2814432 54
560392699 IMP   656961 3
560427406 Win  2564874 10
560467115 IMP  3769939 20
560483217 Win   405667 1
560539122 IMP  6827330 89
560591713 Win  1227811 2
560622126 IMP  2720207 17
560698698 Intractable. 13040642 309
560726786 Win   450907 2
560792695 Intractable. 13524207 295
560833212 Win   257113 1
560853510 Win    34531 0
560957233 Win  1182532 3
561021650 Win  9226355 244
561022529 IMP  4900399 85
561025562 Win  2226041 8
561036435 Win    20292 0
561088932 Win   434594 1
561139826 Win    90159 0
561140686 Win   119231 0
561185302 Win  1605443 5
561224815 Win  3818662 22
561246728 IMP  1733283 26
561340048 Intractable. 11183936 942
561367207 Win 11686045 285
561388947 Win   581102 1
561391568 Win  5962044 84
561426949 Win 10818569 418
561444978 Win  2699337 12
561481006 Win 10153001 230
561493978 Win  4606195 44
561505646 Win   313141 0
561594645 IMP  3034232 45
561612036 Win  1578940 5
561616627 IMP 12165459 228
561625917 IMP  5700969 76
561644853 Win  6291839 51
561725225 Win  3112124 13
561733201 Win   428277 0
561809065 IMP  5960114 124
561821293 Win   746761 1
561863030 Win  2455496 12
561891782 Intractable. 13562399 243
561984204 Win  1755073 6
562006042 Win   413762 1
562036941 Win   683971 1
562074037 IMP  4259012 42
562102740 Win   100970 0
562110143 IMP  2354162 9
562169136 Win  8457303 122
562284502 IMP   726928 1
562322422 IMP   651666 2
562337204 Win   433214 0
562420901 IMP  2647518 22
562435346 Win  1019894 2
562454064 Win    88100 0
562467898 Win  8108204 94
562548850 Intractable. 12093054 243
562640943 Win   229758 0
562676208 IMP   249608 0
562767910 IMP   674680 2
562811313 IMP  3407984 12
562826512 Win  2293103 12
562946709 Win   478776 1
562949114 Win   131350 0
563085308 Win  1443732 12
563162473 Win  4929266 28
563358223 Win   110022 0
563393201 Win    23446 0
563420498 Win  1429944 4
563513563 Win    16871 0
563528290 IMP  4948133 51
563537501 Win   525345 1
563549208 Win    11118 0
563562194 Win  2413451 8
563652379 Intractable. 12288309 343
563674667 Win  4768339 26
563735347 IMP  4042786 28
563803371 Win  4199119 58
563814531 Win   353876 1
563851820 IMP 12654683 528
563865162 IMP  1725988 24
563865561 Win    44988 0
563881911 Win   389593 1
563892307 IMP   298613 0
563914875 IMP   746566 3
563922254 Win   968248 3
563961174 Win    81101 0
564147934 Intractable. 12945070 294
564202044 IMP   312567 1
564204164 Win   568349 0
564218169 Win  1474315 4
564231910 Win   171115 0
564264856 Win  1706277 7
564276325 Win   112801 0
564335416 Win  1603132 4
564365675 Win  7952452 115
564415374 Win   541898 1
564589148 Win  3802164 28
564635177 IMP  5494816 61
564683919 IMP  1133760 4
564837187 IMP  6308366 51
564849443 IMP  2922806 28
564957021 IMP  4833826 255
565014624 IMP  2438049 12
565073852 Win  4135266 24
565126596 Win     6345 0
565194811 IMP  1742625 27
565248239 Win   354419 1
565336057 Win 12384259 317
565411312 IMP  4832819 73
565455615 Win   225310 0
565642515 Win   972906 2
565660286 Win   179194 1
565869549 Win  1125971 2
565896434 IMP  9459848 1344
565923122 Win  1387995 4
565964509 Win   833458 1
565977162 Win  5161620 35
566018764 Win   107449 0
566046408 Win   379190 0
566146748 Win   390036 1
566216166 IMP  1323157 5
566247846 Win  7512434 87
566279755 Win    25769 0
566310074 Intractable. 11425525 244
566360153 IMP  7614771 374
566489117 Win  3426599 16
566569781 Win   118984 0
566634486 Win  7588159 92
566646544 Win  1106802 2
566662453 Win  1188455 3
566694211 Intractable. 12134954 205
566729680 Win   545347 1
566795162 Win   242577 0
566827240 IMP  3678698 17
566946791 Intractable. 12587068 364
567030028 Win  4499980 28
567233329 Win   259507 1
567234690 Win   259917 0
567235364 IMP  7268854 133
567394267 Win   648349 1
567521031 IMP  2657497 10
567528785 Intractable. 13437988 265
567543601 Win   391643 1
567681577 Win  1630154 6
567692168 Win    86132 0
567716875 Win    22768 0
567731340 IMP  5054148 88
567785271 Win  1014405 1
567842203 Win   149418 0
567892557 Win     2272 0
567924494 Win    13152 0
567934272 Win  1181410 6
567940344 Win  4350050 48
567941273 Win  6890805 82
568099904 Win   325796 1
568154462 Intractable. 11853107 293
568174487 IMP  3741964 25
568196949 IMP  2630885 40
568343374 Win  5218400 34
568354395 Win    72174 0
568415485 Win  5604418 41
568432714 IMP  1555481 5
568450131 Win  2238923 15
568482274 Win    14223 0
568572989 IMP  5379705 90
568654330 IMP  3256195 19
568680726 Win    70516 0
568689093 IMP  3034332 38
568871109 Win    93788 0
568947393 Win 10878097 223
568996880 Win  2432033 13
569005197 Win  1163755 4
569014254 IMP  7524153 154
569065251 Win   359890 0
569072019 IMP  7393180 166
569132583 Win  5060805 32
569157078 Win   405407 1
569212907 Intractable. 13781050 292
569289904 Win   375578 1
569302179 Win  3637474 28
569362300 IMP  5208442 89
569473267 Win  2215278 12
569663624 Win   390238 1
569680739 IMP   662049 3
569681948 Win   216358 0
569768101 Win  1422240 5
569829755 IMP  9944710 122
569850086 Intractable. 15580957 249
569857154 Win   132522 0
569913061 Win   141677 0
569954898 IMP   783943 11
570028375 Win   565182 1
570030224 IMP   790897 2
570151701 Win   101662 0
570212777 Win    15052 0
570234299 IMP   481028 1
570328507 IMP  3564403 14
570333093 Win  1684210 6
570473984 Intractable. 11277577 276
570524539 IMP  3958929 44
570627987 IMP   360140 0
570710915 Win  5844365 40
570935206 Win  1150392 5
570940847 Win  8737665 228
570974832 Win  2315358 27
571002328 Win  4101091 23
571149135 Win  5503646 45
571181805 Win  2909931 17
571222163 Win  1725819 6
571228226 Win  3204558 13
571229807 Win  1987704 12
571301661 Win  2209239 11
571307134 Win    80785 0
571369545 Win  8450880 78
571432236 Win 11568384 165
571437722 IMP   839340 4
571453336 Win  1325430 3
571459889 Win  9226119 258
571564398 IMP  1325040 8
571574650 Win   212388 0
571662182 Win  3991690 36
571664702 Win  1925660 10
571735056 Win   109585 0
571737045 Win 13264466 201
571750721 Win  4102719 24
571777207 Win     8306 0
571837816 IMP  1644487 5
571840964 Intractable. 14537076 312
572016399 Win  3686817 26
572056920 Win   961072 2
572080339 Win   367033 1
572110147 IMP 11706371 578
572240941 Win  1853952 7
572542857 IMP  5166209 44
572587701 Win  1178299 2
572649264 Win  5577391 88
572651877 Intractable. 13184723 342
572701702 Win     3714 0
572705350 Win   637525 2
572717324 Win   183631 0
572721539 IMP  1835349 6
572782826 Win  9570578 324
572783510 Win   104520 0
572796779 Win   645990 1
572797753 Win  5486489 42
572840802 IMP  4905526 90
572847824 Win  4002010 63
572878816 Win  4480833 29
572882043 IMP  8546983 126
572993460 IMP  5981736 44
573015431 Win  6270096 65
573078858 Win  3317874 17
573100856 IMP  2246215 9
573138112 IMP  3817132 42
573145733 IMP  1120544 3
573181144 IMP  3994954 21
573242614 IMP  3148294 16
573266135 Win  2657148 20
573303627 Win   142403 0
573304182 IMP  3479214 25
573313155 Win  1760732 8
573355782 Win   845664 1
573536298 IMP  8903751 150
573613428 Win     5329 0
573628807 Intractable. 11057630 209
573634893 Win    93794 0
573759070 Win   804405 2
573772283 Win  1257852 4
573820583 Win  9734535 137
574275247 Win   209728 1
574293686 Win   111203 0
574377831 Win    59583 0
574385810 Win  5239347 37
574451381 IMP  9443307 233
574540453 Win  3383912 29
574604075 Win   922953 2
574658893 IMP  1901830 7
574738830 Win  1101097 6
574830417 Win   192118 1
574911044 Win  2080061 8
574957870 Win   993149 2
574964837 IMP  1580191 5
575009658 Win  5560545 39
575074150 Win   108863 0
575095583 IMP  1759185 7
575149075 IMP  3038333 25
575176384 Win    50661 0
575200934 Win  2003793 16
575239904 Win  1776333 7
575292672 Win  5647331 45
575293130 Win  6324300 44
575430785 Win  2912290 14
575579500 IMP  1252181 5
575750930 Win  5020212 63
575772223 Win  4170100 27
575819899 Win   365643 1
575825144 Win  3196456 74
575839951 Win    51277 0
575844952 Win    66861 0
575849977 Win   773982 1
575852715 Win  3449234 111
575870429 Win  1404723 8
576006015 IMP  1870571 5
576054004 IMP   565113 1
576073051 Intractable. 14325312 262
576409036 Intractable. 11151456 357
576413081 Win    22060 0
576416978 IMP  1928429 8
576419057 Win   650998 1
576447294 Win  3423894 33
576466380 Win   908222 2
576621103 Win   258134 0
576729703 IMP  3058466 12
576767576 IMP  6075951 102
576803778 Win   310024 1
576873509 Win   145146 0
576986092 Win  1481662 9
577063062 Win 10880752 147
577282734 IMP  1864776 5
577352019 Intractable. 12127752 297
577421515 Win   802037 1
577464029 Win  2026516 7
577472818 Win  4066785 25
577559858 IMP  1774034 6
577650525 Win  5242182 37
577763219 Win  7679351 101
577841860 Win   453008 0
577849290 IMP   870711 3
577918077 IMP  2621712 8
577963289 IMP  2770313 12
578017748 Win  2406260 11
578336554 IMP  2210317 9
578355357 Win  4071399 49
578373527 Win   842627 3
578428384 Win  6230693 54
578453586 Win   286237 1
578502958 IMP  2097702 18
578534567 Win  1054133 2
578534830 Intractable. 12187820 262
578538628 Win    44418 0
578551834 Win     4550 0
578661658 IMP  6119903 61
578667679 IMP 11255020 167
578799550 Win  1630581 5
578904152 IMP  8826881 159
578944292 IMP  1265708 3
578990529 IMP     6274 0
579024452 IMP  1695578 4
579087082 IMP  4986217 44
579115941 Win  2850813 14
579205160 Win   425010 1
579386677 Win  1042467 2
579409050 Win  3414173 16
579487122 Win  1067397 3
579786929 Win  1618400 7
579859341 IMP  1036158 2
580076152 Win    85420 0
580082570 Win  1507448 6
580098351 IMP   539608 1
580212929 Win  4475190 61
580238942 Win   223596 1
580243838 Win   144603 0
580247931 Win  1612386 8
580273239 Win  3764174 24
580278935 Win  7021519 113
580279210 IMP  1280093 7
580508079 Win  5716318 57
580532629 Win   466053 1
580945890 IMP  7003022 106
580959301 Intractable. 11167508 615
581005385 Win  2056524 9
581022023 Win   613181 2
581024627 IMP   908836 3
581130826 Win  3012573 29
581218802 IMP   861790 4
581274631 Win   151984 0
581305599 Win  1820092 10
581434811 Win   131364 0
581445445 Win  1108297 3
581527681 Win  1076470 4
581534093 Win  4501463 39
581572504 IMP  1423924 10
581582429 Intractable. 12338597 423
581652483 Win   391985 0
581716651 IMP   446401 2
581726980 Win  9223157 219
581748873 Win   142720 0
581762291 IMP  1372606 9
581814858 Win    34696 0
581869860 Win  2173915 8
581897229 Win   365305 1
581905237 Win   137404 0
581992445 Win   894939 2
581997704 IMP  7867155 188
582034583 IMP  4167239 40
582038492 Win     5865 0
582073323 IMP  1430716 6
582136162 IMP  1133775 6
582147190 IMP  3680033 39
582164651 Win  1892252 14
582167737 Win   124855 1
582219352 Win 11094800 424
582286590 IMP  1690918 16
582394462 Win   326004 0
582403236 Win   540184 1
582462794 Win     6290 0
582545358 Win  4700410 56
582590659 Win  2194554 10
582611287 IMP  3614500 29
582612981 IMP  2153458 9
582819517 Win   514106 1
582824737 Win   912577 3
582937832 Win   540974 2
582946423 Win  3087744 17
583029384 Win 11911734 249
583063195 Win     5890 0
583089604 Win  5192441 38
583325515 IMP  4653816 77
583442293 Win  4999919 71
583498619 Win   210324 1
583505864 IMP  1893935 14
583552961 Win   634557 1
583557914 IMP   196859 1
583558448 Win    70630 0
583578126 Win     1821 0
583752570 IMP  1463434 8
583760843 Win  2350589 19
583797810 Win  2187983 22
583888047 Win   118918 0
583951047 IMP  3896381 43
584077069 Win  2024735 23
584211703 Win     3656 0
584385642 Win  8710778 206
584424722 Win    63981 0
584427253 Win 13731904 261
584497099 IMP  1075186 3
584497171 Win    58111 0
584562573 Win   155936 0
584602934 Win  9151813 136
584755147 IMP  2517055 29
584775904 Win  1445727 6
584917561 Win   337649 1
584922168 Win   476902 1
584993330 Win  1022315 1
585076978 IMP   907105 3
585126159 Win  3196991 27
585253996 Win  4165102 40
585278232 Win     2024 0
585278640 Win  2960957 25
585337450 Intractable. 11380175 242
585460861 Win  4365768 74
585492316 Win 11562439 194
585521951 IMP   978943 5
585556524 Intractable. 12580159 555
585560489 IMP  2290760 10
585631282 IMP   341515 1
585765984 Win    42809 0
585801079 IMP  1810857 13
585803640 Win   234673 0
586008117 IMP  4112655 117
586055738 Win   953584 3
586062550 IMP  1036921 5
586101324 Intractable. 15157853 284
586179483 Win   154608 0
586212110 IMP  1624476 6
586234737 IMP  1523733 12
586250147 Win    48230 0
586256261 Win  4367018 42
586298880 Intractable. 14108549 731
586361958 Win   472871 1
586368531 IMP  6523430 109
586389621 Win   495496 1
586492378 IMP  6641228 89
586604413 Win  7042066 127
586689993 IMP  7283558 178
586728988 Win  4380600 52
586741792 Intractable. 13060014 326
586826225 IMP  1067823 3
586988565 IMP  2857626 21
587050563 Win    17132 0
587111488 Win   251527 0
587182472 Win    15615 0
587212022 Win   306397 0
587246398 Win  2404432 11
587308063 Win   237690 0
587329054 IMP   923439 6
587485237 Win  2724392 19
587486409 Win  3590754 27
587565118 Intractable. 12372310 324
587634573 IMP  2773655 16
587680298 Win   278041 0
587742545 Win   712673 1
587745945 IMP  7035760 100
587773962 Intractable. 12155679 244
587899919 Win  4490730 34
587939165 Win  1806609 7
587941080 IMP  7235121 103
587969352 IMP  2529786 20
587978413 Win  3377486 26
587980095 Win  5050092 31
588000203 Win    17106 0
588157138 Win    25891 0
588183926 IMP  5138358 71
588250841 Win  1022620 2
588285492 Win   834736 2
588312309 Intractable. 12608726 1101
588356976 IMP  1612316 10
588398115 Win  3777848 23
588416652 IMP  1256062 5
588511864 IMP  8268385 243
588581085 Win    80823 0
588590800 Win     8362 0
588623290 Win     5493 0
588697383 IMP   660483 1
588705595 Win    35298 0
588713569 Win  1136844 4
588832955 IMP  2928178 39
589064278 IMP  4608053 52
589084567 IMP  1016846 5
589097819 Win  2764541 10
589127912 Win   160997 1
589187589 Win  1212672 3
589294652 Win  2887374 19
589366416 Win    19937 0
589501337 Win  7333861 98
589576602 IMP  1117172 3
589678472 Win  5201467 39
589748368 Win   123048 0
589799543 Win   542912 1
589818006 IMP   421041 1
589845318 IMP  1062391 2
589903070 Win  5130788 36
590036431 IMP  2763941 12
590087964 Intractable. 13377530 313
590134766 IMP  1843561 8
590136318 Win   274009 0
590140263 Win  3590326 47
590197032 IMP   637858 1
590244998 IMP  2686137 11
590318156 IMP  9940289 159
590327615 Intractable. 13892093 246
590339884 Win  9216052 141
590354147 Win  1320409 4
590392399 Win  1468001 11
590483900 Win  6268070 71
590612379 Win  1666994 5
590642426 Win  1448504 3
590675527 Win  5726294 49
590744208 Win  2241682 9
590774023 Win   106580 0
590804702 Win   614977 1
590808119 Win   131635 1
590810647 IMP   606268 1
590815972 IMP  3165787 22
590837672 Win  3265528 31
590843618 IMP  2248573 16
590865674 Win  7588187 87
590886845 Win  6189824 103
590909494 Win    10349 0
590911458 IMP  3721249 34
590915816 IMP   584052 3
590929494 Win    33802 0
590979117 IMP   968804 2
591034456 Win    71443 0
591059187 IMP   778592 2
591189501 IMP  3545078 26
591220421 IMP  3303474 34
591250029 IMP  9562526 83
591315409 Intractable. 12418887 574
591339333 Win   906323 2
591403498 Win   106627 0
591487957 Win    53230 0
591516113 Win   375509 0
591530407 Win   272130 1
591666115 Win   513450 0
591686607 Win  3069914 13
591716488 Intractable. 17259750 443
591787550 Win  5792498 52
591823075 Win   343428 0
591836993 Intractable. 13886294 228
591848793 Win    10203 0
591881793 IMP 10759630 171
591941530 Win  1761416 8
592113236 IMP   277673 0
592113958 Win  1870976 5
592162662 Win  2572091 13
592183401 Win     3533 0
592245077 Win   127140 0
592279456 Win  7840555 66
592292429 IMP  4662802 27
592326674 Win    53577 1
592354146 Win  1739969 5
592375073 Win   518717 1
592562787 Win  2921336 99
592599903 Win    41189 0
592623342 Win    74462 0
592701862 IMP  1009036 3
592736367 Win   154701 0
592815185 Win     1559 0
592863785 Win  1330148 4
593030452 Win  4785451 39
593035000 Win  5639879 105
593036373 IMP  2423635 11
593067892 Win  6223971 69
593124986 IMP  1223239 5
593172871 Win   292187 1
593186560 Win   570493 2
593205906 Win  6476387 96
593259590 Win  2482913 12
593306746 Win   127304 0
593311609 Win   498509 1
593392838 Win  2738950 14
593484327 IMP  1017678 3
593505564 Win   262813 0
593598637 Win   654491 1
593614752 Intractable. 12418188 332
593616913 Intractable. 12133948 392
593667333 Intractable. 12845958 323
593701175 Win   293770 1
593740728 Win  2024747 10
593808621 Intractable. 14228492 227
593820512 Win  1443293 6
593835084 Win   667176 1
593965071 IMP   913292 5
594078303 Win  6841028 120
594081651 Win  2181243 13
594157634 IMP  4776218 36
594294648 Intractable. 11843544 266
594412353 Win  4520933 44
594464164 IMP  7867540 127
594494106 Win     6301 0
594518419 IMP  2636327 19
594621189 IMP  7946330 619
594634690 Intractable. 13180165 606
594756840 Intractable. 14299556 493
594757768 Win  8613047 108
594784174 Win  2663061 14
594822554 Intractable. 13347366 267
594843563 IMP  9236900 147
594886999 Win  1608554 5
594951062 Win     9095 0
594972768 Intractable. 15060509 726
594988534 Win  3246624 14
594995019 Win  2268825 8
595044617 Win  2319352 14
595082812 IMP  7042783 170
595106884 Win  6582388 55
595235390 Win     1517 0
595241472 Win 10098219 139
595286027 Intractable. 12253319 329
595295006 Win   642831 1
595315691 IMP   494391 2
595327506 Intractable. 12268918 302
595338113 Win  1872654 16
595387127 Win  4775331 29
595479282 Win   961037 2
595505554 IMP  2803217 24
595553704 Intractable. 11901046 260
595652889 Win   749544 1
595656750 IMP  2461221 20
595665827 Win  2850288 21
595834016 Win  2217767 8
595843304 Win  1920312 7
595859426 Win   411011 1
595926559 Win   823646 1
595930430 Intractable. 11397256 297
595953796 Win  1039240 2
596090494 Win    36381 0
596165011 Win   445590 0
596168563 IMP   759669 5
596262339 Win  9429022 449
596276436 Win   872723 2
596291831 Win   876397 3
596342117 Win  1793892 6
596377922 Win  3928711 31
596541287 IMP  1820238 29
596637126 Intractable. 13285504 255
596672911 IMP  1335691 6
596684894 Win   101926 0
596721971 Win  2265836 9
596729119 Win  3027280 11
596729600 IMP 11843942 387
596831070 Intractable. 12651619 234
596832397 Win   132651 0
596836177 IMP  2372005 28
596846090 IMP  3740141 25
596910383 IMP  4256527 26
596916666 Win   776504 2
597042886 IMP  7292044 156
597056436 IMP  2213593 16
597168860 Win   686744 1
597434036 Win 10717828 132
597441853 Intractable. 13549166 472
597491627 IMP  1169278 4
597523735 Win  3065034 21
597561157 Win  5501533 43
597565298 IMP  3494087 24
597755326 Win  2817654 16
597826516 Intractable. 13550741 269
597917032 IMP   393101 0
598046279 Win  1116370 3
598098405 IMP  1354576 4
598132532 Win  3373195 28
598205010 Intractable. 12406934 260
598208640 Win   616962 2
598270843 Win  1486800 4
598292065 Win  4648904 31
598299780 Win  2512764 11
598420406 IMP  1061045 3
598647518 Win  1790290 5
598647911 IMP  4053833 77
598676088 Win  4784277 43
598792067 Win  1673709 7
598842757 IMP 12237946 176
598847951 Win   121112 1
598868403 Win   404759 0
598979669 Win  1703220 13
598999484 Win  5151233 53
599028436 Win  2613500 11
599099148 Win   323868 0
599133454 Win   248701 0
599169509 Win 11934466 210
599174811 Win    20836 0
599270380 Win  3985454 128
599279352 Win    20216 0
599283557 Win  3096214 24
599310647 IMP  2079458 27
599358282 Win   760756 1
599385517 Win  2100764 9
599386715 Win  1199392 5
599401567 Win  6978970 57
599442212 IMP   503739 1
599458389 IMP  6710526 95
599494371 Win    19100 0
599586332 Win    24424 0
599614753 Intractable. 15925221 576
599648390 Win  1816558 12
599697569 Win  2028398 6
599772800 Win  2313026 14
599894753 IMP   825941 4
Number of Freecells: 3   Mode: 

Winnables: 946
Impossibles: 511
Intractables: 125
Total time: 27 Hours, 7 Minutes, 0 Seconds
