2073779170 IMP   721673 2
2073808695 Win  6054327 97
2073852347 IMP  6466248 141
2073878047 Win   931087 3
2073880262 Win  7427045 104
2073918580 IMP  2996000 149
2074010706 Win  3080259 26
2074087928 Win     3150 0
2074184634 IMP   487196 1
2074197675 Win  4242697 81
2074221200 Win   556644 2
2074235388 Win    33234 0
2074238046 Win   662042 3
2074276649 IMP   130573 0
2074321782 IMP  3635309 48
2074355885 Win  1448043 10
2074385581 Win  1116756 6
2074402718 Win   163872 1
2074476575 IMP  4142001 32
2074532243 Win  2754643 23
2074590960 Win  1748426 10
2074593481 IMP   893120 6
2074748802 Win  4755082 61
2074762951 IMP   752341 3
2074827550 IMP  1797044 9
2074884590 Win  8885672 170
2074923003 Win  2990974 32
2075018513 IMP  4648953 164
2075060726 IMP   254128 1
2075064318 Intractable. 10701315 860
2075086576 Win    28165 0
2075157179 IMP  6579377 93
2075181515 Win  1311593 5
2075204942 Win   845617 3
2075213772 IMP  7283967 271
2075248367 IMP  2069425 17
2075304992 IMP   690232 5
2075322440 IMP  8277582 187
2075357225 Win  2960588 28
2075375611 IMP  2361803 41
2075463721 Win   209986 0
2075467582 IMP  1333311 15
2075660154 Win   299177 1
2075706155 Intractable. 15303696 360
2075718474 Intractable. 12076036 337
2075759659 Win     6965 0
2075906441 Win   182403 1
2075934099 Intractable. 11093457 947
2075940641 Win   157219 0
2075954109 IMP   815898 3
2076037325 Win   958974 4
2076042259 Win  3761136 48
2076074778 IMP  3511647 41
2076120824 IMP  1037484 6
2076167099 Win  2623700 22
2076257393 IMP  5694777 68
2076289463 IMP  1473245 8
2076309138 IMP  3545557 44
2076381213 Win  4761221 91
2076547526 IMP   571171 2
2076645765 Win  1065191 4
2076662743 IMP   873261 6
2076663983 Win  1571337 20
2076667481 IMP   903356 2
2076689929 IMP  1787334 46
2076717848 IMP  2484871 13
2076835613 IMP  1614864 24
2076886222 IMP  1372435 7
2076935792 IMP   713598 3
2076952156 Win  1558535 8
2076953167 Intractable. 14550912 421
2077015764 Win  1471064 11
2077058921 IMP   652452 4
2077186898 Win  3655234 49
2077204259 IMP  7052583 111
2077283049 Win  2725183 34
2077307426 IMP  3460126 70
2077336801 Win   580896 2
2077358957 IMP   996044 4
2077431126 Win  2606840 25
2077456934 Win  5024403 89
2077481673 IMP  1417197 14
2077507832 IMP  1208405 16
2077522944 IMP  1071740 5
2077570996 Win  5238668 56
2077600994 IMP  9119411 151
2077694624 Win  2242962 12
2077718597 Win  6430965 117
2077724407 Win  2883851 38
2077817569 IMP  1386260 5
2077834444 IMP  6130673 112
2077874112 Win  2161979 17
2078018353 Win   294526 1
2078049571 Win  3927886 33
2078174841 IMP   454303 1
2078189121 IMP 10750749 506
2078234384 IMP   608605 4
2078309002 Win   530603 2
2078372815 IMP  1790437 7
2078487301 Win   925506 2
2078507862 IMP  2214806 17
2078578000 Win  1747641 9
2078704416 Win   255261 0
2078713170 IMP  1161728 22
2078721947 Win   431538 1
2078821211 IMP  2190789 29
2078838674 Win   336026 0
2078859736 IMP   481064 1
2078891961 Win  9253888 209
2078899152 Win   490357 1
2078921477 Win  1148621 5
2078976939 Win  2185155 16
2079144078 Win  1342842 9
2079166454 Win  3038464 20
2079223971 Win   420931 1
2079227082 Win   578306 2
2079229317 Win   614141 3
2079237964 IMP  1857919 22
2079287402 Win   488140 1
2079445192 IMP  8561423 172
2079485968 Win  3756119 44
2079527287 IMP  1080744 4
2079553933 IMP   557608 2
2079649639 IMP   409491 3
2079656088 IMP  3755311 47
2079700938 Intractable. 11104527 287
2079832041 Win  1352540 7
2079938376 IMP  2008189 36
2079980150 Win   399474 1
2080163954 IMP  1287252 7
2080388957 IMP   317962 1
2080399739 Win  7476609 119
2080440385 IMP  3518412 33
2080560809 IMP 11686645 332
2080617232 IMP  3154653 33
2080723685 IMP  2206271 14
2080726412 IMP  1270384 4
2080729821 Win   581488 2
2080743322 IMP   893405 5
2080770026 IMP  5419897 92
2080774946 IMP   336627 1
2080783837 Win   798071 2
2080967846 IMP  4969661 118
2080976366 IMP  1900230 12
2080985684 IMP  1371027 5
2081013189 IMP  1481319 13
2081039785 Intractable. 12360339 272
2081066769 IMP  2966835 37
2081076524 Win  3653966 29
2081182877 Win   805863 3
2081191016 Win   345517 1
2081194877 IMP  1188077 8
2081207514 IMP  4590295 78
2081261550 Win  1865029 8
2081272805 Win   564324 1
2081281049 Win   507189 1
2081358884 Win    33030 0
2081432278 Intractable. 13439177 319
2081445006 IMP  1938487 25
2081485131 Win   938173 2
2081526757 IMP  4732128 71
2081553740 IMP  2278235 27
2081570458 Win   469140 1
2081580009 IMP  8614629 349
2081609906 Win  2995520 21
2081612931 IMP  1884125 21
2081616954 Win  2791066 23
2081619912 IMP   741492 3
2081827685 IMP  1298709 14
2081913708 IMP  4230082 109
2081993100 IMP  6699890 75
2082084530 Win   851509 4
2082088824 IMP  7213409 152
2082128123 IMP  1214727 7
2082151246 Win  7201673 218
2082256525 Win   993277 10
2082274479 Win   332740 1
2082278877 IMP  3286256 62
2082287527 Win  2870376 37
2082410041 IMP  1441736 5
2082462194 IMP  4556539 163
2082468527 IMP  2334339 27
2082591070 Win  1294549 6
2082618851 Win  3312490 30
2082635965 IMP  1890287 15
2082652636 IMP  1197215 3
2082844302 IMP  3161198 35
2082850415 IMP   588879 1
2082853863 Win  3057651 32
2082865714 Win    84792 1
2082889435 IMP   284298 1
2082893658 Intractable. 10967953 408
2082932116 IMP  2959305 44
2082951581 IMP    81973 0
2082958176 IMP  1200273 11
2083047986 Win   419176 1
2083105222 IMP  7730420 207
2083114417 IMP  3695057 36
2083126495 Win 11227896 311
2083169040 IMP  1771931 11
2083215302 Win  8506152 274
2083257112 IMP    67256 0
2083261521 Win   732627 2
2083348781 Win  8104689 210
2083363103 IMP   906260 4
2083406940 IMP   401653 3
2083465378 IMP  1674839 9
2083493789 Win   219106 1
2083514304 Win   425078 1
2083585654 IMP  6820350 480
2083691131 Win   221766 0
2083692019 Win  1099980 6
2083692176 IMP   785009 4
2083727113 IMP   827117 3
2083763666 IMP  6476518 108
2083775521 Intractable. 12589445 296
2083782914 IMP  2785774 88
2083784737 Win  9577038 190
2083872410 Win    87645 0
2083934384 Win  1436388 15
2083949419 IMP   907523 9
2084008857 Win  7898202 173
2084019302 IMP  3562206 39
2084036252 Win  5269476 56
2084037024 IMP  1101386 5
2084039393 Win  1268703 18
2084070212 IMP  3065903 41
2084127993 Intractable. 12148260 263
2084128049 Win  1251597 4
2084184917 IMP   911957 7
2084262889 Win   163217 1
2084280466 IMP  1464818 11
2084281890 IMP  1004946 4
2084485086 Win  3438296 27
2084542365 Win  2371727 14
2084621227 Win  3701177 31
2084667861 Win  1962668 23
2084766933 Win   555953 1
2084813591 Win  1972421 13
2084877182 IMP  1536733 34
2084924825 Win   279631 0
2084958649 IMP  2663696 18
2085062538 IMP  1593898 10
2085068586 IMP   621619 4
2085215374 IMP   577885 1
2085242435 Win  3210676 28
2085388729 Win    88800 0
2085404612 Win  4220718 55
2085409034 Intractable. 12868131 377
2085410012 Win   180539 1
2085424558 Win   111573 0
2085464722 Win  1265775 4
2085477287 Win    21670 0
2085517056 IMP  1642480 12
2085543875 Win  6865658 195
2085595681 IMP   209667 0
2085642868 IMP   736346 4
2085714461 Win  1057013 11
2085719304 Win   161420 0
2085738372 IMP 11516890 517
2085755300 IMP   991953 12
2085793558 IMP  1792773 12
2085817125 Win  1511399 6
2085871003 IMP  1744635 11
2085883541 IMP  1907403 8
2085930066 Win  8604182 156
2085942769 IMP  4999794 43
2085955797 IMP   288003 1
2085957362 IMP  5289888 115
2086049969 Win   446703 1
2086153780 IMP  4530700 172
2086174481 IMP   886596 2
2086192076 IMP  1092997 38
2086239494 IMP  2266458 20
2086279621 Win   789493 2
2086283209 Win   555920 2
2086393773 Intractable. 12459697 443
2086493296 Win    71320 0
2086557612 IMP  9632417 571
2086598209 IMP  4451881 81
2086767355 IMP  1322764 8
2086852313 Win   585334 1
2086913982 IMP  7377952 320
2087091530 Win  1071699 9
2087186448 Win  2928233 37
2087222002 Win  6252185 78
2087222556 Win   426295 2
2087257922 IMP  1901733 11
2087263247 IMP   545021 4
2087280813 Win   177589 1
2087354377 IMP   840318 8
2087387690 IMP  4674881 51
2087537657 IMP  8061606 144
2087556071 IMP  5538294 151
2087566000 Win  1956065 10
2087770608 Win   283564 1
2087785573 Win  2308758 60
2087861255 IMP  5351093 106
2087876745 IMP  1643743 22
2087916572 IMP   619694 2
2087974308 IMP  2066817 37
2087984006 Win   549963 2
2087991894 Intractable. 12314323 512
2088017524 Win  4124998 53
2088020257 IMP   552007 5
2088137937 Win  1526339 7
2088143193 IMP  2808557 15
2088177179 IMP  4431195 85
2088182560 Win   657378 2
2088227008 IMP  6077075 156
2088284935 IMP 10884454 427
2088328629 IMP  2171935 18
2088351488 IMP  4780157 65
2088357700 IMP  4455492 71
2088372190 Intractable. 11654717 532
2088427016 IMP  4849524 151
2088438668 Win  9508899 171
2088441472 IMP  1356608 16
2088468215 IMP  3888096 80
2088493008 Win   371142 1
2088566374 Win   851069 5
2088580831 Win  1281654 6
2088612899 Win  9703822 395
2088688039 IMP  5827720 159
2088743919 IMP  4233318 68
2088806235 Intractable. 10764147 319
2088834990 IMP  1531758 22
2088864497 IMP  9435687 251
2088974776 Win   282145 0
2088998213 IMP   972129 5
2089032734 Win  3823294 62
2089075390 Win  1510075 5
2089111740 IMP  1844138 14
2089136982 Win   653435 1
2089144418 IMP  5716182 128
2089196160 IMP  2200186 23
2089214130 Win  2765715 15
2089280481 Win  1875103 15
2089305576 IMP  1496040 13
2089310669 Win    61416 0
2089318599 Win  1892689 12
2089384385 IMP  1113666 3
2089400036 Win  2539432 16
2089456994 Intractable. 10638650 564
2089478966 IMP  3139701 34
2089557337 Win    63544 0
2089573511 Win  1159525 9
2089589693 IMP  1002054 5
2089621456 IMP   795056 3
2089621661 Win  1299791 4
2089639018 Intractable. 13246780 344
2089644292 IMP   437817 2
2089671050 IMP  3120711 43
2089689082 IMP   238046 1
2089777471 Win  2244667 15
2089875379 IMP  5580250 71
2089889933 Win   566962 1
2089994309 Win   549373 2
2090004497 IMP   774507 11
2090092658 Win    14451 0
2090230919 Win  9087993 584
2090235264 Win  8695305 193
2090254075 IMP  3154405 44
2090319642 Win  2057248 14
2090358217 Win   269077 2
2090378647 IMP  1712909 13
2090410651 Win   354450 1
2090482763 IMP  3554651 40
2090522357 Win   456886 1
2090525896 Intractable.  9912124 408
2090698960 Win  5011009 64
2090738986 IMP  9758379 341
2090749304 Intractable. 11447332 384
2090768207 IMP  4997057 69
2090790701 Win  1009853 4
2090883479 IMP   679431 3
2090890373 IMP   781724 17
2090910698 Win  1133835 4
2090985985 IMP  6420233 391
2091029933 IMP  6130940 624
2091059146 Win  1680292 16
2091164743 IMP  1482274 13
2091197000 IMP  2081070 19
2091263581 Win  3830615 49
2091347330 Win  2013097 14
2091441614 IMP  1141245 18
2091523301 Intractable. 11069561 408
2091597700 Win  3452368 127
2091625178 IMP  6678909 622
2091632898 IMP  1244780 9
2091737171 Win    23221 0
2091799829 IMP   794473 2
2091818501 IMP   306834 1
2091845006 Win  2276530 21
2091848834 Intractable. 10863449 539
2091928913 Win  2188252 41
2092066096 Win  5105872 100
2092118527 Win   798897 5
2092135490 IMP   468086 2
2092393053 IMP  8755707 445
2092425754 Win  4594352 44
2092450282 Win   315806 1
2092482459 IMP  4968124 40
2092497126 IMP  1725860 12
2092544715 IMP  1440929 6
2092587119 IMP  1549731 7
2092680367 Win  2516754 22
2092759314 IMP  1071033 5
2092876369 Win  2568529 32
2093005302 IMP  2063816 16
2093013234 IMP  1159746 6
2093062979 Win 10534346 304
2093063624 Win  2004983 10
2093111437 IMP  7749332 395
2093211669 Win  1830767 14
2093267950 IMP   169959 0
2093384141 Intractable. 11925149 438
2093445298 IMP  1550032 12
2093531271 Intractable. 12360887 388
2093587388 Win   350689 0
2093602744 Win   473091 2
2093757826 IMP  3096357 54
2093774935 Win   446525 2
2093789135 Intractable. 12550702 442
2093797632 Win    13761 0
2093941650 IMP  1295787 15
2093942883 IMP  6528631 192
2094011483 Intractable. 11623609 683
2094105942 Win   637386 2
2094162149 IMP  6798572 351
2094184292 Win  2701505 29
2094217203 Win   610105 4
2094230421 Win   765671 5
2094230827 IMP  7917448 475
2094263619 IMP   710324 4
2094267842 Win  2780041 36
2094280884 IMP   670499 4
2094447346 IMP   396274 1
2094458707 Win  1272350 7
2094477224 Win  1157318 6
2094655513 IMP  3006026 19
2094737351 IMP  1314105 10
2094765616 Win  7689315 180
2094840396 IMP  3004322 21
2095044961 Win  1357328 5
2095053860 Win  2613761 131
2095083400 Win    93467 0
2095083996 Win 10975423 404
2095085441 IMP   468703 5
2095121712 IMP  4993807 120
2095125247 Win  3707733 44
2095182964 Win  5260175 181
2095208613 Win   574551 3
2095293268 Win    19028 0
2095357211 Win   679439 3
2095418909 Win   520222 1
2095424236 Win  3117693 30
2095460174 IMP   870048 5
2095668578 IMP  2483084 29
2095704732 Win    31433 0
2095803417 IMP   965870 4
2095981276 Win  9747907 252
2096005741 IMP  3241480 59
2096007718 Win  5983415 111
2096094437 Win  5067055 71
2096151913 Win   783177 3
2096238876 IMP  6539306 112
2096281062 IMP  1175509 11
2096285660 Win   293165 0
2096409002 Win   403101 1
2096448962 IMP  2029448 16
2096469224 Intractable. 12787925 641
2096473162 Win   191004 1
2096479702 IMP   780700 5
2096554475 IMP   866619 4
2096584301 Win    44053 0
2096622947 Win  4491821 90
2096730362 IMP  1203484 10
2096734854 Win  3258141 56
2096834725 Intractable. 12355784 288
2096878808 IMP  1175650 12
2096929545 Win  2772831 28
2096997205 IMP  3714023 33
2097015102 Intractable. 11705789 357
2097046160 Win  3384538 50
2097194226 Win  2016865 29
2097222610 IMP  3702785 41
2097277563 IMP  9480655 223
2097293943 Intractable. 11719680 456
2097375841 Win  1385928 13
2097424792 IMP  9271013 603
2097447001 IMP   294504 1
2097576594 IMP  3715172 67
2097580024 IMP  7224491 243
2097651072 IMP  7479014 296
2097721147 IMP  1418146 13
2097734697 IMP  1781297 17
2097799424 Win  6603981 205
2097835494 Win  1576415 15
2097860557 IMP  2217051 19
2097873044 Win   106473 1
2097989565 Win  5416044 93
2098041053 Intractable. 11653362 413
2098055919 Win   656186 4
2098086875 IMP  3289975 62
2098093028 IMP   827826 5
2098198224 Win  1034362 4
2098224670 Win   367316 1
2098276633 IMP  8597070 346
2098325717 Win   450626 4
2098371741 IMP  1208677 10
2098395759 Win  6580510 144
2098449132 Win  2884225 111
2098498500 Win    71703 0
2098543597 IMP  1229461 8
2098572442 IMP  2269768 26
2098603095 Win   362004 3
2098603630 IMP   932468 5
2098648019 IMP  8893215 294
2098678795 Intractable. 11526451 331
2098772117 IMP  2955743 37
2098777591 Win  1042324 5
2098808737 IMP  6680325 242
2098839209 Win   189993 1
2098870607 IMP   139329 0
2098890914 IMP  1554074 16
2098904428 Win   114091 0
2098944063 Win   600008 3
2099037481 IMP    35676 0
2099039654 IMP  1310435 11
2099052898 IMP  1497034 10
2099133054 Win  2117322 23
2099192278 IMP  3111319 24
2099223752 Win  1993991 15
2099272246 Win  1446341 17
2099316620 Win   698160 5
2099318750 IMP  2150892 65
2099384652 Win   577462 2
2099398063 Win  1516373 20
2099420054 Win   937766 4
2099423671 Win   136648 0
2099433198 IMP  1005987 5
2099458601 Win  3250467 59
2099539176 Win  3308855 82
2099557420 Win   598890 2
2099595648 Win   112337 1
2099732086 Win   491862 3
2099750867 IMP  3062697 28
2099792265 Win   474969 2
2099829028 Win    57629 0
2099892817 Win  2121637 39
2100009946 IMP  5998455 142
2100028259 Win  1380169 34
2100111674 IMP  3935378 75
2100132316 Win  2407996 26
2100166373 Win  2199030 38
2100223963 Win  5441627 127
2100241820 Win     2284 0
2100308430 IMP  1838915 10
2100341780 IMP  5533885 105
2100363030 Win  6658602 192
2100434155 Win   710110 4
2100458997 Win   771187 5
2100460480 IMP  1634516 12
2100550664 IMP  2907929 43
2100566917 Win  2128466 16
2100607669 Intractable. 12073693 387
2100639652 Win  4237442 40
2100705321 Intractable. 10757332 1246
2100726255 IMP   546140 4
2100755263 Win  1100878 7
2100830425 Win   549930 2
2100877799 IMP  1000182 13
2100942990 Win  2261546 38
2100975332 Win  2426865 23
2101069202 Win  2248902 26
2101076949 IMP  1809490 10
2101093566 Win  1377518 9
2101104497 Win  2887339 54
2101222585 Win  8574441 205
2101227622 IMP  1491175 17
2101562526 IMP  8268994 552
2101582360 IMP  1725680 35
2101639971 IMP  9240172 233
2101666464 IMP  1533482 20
2101691408 Win  6597708 166
2101721489 IMP  1101969 5
2101749708 Win  1650400 13
2101771304 IMP   701578 8
2101848967 IMP  2685999 43
2101853684 IMP   866921 6
2101857446 Intractable. 12081701 506
2101908491 IMP  2402935 20
2101968525 IMP   730570 2
2101972432 Win    10160 0
2102024268 Win  1202732 14
2102046326 Win  1276868 10
2102061658 Win  6043653 172
2102079490 IMP  1521494 9
2102127046 Win  3117638 27
2102191949 Win  5704231 170
2102218799 Win  2033732 13
2102274199 IMP  2083369 67
2102292825 Win  2443118 19
2102386192 IMP 10022784 713
2102389248 IMP  1351792 9
2102393308 Win  2534313 35
2102434925 IMP  1178705 5
2102455553 IMP  1444719 6
2102478639 Win  1678195 8
2102484924 IMP  3045985 23
2102514392 Win  5540215 61
2102519425 IMP   599911 3
2102527218 Win  1193101 4
2102610369 Win   818652 5
2102640819 Win   227869 1
2102660841 IMP  4379120 45
2102667542 IMP  3747379 45
2102750459 Win  1466573 7
2102785615 IMP  1669698 12
2102909746 IMP  2361519 16
2102938095 Win  6946728 159
2102952899 IMP  2782624 36
2102967235 Win   715443 3
2102995475 IMP   870479 4
2103027785 IMP  1578805 17
2103041510 IMP  2700283 18
2103084559 Win  1782107 20
2103096369 IMP  1289701 9
2103228544 Win   925220 4
2103296573 IMP  1066123 4
2103309400 IMP  6182604 131
2103384253 IMP  1144060 14
2103384715 Win  3650653 44
2103401134 IMP  4263579 56
2103440209 IMP  9872589 346
2103448619 IMP  5852052 100
2103485775 IMP  4598880 98
2103624865 IMP   313235 1
2103646276 Win   587868 3
2103676129 IMP   974199 9
2103804738 IMP  2187290 46
2103910158 IMP  1536230 8
2103930470 Win   199190 0
2104003225 Win  1209200 7
2104027662 Intractable. 11399966 372
2104035141 Win  1097170 4
2104060804 Win   869053 4
2104061211 IMP  1850758 13
2104095126 Intractable. 12865655 385
2104108768 IMP  4301050 149
2104117534 Win  4306779 45
2104220856 Win  1079824 4
2104262497 Win  1059473 3
2104271927 IMP  2657290 45
2104351743 Win    58424 0
2104498774 Win   799380 3
2104509232 Intractable. 11447496 478
2104537859 Win  2306881 12
2104572109 IMP  1683320 9
2104684442 IMP  1865163 9
2104700444 Win  1505251 6
2104752791 Win  1854260 10
2104761683 Intractable. 11270644 415
2104761817 Win    86870 0
2104792562 IMP  1413911 16
2104822209 IMP  4095024 67
2104826343 IMP  1626446 20
2104885247 IMP  4516628 69
2104897030 IMP  2948884 21
2104964004 IMP  1651329 9
2104979079 IMP  2698068 19
2104986954 IMP  2688182 25
2105107246 Win  4081173 56
2105142314 Win  2465409 16
2105168145 IMP  8720074 197
2105170003 IMP   972863 4
2105184574 Win  7663906 133
2105194208 Win  7809404 281
2105248004 IMP  7003769 129
2105309093 IMP  7442607 181
2105364024 IMP   999738 15
2105424205 Intractable. 10303107 555
2105489080 Intractable. 13360528 532
2105550393 Win  5345467 88
2105587383 Win   735900 2
2105602187 IMP   709169 4
2105615956 IMP   913264 4
2105619547 Win  1941299 11
2105649120 IMP  1499522 18
2105768513 Win   535390 2
2105799734 Intractable. 12429559 707
2105806371 IMP  2348756 42
2105841490 Win   585513 2
2105915045 IMP   556211 1
2105918323 Win  5367256 60
2105981146 IMP  9461989 348
2105983320 Win  1073480 4
2106091935 IMP  1265042 6
2106133798 IMP   815061 6
2106203847 Win   599567 6
2106220576 IMP  5031426 115
2106254882 IMP  1201574 12
2106266533 Win   292193 1
2106333923 Win  2018995 19
2106352794 IMP  1510990 9
2106368448 IMP  1528551 8
2106459238 Win  4428273 68
2106474949 IMP  4867731 105
2106478739 IMP  2450597 20
2106489699 IMP  1091583 11
2106573964 IMP  1087224 5
2106586268 IMP  1214703 4
2106667761 IMP   736077 3
2106677991 IMP  1734728 13
2106714460 IMP  2421113 17
2106851388 Win   402096 1
2106894492 Win   107823 1
2106921893 Intractable. 11842927 382
2107017146 IMP  3327332 32
2107087764 IMP  1967318 9
2107164283 Win   179997 1
2107172776 Win  2921063 62
2107223256 Win  5286565 62
2107264641 IMP   366844 1
2107270218 Win  5494998 107
2107283152 Win  1189076 5
2107381061 Win  1013220 10
2107525762 IMP  4701929 56
2107526025 Win   824187 3
2107562094 IMP  3681996 46
2107586714 Win   333601 0
2107607039 IMP  1257063 8
2107642612 IMP  9745259 212
2107649008 IMP   287415 1
2107701161 IMP  7103650 243
2107774459 IMP   274604 0
2107778223 Win  1377178 4
2107841694 IMP  1037959 6
2107841996 IMP   653279 6
2107854896 IMP  4909602 133
2107856192 Intractable. 12570464 279
2107893275 Win   529940 1
2107899603 Win   591133 2
2107912319 IMP 10099624 230
2107922645 Win  2495423 12
2107926905 IMP  4266299 69
2107955004 Win   422907 2
2107958918 Win  2543343 26
2108024477 Win  1131811 6
2108028914 Intractable. 12916292 343
2108038476 Win  7760835 276
2108226193 Win  6297617 152
2108278636 Win   349238 1
2108284003 Win   343753 1
2108318540 IMP  1270887 6
2108410976 IMP  1779312 45
2108415475 IMP   757612 3
2108504954 Win  8761619 208
2108529280 IMP   846218 4
2108550037 Win  6017385 88
2108559863 Win  1948250 28
2108570987 IMP  2243689 33
2108589573 Win    52719 0
2108622494 Win  1925737 11
2108634952 Intractable. 11881172 381
2108732003 Win   984044 7
2108797838 Win  1567920 12
2108851829 IMP   793967 7
2108858639 Win  2622332 37
2108930422 IMP  1167109 5
2108939942 Win    69942 0
2108999558 IMP   529352 1
2109030382 Win  1586119 11
2109044244 IMP   369162 3
2109064231 IMP  2901130 21
2109114003 IMP  5950596 140
2109153131 Win   363677 0
2109162293 Win   964350 3
2109167402 Win  2785061 17
2109285739 Win  4845180 103
2109294145 Win    96295 0
2109298536 Win    72631 0
2109398153 Win   827479 4
2109405345 IMP  1754711 16
2109447195 Win  5355904 140
2109467449 IMP  1010145 12
2109581874 IMP 10211371 508
2109694842 Win  1683519 12
2109704684 IMP  2593229 21
2109706458 Win  1714725 9
2109729983 Win  1164599 7
2109761496 Win  9522606 314
2109817733 IMP  6081530 130
2109844959 Win  2238840 23
2109848237 Win  3673646 27
2109865781 IMP  1335272 8
2109866064 Win   268871 0
2109915673 IMP  5018351 89
2109950761 Win   633918 2
2110017110 Win  4785988 46
2110036770 IMP  1256303 5
2110131321 IMP  2029549 26
2110141878 Win  2936804 34
2110158974 IMP 10972968 481
2110168565 Win  7517127 157
2110189453 IMP  1870220 10
2110282041 Win   420454 1
2110308696 Win  1143492 8
2110315281 Intractable. 11252801 300
2110329666 IMP 11232006 310
2110356447 IMP  2543406 58
2110371331 Win   181512 0
2110397853 IMP  3038530 29
2110465248 IMP   220276 1
2110467511 Win    21967 0
2110539681 Win     5825 0
2110540747 Win   203471 0
2110545398 Win   793234 5
2110705628 IMP  1528903 17
2110718020 IMP  5857961 114
2110728698 IMP  4342847 117
2110748554 Win  7647108 141
2110788283 IMP   898059 6
2110913651 Win   441075 1
2110952944 IMP   878191 10
2111085983 Win  1114683 7
2111094609 IMP  7596553 502
2111121081 IMP   922767 3
2111221858 IMP  3213407 44
2111276186 Win  2843844 24
2111333163 Win  2105877 14
2111345718 IMP  2906426 53
2111356998 Win  1298448 7
2111378097 IMP   433426 3
2111404557 IMP  2030424 15
2111436112 IMP  1094215 8
2111440753 Win  8159942 188
2111470927 IMP  3530686 33
2111559339 Win   831109 4
2111564641 IMP  1100931 5
2111578286 Win  1628892 7
2111619636 Win  7160227 116
2111631181 IMP  6316199 144
2111631332 Intractable. 11343018 324
2111706787 IMP  1640823 11
2111827717 IMP   769270 5
2111842568 Win  1312812 7
2111856719 IMP  2418075 17
2111906442 IMP  2765597 17
2111967377 IMP   427939 1
2112044066 Win  4671744 63
2112129645 IMP   277455 1
2112167142 Win   113542 0
2112199822 IMP  1020207 4
2112206722 Intractable. 12902757 329
2112210219 Win  1448568 9
2112225660 Win   475508 3
2112254554 Win  1615622 31
2112267087 Win   937772 6
2112281176 Win 10319137 535
2112326124 Win  8029659 243
2112376543 IMP   543852 2
2112379026 IMP  1093787 10
2112385347 IMP  2535945 46
2112408014 IMP   647013 4
2112409411 Intractable. 11468441 452
2112425910 Win  2222840 20
2112441025 IMP  1590251 8
2112480071 IMP  4680070 120
2112493312 Win   420095 1
2112525226 Win  1338661 4
2112594385 IMP   534341 1
2112629692 Win  6933997 140
2112759504 Win   921577 2
2112788653 Win  1605400 13
2112858780 IMP  3548997 29
2112940079 Win  2385781 28
2112963422 Win  1500827 8
2113003856 IMP  2812631 21
2113016911 IMP 10203664 237
2113062199 IMP  2660614 31
2113101714 IMP  2328677 30
2113123984 IMP  2653612 44
2113167142 IMP  1806289 10
2113244572 IMP  4129507 101
2113344328 IMP  2724912 33
2113373417 IMP  2585352 20
2113463617 Win   222453 1
2113465086 IMP  8078470 156
2113492772 Win  2321168 12
2113545115 Win  3635475 61
2113572344 Win    92264 0
2113595685 IMP  1762022 13
2113648233 IMP  3161102 41
2113648276 Win  4269965 106
2113650380 Win    69964 0
2113805469 Win    77195 1
2113898582 Win     7529 0
2113921440 Win   765929 7
2113988969 Win  2326186 29
2114012926 IMP  8507760 383
2114055303 Win    17692 0
2114166389 Win  4001745 55
2114186789 IMP  6171049 98
2114214340 IMP  4899292 100
2114261973 IMP  1901208 12
2114270434 Win  1335352 13
2114273680 IMP   692715 3
2114336529 IMP   333057 1
2114377668 Win   540099 2
2114551018 IMP  1899816 11
2114670285 Win   167714 0
2114722962 IMP  2804137 68
2114747474 Win    33007 0
2114755349 IMP   594639 3
2114756027 IMP  4123830 44
2114761393 IMP  4268300 56
2114761770 Win  6401588 145
2114818412 Win  3082087 18
2114859543 IMP  1552521 13
2114920028 Win  6292078 85
2114936945 IMP  1309963 12
2114946146 IMP  4964453 155
2114953768 IMP  2376832 28
2115040708 Win  3132092 34
2115093053 IMP  2849128 41
2115159795 IMP   649769 3
2115325919 Win     6365 0
2115474997 IMP   591450 2
2115481637 IMP   334262 1
2115521759 Win  1690980 8
2115524067 IMP  5027936 101
2115600139 Win     3329 0
2115678827 Win  2075590 14
2115726945 IMP   312428 1
2115757185 IMP  5851726 104
2115802470 Win  2123773 21
2115805697 Win   240100 0
2115807199 IMP  2849220 28
2115892234 IMP  1051912 6
2115914341 IMP  5719182 103
2115967564 IMP  3279190 49
2116007697 Win   313105 0
2116094206 Win  2473838 41
2116106048 IMP   793227 3
2116115763 Win  1088072 7
2116170214 IMP 10377786 870
2116309613 Win  5822409 209
2116377336 IMP   268977 1
2116429825 IMP  2117193 49
2116441250 Win   100253 1
2116442338 Intractable. 11637528 425
2116466064 IMP   728263 2
2116469727 Intractable. 11134640 810
2116568891 IMP  7970668 251
2116633362 IMP  1094552 5
2116673219 Win  2566061 38
2116687388 IMP  1179945 7
2116726069 IMP   894862 4
2116875203 IMP  7854466 241
2116883212 IMP  1475448 9
2116902282 Win  8950703 205
2117022091 Intractable. 12523209 407
2117070587 Win    10286 0
2117156593 IMP   888271 7
2117193859 Intractable. 11724756 581
2117246035 Win   174384 0
2117261189 IMP  2011144 99
2117277640 Win   126193 0
2117350623 IMP  5430706 139
2117414157 Win  4607674 68
2117440504 IMP  1415427 6
2117462074 Win   165394 1
2117584236 Win  4334918 39
2117681520 Win   479876 1
2117802102 Win     6726 0
2117897946 IMP  2322060 23
2117901237 Win   224347 0
2117938906 Win   975666 4
2117984830 Win    52992 0
2117997707 Win  2288360 11
2118003443 IMP  8390888 158
2118054392 Win  2579224 22
2118063159 Win  8749594 243
2118075894 IMP  2089377 17
2118113626 Intractable. 11686003 417
2118158100 Win  6772098 158
2118220704 Win  3897587 47
2118268387 IMP   581711 2
2118370504 Win   424849 2
2118379262 IMP  1732725 14
2118395051 Win  2536800 22
2118415770 Win   647154 2
2118557807 IMP  1567689 7
2118585223 IMP  5945482 157
2118587031 Win  7079526 144
2118667942 Win   188428 0
2118723882 Win   125888 0
2118729513 Win  2554474 20
2118767835 IMP   934011 3
2118789650 Win  1412900 14
2118842047 Win  1559851 10
2118858377 IMP  2661116 54
2118960744 IMP  1850685 7
2118967954 Win  4048903 73
2118978393 Win  1310416 5
2119021730 IMP  1484331 7
2119030522 IMP  4350033 39
2119030752 Intractable. 11383896 314
2119136390 IMP   846728 4
2119443081 IMP  6938783 164
2119482351 Win  1617141 18
2119523910 Win   573397 2
2119536101 Win     2017 0
2119537841 Intractable. 10173555 861
2119575939 IMP  3252503 44
2119650296 Win  3108275 44
2119773788 Win  9037998 193
2119809800 Win   568453 1
2119840310 IMP  8478775 226
2120015788 IMP  4391907 43
2120029555 Intractable. 12879693 311
2120212219 Win 10247871 294
2120251700 Intractable. 12245254 336
2120255280 IMP  2906414 27
2120261882 Win   373626 1
2120341629 IMP  1951639 27
2120348550 Intractable. 12196851 470
2120376296 IMP  1742264 8
2120420055 IMP  2022588 21
2120582106 Win     8412 0
2120612506 Win   532635 2
2120643270 Win   848772 4
2120655290 IMP  3304578 47
2120667612 IMP   831993 3
2120689656 Intractable. 11498785 331
2120692598 IMP  3492105 31
2120739959 IMP  6979140 170
2120760284 Win   863212 3
2120864729 Win  3031474 17
2120867276 Win  4314431 38
2120910074 IMP  6591630 198
2120936971 Win    78031 0
2120944652 Win  1159052 7
2121005889 IMP  1792607 19
2121017068 Win  1762799 10
2121060675 IMP  4042030 34
2121091408 IMP  5410864 153
2121156146 IMP  1244716 41
2121210051 IMP   651177 3
2121210381 IMP   560262 2
2121214874 Win   446870 1
2121217010 Win   382628 2
2121279383 IMP  1991201 12
2121365219 IMP   788383 3
2121371293 IMP   930280 5
2121450083 Win   692873 2
2121460679 Win  1638593 9
2121463518 Win  3263027 56
2121469393 Win  6643420 113
2121486453 IMP  1965350 16
2121521248 Win  2117456 26
2121577715 Win  1379691 8
2121785181 IMP   438261 1
2121804197 Win  5733860 67
2121815449 IMP  5614854 98
2121821341 Win  3142591 48
2121879295 IMP  1138846 6
2121881755 Win  1009235 3
2122066391 IMP  1575244 17
2122093543 IMP  1528727 44
2122106504 IMP   792185 3
2122107591 IMP  1840287 15
2122140520 IMP  6013566 88
2122158945 IMP  2514620 27
2122229783 IMP  2483707 28
2122262117 Win 10428393 220
2122291665 Win    68639 0
2122320185 Win   335653 1
2122324474 IMP  3172457 37
2122403064 Win  1881926 14
2122403720 Win   777956 4
2122416950 IMP  3994073 63
2122510447 Win  1308091 6
2122530941 Intractable. 10977104 278
2122556577 Win   139018 0
2122620640 Win  1208554 6
2122651132 IMP  4995422 75
2122692663 IMP  1245287 12
2122757115 IMP  1774175 6
2122798964 IMP  4672159 46
2122800005 Win  5114128 99
2122868859 IMP  1729764 30
2122912431 Win  3069331 35
2122932390 IMP    91921 0
2122942566 IMP  6547697 185
2122958699 Win    41906 0
2122969872 Win   943843 3
2123004940 IMP  5180846 93
2123010923 IMP  1030772 3
2123041345 IMP  1249932 11
2123065746 Win  1212620 4
2123072817 Win  6037391 76
2123103729 Win   142640 0
2123195080 Win  1320310 9
2123216384 Win  6504188 74
2123256289 IMP   904401 4
2123347139 Win  1422397 7
2123371949 IMP  3322304 60
2123390645 IMP  4550905 94
2123398980 Win   281160 1
2123412534 Win   215705 0
2123507042 Win   750006 3
2123531960 Win  2605930 20
2123532691 Win  9296648 230
2123747982 IMP  3714310 37
2123769765 Win  1235818 5
2123878371 Intractable. 12404149 358
2123984104 Win  8098435 170
2124004186 Win   647488 2
2124072028 Win  2997087 36
2124104124 Win    13104 0
2124243093 Win  2074237 29
2124326409 IMP  1031346 6
2124338530 Win   441313 1
2124371132 Win    77263 0
2124374340 Win  8497175 160
2124405827 IMP   663147 4
2124422984 Win  1543132 13
2124488058 IMP  1602662 16
2124491558 Win  2864176 24
2124548660 IMP   781489 4
2124649731 IMP  1156436 7
2124917902 Win   481632 1
2124935005 Win  2834150 30
2125002526 Win   387669 1
2125135439 IMP   104714 0
2125187967 Win  1429324 5
2125221166 Win 10520902 431
2125222297 Win  5332132 55
2125289742 Win  2963825 29
2125307289 Win   105362 0
2125309216 IMP  5574707 112
2125314613 IMP   602802 5
2125366159 IMP  1417483 9
2125389397 Win    16890 0
2125424797 IMP  4435264 56
2125442610 IMP  7134044 99
2125471108 Win 11245238 556
2125489324 Win   324921 1
2125624033 IMP  1237221 16
2125694527 Win   149997 0
2125702960 IMP  1425503 13
2125704092 Win   900465 4
2125705301 IMP  4690154 235
2125734484 IMP  1745506 9
2125750513 IMP  2889379 50
2125761979 IMP  3446764 39
2125775634 Win   814713 2
2125859039 IMP  2201754 30
2125865755 IMP  1103299 6
2125884707 IMP  3539182 56
2125929566 IMP   624558 6
2126019787 Win  1421001 8
2126087666 IMP  3110709 32
2126159721 IMP  1262992 9
2126190012 Win 11428002 219
2126202523 Win   399133 2
2126280036 Win   827783 9
2126283278 IMP  1416815 14
2126332040 IMP  6070353 119
2126356243 IMP  1630768 10
2126426306 IMP   253263 1
2126542256 IMP  2884369 26
2126620437 IMP  1221285 13
2126622928 IMP   554599 2
2126632619 Win   959259 3
2126670805 IMP  5468069 117
2126693855 IMP  1997453 17
2126710737 Win   830086 3
2126728923 Win    55437 0
2126857311 Win  3394306 412
2126896825 IMP  7695937 101
2126900188 Win     6849 0
2126960324 IMP  2784785 43
2126962170 Win   326607 1
2127041179 IMP   669039 3
2127065213 Win  1000172 3
2127106298 Win  9057285 439
2127145159 IMP  1926067 14
2127189594 IMP  1048912 6
2127190151 Intractable. 13348052 310
2127244288 Win   727498 2
2127379710 IMP  1144502 3
2127400577 Win  3022239 43
2127413222 Win   970149 9
2127565967 IMP   718634 3
2127653030 IMP  1928824 16
2127659690 IMP   417670 2
2127777815 Win    62209 0
2127792721 Win   949434 7
2127811742 IMP  1083066 8
2127857915 IMP  4826270 62
2127869152 Win   540128 1
2127885262 IMP  3054402 26
2127937269 Win  1755163 22
2128066011 Win   284261 1
2128080356 IMP   665540 11
2128087431 Win  2294078 31
2128124662 Win   368984 1
2128136214 IMP   912721 7
2128191167 Win  1976617 18
2128200086 IMP   712490 2
2128207994 Win   324645 1
2128277840 IMP  2258750 28
2128333148 IMP  2011903 20
2128335455 IMP  2367005 27
2128351041 IMP   349567 1
2128353721 Win  1878946 10
2128384335 Win 13835729 311
2128406433 Win  1775793 14
2128438329 Win  6089756 87
2128468524 Win   672561 2
2128503859 IMP  1689004 18
2128552948 Win  1030787 9
2128592295 Win  5755825 125
2128636103 Intractable. 11725948 274
2128774140 Win   968398 3
2128970396 Win   387299 1
2129028141 IMP  8329101 173
2129037003 IMP  1990249 10
2129089837 Win  7763461 120
2129094318 IMP  1152334 4
2129174606 Win   637199 2
2129344710 Win    17686 0
2129383673 Win  1272524 5
2129405872 Win  1063961 5
2129418616 IMP  7331869 125
2129517320 IMP  1736277 27
2129547411 Win  1497404 5
2129562518 Intractable. 12645538 444
2129601646 Win  2854206 25
2129801364 Win   935430 3
2129805411 IMP  1080461 7
2129829267 IMP  2899194 37
2129874725 Win    47891 1
2129882232 Win   999782 11
2129919350 Win  9793029 596
2129969991 Win  2005758 13
2129981746 Win 10474821 377
2130039980 Win   634746 1
2130079484 Win   204577 1
2130144582 IMP   440922 1
2130160500 IMP   965261 4
2130270228 Win  1827710 6
2130343833 IMP   836216 11
2130370598 Intractable. 11232623 623
2130372738 Win  2170973 10
2130443570 IMP  2495903 39
2130496377 Win  1156723 5
2130521875 Win  4278302 59
2130525267 Win     2872 0
2130558171 IMP   724690 2
2130640969 Intractable. 11370110 349
2130656436 IMP  5368521 95
2130673334 Win  3206623 23
2130693096 Win   381724 1
2130698996 IMP  4034500 71
2130748366 IMP  1127121 4
2130753012 IMP  2434306 32
2130774450 Win   673769 2
2130868712 IMP   843645 7
2130921788 Win   723529 2
2130979940 Win  1845914 13
2131054543 IMP  7390480 150
2131125924 Win  2707921 34
2131174089 IMP  1160902 5
2131239530 IMP 10724623 588
2131252216 IMP  2443448 19
2131282094 Win  2880982 28
2131443800 IMP  8289357 207
2131493682 Win  4420952 68
2131496140 IMP  2962320 45
2131502644 Win   204713 1
2131545393 IMP  1103069 5
2131552923 Win  1154923 16
2131554388 Win  1372503 9
2131574483 IMP  2131504 11
2131605402 IMP  2133109 10
2131627023 Win   226300 0
2131645918 IMP  1422119 5
2131863350 Win    70678 0
2131884286 IMP  2332358 31
2131900875 IMP  3427186 73
2131956354 Win    68257 0
2132021129 IMP  1542435 20
2132036193 Win    56263 0
2132051261 IMP  5919705 70
2132098188 Win  1606733 6
2132273218 IMP  1368984 10
2132298573 IMP   915127 5
2132360285 Win  2165807 19
2132385936 IMP  4009309 110
2132417022 IMP  9276984 697
2132489377 IMP 12748965 671
2132496330 Win  5775521 66
2132559678 IMP  1130746 8
2132569526 IMP   542746 3
2132611043 Win   264271 0
2132742433 IMP  3261081 28
2132806888 Win   594847 4
2132915846 IMP   915497 3
2132929426 Win  4074310 37
2132949717 Intractable. 11029047 333
2133007255 IMP   901383 5
2133008131 Win 10067541 245
2133070522 Win  2315450 16
2133080441 IMP  1975889 20
2133093442 Win   572844 2
2133098265 IMP  3392666 55
2133110105 Win  1251604 11
2133151046 Intractable. 10846398 351
2133152259 IMP  2126542 12
2133161637 Win     6305 0
2133247497 IMP  2685597 24
2133260507 Win  4004017 40
2133296601 IMP  7535389 154
2133435777 Win    54767 0
2133468286 IMP  4309704 107
2133524400 IMP  1638974 9
2133540763 Intractable. 13371097 370
2133555195 IMP 10596940 312
2133578195 IMP  2595845 65
2133614448 Win   434883 2
2133636112 Win  4234074 128
2133637223 IMP   408933 1
2133686379 IMP  1051429 3
2133705183 Win   744695 2
2133729386 IMP   927911 6
2133805790 Intractable. 10177666 349
2133855672 Win   836932 4
2133858551 IMP  3650348 39
2133912726 Win  1363666 4
2133928487 Win     8679 0
2133950428 Win  6662477 189
2133969179 Intractable. 12723134 302
2133999472 IMP  1496839 26
2134000505 IMP  6421589 146
2134036473 IMP   110492 1
2134057585 Intractable. 10042316 287
2134152600 Win  7085176 126
2134155664 Win  3563114 35
2134239029 IMP  4535417 62
2134288605 Intractable. 12635695 430
2134290929 Intractable. 11297809 369
2134293532 Win   643921 4
2134319997 Win  1049930 8
2134327355 Win  5590166 74
2134341104 Win   461441 1
2134357441 Win   176158 0
2134388882 Win   377661 1
2134465877 Win   801294 3
2134485190 IMP  3669551 47
2134634115 Win  2864834 34
2134661286 IMP   305682 0
2134695114 IMP   760194 5
2134700428 Win   679080 3
2134703450 Win  3294342 23
2134710232 Intractable. 12900914 350
2134750269 Win 11266970 333
2134806450 IMP  7319637 133
2134908539 IMP   930659 4
2135084644 Win  7551611 166
2135117701 Win   105364 0
2135209178 IMP  2528260 28
2135248724 Win    80809 1
2135278787 IMP  1103513 7
2135286684 Win  6970665 99
2135380152 IMP  2956205 41
2135409524 Win  8774690 309
2135442225 Win  1932589 9
2135497056 IMP  3674811 103
2135544050 Win   285040 0
2135557543 IMP  2186533 29
2135599110 Win    71971 0
2135653680 IMP  1889179 12
2135737445 IMP  1932278 16
2135984372 IMP   298647 2
2136003228 IMP  3662448 44
2136029876 IMP  7184271 245
2136069917 IMP   250022 0
2136103676 IMP  4941809 100
2136127786 IMP   311706 1
2136239181 Win     3638 0
2136257891 IMP   508361 2
2136276163 IMP   817934 2
2136282177 IMP   658560 2
2136325511 IMP  1127461 7
2136354159 Win  6121858 100
2136360707 Win    94607 0
2136394023 Win     8150 0
2136405824 IMP  5702947 79
2136450017 Win  1873686 13
2136544637 Intractable. 10612686 246
2136555888 IMP  1476611 18
2136609692 IMP  4240025 40
2136632398 IMP  1531680 12
2136751039 Win  1613012 20
2136838746 IMP  4042150 98
2136844003 Win    16131 0
2136906133 IMP  2427474 43
2136948352 IMP  1892648 21
2136956218 Win    12241 0
2136963532 Intractable. 12024988 283
2136981442 Win  2186590 21
2137189262 IMP  1189742 8
2137226561 IMP  5181778 108
2137234795 IMP  1895844 11
2137249833 Win     2626 0
2137290439 IMP  1240855 4
2137336428 Win  2733414 30
2137427596 Win    18967 0
2137486645 IMP   225724 0
2137536319 IMP   869846 4
2137584450 IMP   680567 4
2137631550 Win    55316 0
2137836911 IMP  2267632 93
2137966079 IMP  4495586 116
2138016586 Win  2445708 17
2138030679 Win  2696361 17
2138106935 Win   881565 10
2138158260 Win  4206018 83
2138161179 IMP   797237 3
2138216431 IMP   962709 7
2138220408 IMP   496323 2
2138323434 IMP  2478266 23
2138406610 Win  1125688 11
2138443989 IMP  2162580 18
2138448178 IMP  2025651 12
2138504582 IMP  4929276 82
2138731208 IMP  7193542 148
2138744642 Win  2731621 44
2138813446 IMP  1960893 18
2138817724 IMP  4487920 107
2139036381 IMP  2256573 25
2139194129 Win  1243936 4
2139346462 Win  2897659 32
2139403793 Win  9450801 286
2139413089 Win  2210064 9
2139432099 Win  8792007 172
2139432622 IMP  1462448 12
2139454994 Intractable. 11667142 325
2139551120 Win  3375264 87
2139551913 Intractable. 10449581 557
2139673084 IMP  5702226 81
2139720901 Win  1699886 6
2139732079 Win  4252105 33
2139817993 IMP  1123123 7
2139899163 IMP  3675714 63
2139932970 IMP   720541 3
2139951782 IMP  5903548 74
2139959735 Win   671731 2
2140032115 Win  6243321 126
2140042907 Win     4582 0
2140055030 IMP  1657171 12
2140130357 Win  5652453 66
2140143833 IMP  2742586 69
2140164640 Win  2983338 46
2140195905 Win  1989031 13
2140222997 IMP   560680 2
2140271739 IMP  5557542 68
2140277951 IMP   528211 2
2140384534 Win  1340726 6
2140386992 Win   843226 3
2140416787 Win    54295 0
2140452960 IMP  1673093 14
2140457348 IMP  1823458 19
2140526938 IMP   562635 2
2140535449 Win  4014361 40
2140566488 Win  3231614 17
2140583669 Win  6503990 95
2140758068 IMP  1439590 13
2140802537 IMP  3827428 39
2140808496 IMP  4016910 69
2140949588 Win  3346063 57
2140951915 Win   545064 2
2141082365 Win  1523094 5
2141119022 Win  1080085 5
2141184418 IMP   767821 3
2141188340 IMP  4964940 72
2141248504 Win  9401966 161
2141273295 Win   867117 7
2141359342 IMP  4999572 91
2141375256 Intractable. 12563900 345
2141409518 IMP  1461146 17
2141414234 IMP  1881406 15
2141496175 Win 12920448 434
2141500967 IMP  1326404 6
2141569253 IMP  2735342 27
2141603726 Intractable. 12312417 371
2141667446 IMP   905912 19
2141671653 IMP  1406897 5
2141764422 IMP  5771742 93
2141792691 IMP   961400 3
2141872970 IMP  4584716 52
2141912629 IMP  1671635 12
2141931162 IMP  5230428 239
2141940689 Win     9715 0
2141967965 Win  1399369 10
2141993119 IMP  7996265 264
2142043671 IMP  1412142 6
2142059013 IMP   212807 0
2142166320 Win  5094045 92
2142184005 IMP  1650801 23
2142197291 IMP   678530 4
2142320415 Win  1137125 4
2142341897 Win   567068 2
2142391057 IMP  1090068 11
2142491105 Win    26486 0
2142523131 IMP   493194 3
2142530685 IMP 10082448 425
2142595878 IMP   815916 14
2142608451 IMP  2077585 63
2142644763 IMP  4430462 95
2142648913 Win   670773 2
2142720199 Win   134264 0
2142738522 IMP   518966 3
2142768525 Win    99577 0
2142783597 IMP  1789413 12
2142801221 Win  1308630 4
2142886164 Win  6465953 180
2142911380 IMP  3503231 29
2142932912 IMP  3994723 38
2142933827 IMP   473701 2
2142991732 IMP  1317814 7
2143121998 IMP  4894535 56
2143221655 IMP  1232243 4
2143254699 Win   414098 1
2143531842 Win   908545 5
2143544624 Win  5877392 93
2143610542 IMP  7661861 171
2143626562 Win   446414 2
2143732427 IMP   538691 2
2143835804 Win  1304101 9
2143841306 Win   694268 2
2143876633 Win   965043 3
2143896099 Win   792452 4
2143898572 Win  3870417 53
2143928870 IMP   362535 1
2143989240 Win  1075237 4
2144022636 IMP  1610240 9
2144093179 IMP  2559784 23
2144240661 IMP   697651 1
2144260699 IMP  1534084 8
2144263739 Win  1052654 3
2144283436 Intractable. 10234876 327
2144397301 Win  4744250 69
2144495979 IMP  1818469 34
2144597579 Win  1333245 8
2144597878 Intractable. 12983247 294
2144605551 IMP  7060696 118
2144630205 Win   924249 3
2144632022 IMP  2473810 47
2144635858 Intractable. 11065817 368
2144781471 IMP   281152 0
2144831369 Win  1326828 5
2144852922 Win  3484673 33
2144898522 Win   641472 2
2144922458 Win   517189 1
2145102785 IMP  5117362 129
2145152828 Win   900462 3
2145286392 Win   744276 2
2145364247 Win   608011 4
2145373375 Win   543075 1
2145407274 Intractable. 11802868 326
2145469187 IMP  1068068 4
2145498933 Win   490572 2
2145526163 Win   517799 1
2145553281 IMP  8466018 182
2145563712 Win  1658206 8
2145604406 IMP  2298737 17
2145608670 Win  3358461 20
2145627870 IMP   644730 3
2145635975 Win    41600 0
2145701679 IMP  1428180 12
2145718913 Win   422157 1
2145740304 Intractable. 12163412 285
2145838794 Win   868681 3
2145917361 IMP  9530932 346
2145942608 IMP   895207 4
2145989517 IMP  2522250 24
2146027388 IMP   126018 1
2146066860 IMP  4798902 77
2146168669 Win  2981912 36
2146171239 IMP  1616298 11
2146192139 IMP  1448636 10
2146234923 IMP   836268 3
2146289495 IMP  1712645 9
2146375618 IMP  2516485 36
2146592516 IMP  2204418 22
2146625611 IMP   409606 1
2146626040 IMP  1062067 6
2146662571 Intractable. 13047410 226
2146742671 IMP   863134 5
2147023106 Win  1238423 7
2147060021 Intractable. 11593717 212
2147087633 Win     1637 0
2147091174 IMP  1936537 12
2147095156 Win  1763667 6
2147105684 IMP  1324437 13
2147221732 IMP  2851534 21
2147236977 IMP   781862 2
2147251189 IMP  1905216 7
2147370395 Win   613487 1
2147373083 IMP  2133710 18
2147397392 Win  1384096 10
5 Win     1856 0
Number of Freecells: 3   Mode: 

Winnables: 748
Impossibles: 780
Intractables: 90
Total time: 31 Hours, 10 Minutes, 56 Seconds
