2000026778 IMP   672694 3
2000066259 IMP   445230 1
2000082532 Win   967097 3
2000126913 Win  6657172 65
2000179679 Win   331753 1
2000282131 IMP  3157276 45
2000289690 Win  4514798 34
2000361951 IMP  8414465 210
2000365817 Win  1943748 11
2000494049 Win  7587605 120
2000540352 IMP  2177674 10
2000564083 Win  1864576 11
2000589736 IMP   423863 2
2000606431 Win  1369201 10
2000612766 Win  4473782 138
2000631989 Win  2069219 36
2000634475 Win   822318 4
2000716979 IMP  2758194 23
2000721787 Win  1317744 5
2000724817 IMP  3810096 38
2000763947 Intractable. 11405609 668
2000799544 Intractable. 13055318 361
2000846524 IMP  1229179 6
2000883922 Win  1149686 15
2000974610 Win   141607 0
2000989817 Win  1703488 7
2001006520 IMP  1356109 14
2001021117 Win  3624098 31
2001221241 Win   691532 3
2001235644 Win  1978114 9
2001245101 Win  7721061 181
2001411088 Win   507828 1
2001427858 Intractable. 13330829 281
2001457486 Win  1177293 8
2001476899 IMP  2679873 21
2001499529 Win   301659 1
2001605982 IMP  2002075 18
2001629286 IMP  2785361 19
2001693435 IMP  2156022 17
2001802997 Win   521683 2
2001827106 IMP  4117018 45
2001852172 Win  6357840 104
2001902104 Win  2281070 16
2001920797 IMP  1970265 32
2001995911 IMP   399070 1
2002079336 IMP  3688830 87
2002082019 IMP  5101511 88
2002109802 IMP  3045588 19
2002128517 Intractable. 10968416 338
2002183812 IMP  2792688 29
2002241913 IMP   613112 2
2002262835 Win  4508805 45
2002327177 IMP   246356 1
2002331321 IMP  3747323 48
2002378083 IMP  2289560 26
2002395968 Win  4659363 95
2002430157 IMP  1929079 9
2002466417 Win     3899 0
2002482639 IMP  5775702 131
2002501465 Win   864807 3
2002621393 Intractable. 11057581 323
2002636651 Win   419389 1
2002704546 Win  3094387 64
2002903759 Intractable. 11248516 275
2002908136 IMP  1887504 11
2002980219 IMP  3488184 24
2002987040 Win  1469673 6
2003002142 Win   868319 16
2003008874 IMP  3003424 61
2003033710 Win  1013618 2
2003062512 Win  4285803 79
2003093648 IMP  7668910 405
2003112258 IMP  5078148 73
2003160353 IMP  6232756 105
2003281902 Win  2225991 16
2003325454 Win  1770004 9
2003326623 Win   291928 0
2003343359 IMP  1213685 4
2003440346 Win   183966 0
2003451823 Win    13058 0
2003481737 IMP   941791 9
2003489822 Win  1182056 7
2003528265 Win  5201342 138
2003547493 IMP  1547659 13
2003628631 Win  1235098 6
2003644961 IMP   746917 3
2003692629 Win  4507291 64
2003727560 IMP   647248 3
2003736899 IMP  4042056 64
2003749499 Intractable. 11355797 302
2003828246 IMP  1039612 6
2003844794 Win  1026469 3
2003889155 IMP  1673481 17
2003984535 IMP  4739721 48
2004055307 IMP  4791121 83
2004313925 Win   363505 1
2004386060 Win  3074047 20
2004429274 Win  1375714 10
2004500308 IMP   424337 3
2004504532 Win  6952558 146
2004548565 IMP  1457300 13
2004551207 Intractable. 13018449 321
2004579076 Intractable. 10257265 407
2004595236 IMP  2055432 19
2004659699 Win  1756133 10
2004704175 IMP   817032 4
2004779579 Win   102031 0
2004790964 Win  2116028 11
2004806906 IMP   514914 2
2004826579 Win  2331035 13
2004883811 Win   381489 1
2004889770 IMP  9880780 180
2004909536 IMP   832103 3
2005016770 IMP   803542 5
2005051902 IMP   923433 4
2005125577 IMP  2013827 23
2005152541 IMP  9857539 392
2005214389 Win  4697910 71
2005260835 Win  2161023 13
2005312324 IMP   685647 5
2005354047 IMP  1595080 22
2005416352 Intractable. 10623898 577
2005454975 Win  2717667 14
2005456587 IMP  6732652 219
2005462627 IMP  1260389 9
2005469575 Intractable. 11085614 290
2005533197 Win  1295719 19
2005666453 Win  4100973 59
2005752948 IMP  2288948 14
2005760114 Win  9636536 186
2005877295 Win   270764 0
2005891909 Win  1446368 8
2005927445 Intractable. 10769018 242
2005970787 Win   353980 0
2006032338 Win   112205 0
2006040570 IMP  1455567 29
2006060482 IMP  2301277 16
2006089966 IMP  4445575 92
2006104370 IMP  7303908 173
2006145406 Win  1044324 5
2006154659 Win     1248 0
2006154730 Win  1240878 4
2006165708 IMP   422730 1
2006169166 IMP 10711816 589
2006248602 IMP  3143100 21
2006358233 IMP  1481740 11
2006372344 Intractable. 13129266 381
2006404621 IMP  3057590 26
2006434336 Intractable. 13930162 782
2006446228 IMP   914691 5
2006551508 IMP  2395191 30
2006561796 Win  2903574 13
2006584641 IMP   272582 0
2006594227 IMP  1137813 5
2006636366 IMP  9512842 255
2006668169 Win  7095837 86
2006877726 IMP  4924827 198
2006971511 IMP  1560964 18
2006975761 IMP  1847901 12
2007035008 Win   126687 1
2007177871 IMP   949518 2
2007220214 Win  1701484 16
2007302181 IMP   795107 4
2007324420 Win   104994 1
2007344318 Win  2703623 13
2007381940 IMP   802705 3
2007394149 Win   527357 1
2007394430 Win  1170045 4
2007599958 Win   828597 3
2007623893 Win  6496947 222
2007697055 IMP  2436794 19
2007799839 Win  2105789 12
2008002286 IMP  1167745 4
2008027659 Win   567505 2
2008060028 Win   236653 0
2008120199 Win  1212928 12
2008214665 IMP  4738008 55
2008289199 Win  1429179 7
2008299679 IMP  1998762 11
2008335256 Win  1381885 5
2008497600 IMP  1841925 19
2008574173 Win  2453337 21
2008640534 Intractable. 11601044 319
2008656486 Win   130189 0
2008672822 Win   624915 2
2008813310 Win   814793 3
2008951120 Win  6619010 98
2008982981 Win   619280 2
2009213407 IMP  1460686 8
2009233304 IMP   149624 1
2009261280 IMP  1198151 4
2009320540 Win  6716807 118
2009340400 Win  1276559 4
2009394331 IMP   604369 10
2009423228 IMP  3105259 24
2009435644 Intractable. 11936974 305
2009438153 IMP  2908762 38
2009438284 IMP  5221971 85
2009467753 IMP  1038067 6
2009479443 IMP   679414 2
2009481733 Win  2527587 28
2009504833 IMP  1581334 9
2009530780 IMP   821850 2
2009619853 IMP  1520478 15
2009678125 Win  4817582 60
2009678337 IMP  3726941 42
2009703010 IMP  2067951 35
2009748834 IMP   352283 1
2009810417 IMP   943162 36
2009835072 IMP   692729 2
2009842559 IMP  3143406 23
2009872486 Win  1412195 9
2009883242 IMP  2016879 14
2009924559 IMP  1094759 10
2009928592 Win  5686990 101
2009936529 Win   157221 0
2009947339 Win  2362293 69
2010056448 IMP   754529 4
2010363508 IMP  2640470 36
2010387342 Win  2788457 24
2010393525 Win   745091 3
2010438407 Win  2807507 24
2010454861 Win  1158853 5
2010503684 IMP   621850 2
2010581030 Win   138783 0
2010600114 IMP   413965 1
2010624659 IMP   434308 1
2010644813 IMP  1286782 8
2010751762 IMP  2356314 15
2010768965 Win  1523360 7
2010823710 Win  2786460 17
2011012841 Win  1170018 3
2011042441 IMP   823755 3
2011098311 Intractable. 11324599 298
2011134487 IMP  4093556 117
2011161023 Win   865511 4
2011259846 IMP  9152527 318
2011335399 IMP  5164112 152
2011379595 Win   145576 0
2011406201 IMP  2839439 37
2011410999 IMP  1231857 14
2011432373 IMP  1755609 34
2011456737 IMP 10247196 394
2011461018 IMP   391266 1
2011475277 IMP  1451201 21
2011528122 Win   623831 2
2011580614 IMP  4750589 87
2011650551 Win   385818 1
2011739073 Win    43676 0
2011755852 Win  1718188 15
2011762899 IMP  1091621 7
2011898205 Win  6216309 110
2011898427 Win  1730632 8
2011926277 IMP  3565686 83
2011977177 Win  4040745 26
2011993822 Win   749775 2
2011996874 Win  6834626 115
2012054190 Win  1472586 12
2012110862 Win   142665 0
2012118927 IMP   547669 3
2012269112 Win  1432345 15
2012298369 IMP   529996 3
2012299229 IMP  2640107 14
2012304005 IMP  2049660 20
2012372169 IMP  1443008 17
2012384823 Win  1196347 8
2012387309 Win  2591189 15
2012392028 IMP  2699014 25
2012393726 IMP  3563186 64
2012471561 IMP   707223 3
2012500878 IMP  6515589 86
2012543778 IMP  1742532 19
2012610806 IMP  4839219 146
2012735904 IMP  1772457 9
2012790369 Win   196754 1
2012815203 IMP   718783 4
2012870981 Win  1335721 7
2013000828 IMP   597887 2
2013002733 IMP   540490 5
2013035673 IMP  3306767 57
2013084039 IMP   846914 5
2013122074 Win  2586326 20
2013171608 Win  2649525 18
2013187832 Win   833624 4
2013225028 IMP  1525238 7
2013283163 Win  1357361 16
2013297658 IMP  4005394 44
2013324011 Win  1450839 8
2013334976 Win   347011 1
2013343076 Win    71577 0
2013389234 Win    34082 0
2013404746 Win  2805101 26
2013417315 IMP  1160138 8
2013437053 Win    11855 0
2013504197 IMP   568682 2
2013512625 IMP  2383823 14
2013515279 IMP  2839445 39
2013521988 Intractable.  9500097 242
2013543670 Win     4266 0
2013588104 IMP  3652477 78
2013589798 Win  1823185 45
2013616555 Win   333143 1
2013703561 Intractable. 10634697 556
2013705171 Win    44570 0
2013966994 Win  1204606 12
2013996577 Win   172465 1
2014026736 IMP   605907 3
2014033846 IMP  1126254 8
2014062939 IMP   447291 2
2014089929 Win  2412428 15
2014091907 IMP  2425637 12
2014103593 IMP   566786 2
2014108134 IMP  1352207 16
2014143501 Win   943615 4
2014229988 Win  1805297 24
2014277739 IMP   254246 1
2014283119 Win  1020386 4
2014455762 IMP   627405 3
2014507416 Win   517924 2
2014528635 Win  1190341 4
2014531744 IMP  2794005 21
2014557275 IMP   732977 7
2014615673 Win  9094926 294
2014662616 Intractable. 10962434 556
2014695390 IMP   956048 5
2014711244 IMP   866737 3
2014828012 IMP  1627610 81
2014872491 IMP  2009545 15
2014876914 IMP  4337874 62
2014884099 Win   197220 1
2014940045 Win   203189 1
2014980071 IMP  1291420 14
2014997522 Intractable. 12159863 352
2015149225 Intractable. 12058361 357
2015168251 Win  1385162 4
2015209983 Win    45184 0
2015240264 IMP   442711 2
2015247981 IMP   756505 6
2015288185 Win   125514 1
2015353207 Intractable. 13270409 314
2015468375 IMP   943838 8
2015480680 Win  5986008 71
2015495845 IMP  3038650 40
2015587670 IMP  3111698 21
2015589079 Win  1168865 7
2015643609 IMP  1286285 9
2015667669 Win  1613546 8
2015740333 Win  1458816 7
2015816338 Intractable. 11272338 363
2015831311 Win   374729 1
2015918593 Win  2500325 26
2015940500 Win  4771951 75
2015975791 IMP  1068208 7
2015994602 Win  1520896 4
2015998354 IMP  2661233 26
2016018480 IMP  3672891 157
2016167668 Win    37415 0
2016181855 IMP  1953366 13
2016205194 Win   829916 2
2016253522 Win   854069 2
2016287730 IMP  2665795 18
2016358094 Win  4808600 81
2016376542 Win   263200 0
2016386727 IMP 10468642 265
2016395687 IMP   806846 8
2016469809 IMP   539782 3
2016492852 IMP  1546122 13
2016506111 IMP  1025263 5
2016517282 Win  1331324 5
2016549765 Win   119679 0
2016680217 Win   817671 5
2016718601 IMP  1083859 13
2016744945 Intractable. 13316790 389
2016830753 Win  2236297 23
2016867988 IMP  1847431 15
2016892093 IMP  1413647 18
2016899710 IMP  3149122 22
2016918757 Win  5076478 110
2017096462 IMP   736290 5
2017151242 Win   486330 2
2017171892 Win  1871106 11
2017230843 IMP  1624885 10
2017273058 Win  5328689 61
2017274480 IMP  1325676 9
2017284782 IMP  3592990 53
2017290682 IMP   831415 2
2017297003 Win   865869 2
2017335696 Intractable. 10684939 520
2017335877 IMP  1380761 7
2017393331 Intractable. 12472866 480
2017575040 IMP    17689 0
2017616183 IMP  5599535 87
2017656040 Win  3863826 46
2017683444 Intractable. 12218684 505
2017886065 Win   228077 1
2017901169 IMP   302783 4
2017904673 Win  2534096 20
2017995668 Win  1314769 6
2018056184 IMP   410646 0
2018209130 Win 11224355 582
2018236514 Win  9277579 226
2018269295 IMP   658152 2
2018281738 Win  6075226 69
2018324141 IMP  1925766 27
2018338287 Win  1693816 8
2018343771 IMP  1173002 5
2018360179 IMP  1390596 11
2018448727 Win  2624580 23
2018485776 Win  2902483 18
2018558577 Win   560725 1
2018579316 IMP  1391896 18
2018590701 Win  1822904 9
2018594359 IMP  8132914 308
2018602325 Intractable. 12949060 781
2018609449 Intractable. 12574887 394
2018664006 Win   421633 3
2018721436 IMP  2107253 40
2018770607 Win  1076341 6
2018849865 Intractable. 10322134 1112
2018852094 Win  2818808 43
2018875582 IMP  4659295 223
2018931632 IMP   965982 6
2019035442 Win  2594336 22
2019053065 Win   669301 2
2019081470 Win   256087 1
2019116843 Win   153226 1
2019140642 IMP  3323477 60
2019174054 Win  3227333 40
2019269655 IMP   895663 9
2019316620 Win   183377 1
2019351447 IMP  2394149 37
2019386449 Win  4983756 62
2019450984 IMP  7577674 169
2019485560 IMP    91805 0
2019503687 IMP  1192575 11
2019542209 Win   493446 3
2019598931 IMP  7147413 139
2019621366 IMP  3504648 54
2019685459 Win  3322103 68
2019749914 Win   195978 0
2019796031 IMP  8893297 938
2019888353 Win     2197 0
2019932448 IMP  7233197 315
2019932951 IMP  1838008 12
2019937558 IMP  3850525 59
2020168506 IMP  2119397 13
2020169313 Win  6637661 79
2020182672 IMP  1334714 14
2020185064 IMP   550327 3
2020194197 Win    82290 0
2020267132 IMP   899505 3
2020268806 Win  1207386 9
2020271122 Win  1301752 4
2020291558 Win   205126 1
2020311687 IMP  4265949 101
2020367528 IMP  3609410 64
2020371762 IMP  1757561 12
2020424950 Win  3958710 70
2020489853 IMP   614959 2
2020525744 IMP  3121409 23
2020535643 Win  1458238 8
2020631672 IMP  5164405 90
2020848396 Win  7847241 126
2020885589 Win  3658524 24
2020929764 IMP  1402726 14
2020950093 IMP  1561712 13
2021084123 IMP  1277776 6
2021125635 Win    12110 0
2021135609 Win   467692 1
2021172103 IMP  1366755 11
2021247736 IMP  6010567 115
2021333387 IMP  1009422 8
2021343808 Win  3304850 53
2021395163 Win   942508 3
2021494799 Win  2984095 15
2021554282 Win  1135711 6
2021635775 Win     6365 0
2021686191 Win   318939 1
2021746165 Intractable. 10361016 310
2021755114 Win   269094 0
2021780046 IMP  1213862 10
2021799758 IMP  2572459 51
2021814028 IMP  2418672 63
2021856602 Win   993654 4
2021897059 Win  5406050 57
2021907964 Intractable. 11630507 356
2021980044 IMP   579567 1
2022026280 IMP  1377669 11
2022101931 Win   818330 3
2022102263 IMP  7899398 182
2022118947 IMP  1173071 5
2022135612 Win  5255351 74
2022149258 IMP  1722989 9
2022231965 Win   384035 1
2022248821 IMP  2731149 68
2022358323 IMP  3066723 44
2022394401 Win  1380127 9
2022449277 Intractable. 11250091 265
2022494108 Win   850213 2
2022524295 IMP  3488743 71
2022601862 Win  2506284 36
2022648510 IMP  3030447 225
2022669928 Win  1503203 10
2022709960 Win   638042 4
2022865971 Win   896535 4
2022923758 Win   620841 6
2022925360 IMP  2986408 52
2022927223 Win  2424738 49
2022962780 IMP  2763377 42
2022964581 IMP  1255104 10
2023195337 Win  6186871 503
2023223568 Win   477663 1
2023353386 Win  1557383 27
2023389578 Win  6998097 192
2023401391 Intractable. 11120823 961
2023476907 Win  3630265 68
2023618817 IMP   936661 9
2023708313 IMP   412963 1
2023713529 IMP  1437753 106
2023837204 Intractable. 10912970 436
2023844030 Win   156975 0
2023948039 Win  1102756 6
2023967089 IMP  1553986 13
2024001167 Win   262417 1
2024023023 Win  4615014 251
2024112227 IMP    83936 0
2024112339 Win   717375 4
2024184568 IMP  2640119 46
2024184676 IMP  4169447 86
2024252837 Win  7836331 201
2024312632 IMP   956326 9
2024348492 Win  2201259 17
2024360210 IMP  2458539 20
2024429466 Win  1068148 4
2024487253 IMP  5797520 145
2024538761 IMP  3005196 43
2024548576 IMP  1258042 14
2024586568 Win  2082520 30
2024631025 IMP   802657 5
2024646112 IMP   995506 4
2024765889 Win  1146998 5
2024768113 Win  2845471 26
2024772929 IMP  4728796 59
2024863308 Win  2506005 11
2024890030 IMP  2020501 17
2024911963 Win  6501980 86
2024913529 Win    74715 0
2024927414 Intractable. 10959939 357
2024931639 Win   165233 0
2024933073 Win    19698 1
2024965466 Win   483459 1
2024989310 Win   308569 0
2025056808 IMP  4610070 78
2025190123 Win  1788751 24
2025243059 Win  1437486 9
2025259704 Win  1808064 7
2025308763 Win  2168290 14
2025337806 Win  1303110 6
2025385941 IMP  7022110 139
2025536897 IMP   344013 1
2025538935 Win   321786 1
2025572152 Win  5249673 52
2025584199 IMP  2170946 23
2025589068 IMP  1328177 5
2025589305 Win   379483 1
2025625621 IMP  1113828 8
2025646913 IMP  1330467 10
2025690716 IMP  2192770 22
2025760679 IMP  6080903 146
2025855543 Win  1633890 14
2025859756 IMP  1429364 8
2025877520 IMP   855422 3
2025889483 IMP   300668 1
2025904819 Win  2269698 13
2025994341 IMP   435177 1
2026071216 Win  6253892 73
2026224950 IMP  2130722 11
2026267074 IMP  1637063 7
2026279411 Win  1509461 6
2026412130 IMP  1657824 10
2026428063 IMP   932580 3
2026450638 Win 10395488 562
2026480788 IMP  6985868 248
2026531670 Win  9471564 495
2026590964 Intractable. 11939783 394
2026674026 IMP  1391100 17
2026674608 Win  4100314 184
2026771135 IMP  2882222 25
2026820331 IMP  1492987 10
2026870333 Intractable. 10204070 380
2026887408 Win   949043 5
2026983400 IMP   710901 5
2027039223 Win  3336132 50
2027041041 Intractable. 11455506 504
2027061160 Win  1401930 8
2027097567 IMP  5698172 72
2027267711 Win   105301 0
2027283869 Win   135129 0
2027440459 Win  2048673 27
2027456528 IMP  2714400 36
2027475530 IMP  1367708 13
2027500517 Win   947558 4
2027542949 Win   285870 2
2027570465 Win   938355 4
2027585721 IMP   362784 1
2027597476 IMP  6833045 294
2027677565 IMP   746455 5
2027703376 Win   361879 1
2027713291 Win   484249 1
2027714462 Intractable. 13398567 441
2027837345 Win  1769914 13
2027892985 Win   679728 2
2027907015 IMP  4318074 124
2027938921 Win   615325 2
2027984129 Win  4619007 55
2028141001 IMP  2038958 18
2028144031 IMP  1095148 4
2028208286 Win    17675 0
2028396305 IMP  3266692 25
2028413898 IMP   976641 3
2028489386 Win   180056 0
2028504235 Win  1891817 20
2028507656 IMP   673456 2
2028577082 IMP   569892 1
2028581601 IMP  6551979 408
2028638963 IMP  4231761 168
2028658498 Win  1213528 9
2028675872 Win   960747 11
2028696411 Win  2690828 28
2028744237 Intractable. 11150389 388
2028756722 Win  3156728 35
2028778890 Win  3707546 42
2028817498 IMP   758086 3
2028860637 IMP  1274926 6
2028862477 IMP  7916847 164
2028870249 Intractable. 10567009 365
2029052588 Intractable. 11374980 383
2029089865 Win   418010 1
2029111002 Win  4562014 66
2029130308 Win   102820 1
2029186754 Win   364649 0
2029311448 IMP   153656 1
2029344494 Win  1703618 8
2029372928 Win   733017 2
2029438795 Intractable. 11673146 1011
2029522117 Win  2220021 22
2029544519 Win  1140102 11
2029633587 Win  9862116 249
2029745137 IMP  1624638 10
2029862284 IMP  3169732 37
2029864179 IMP  1138518 9
2029877919 Win   100046 0
2029945191 Win   851518 5
2029952698 IMP  2258329 27
2029964624 Win  1892936 18
2029965217 IMP   614094 4
2030073447 IMP 11031151 836
2030180872 Win   175849 0
2030195885 IMP  2089084 28
2030277018 Win  1013462 6
2030370554 Win 12163893 771
2030371888 IMP   843461 7
2030385358 Win  2865333 80
2030387233 IMP  5807355 132
2030407882 Win    58232 0
2030455633 Win    22911 0
2030495722 Win  5937739 92
2030502153 IMP  3416139 77
2030544523 IMP  1539226 12
2030546484 Win  2087289 16
2030550806 IMP  2008392 23
2030621733 Intractable. 11602989 404
2030632922 Win   490339 1
2030736666 IMP  2286157 43
2030745516 Win   771229 12
2030794491 Win   136462 1
2030851661 Win  1087663 6
2030865272 Win  1226360 6
2030925015 IMP  3052702 34
2030945703 IMP  1628637 32
2030963620 IMP   859529 7
2030968803 Win  2720740 41
2030985939 Win  1077885 3
2031013452 Win 14654545 333
2031041313 Win   485685 2
2031146347 IMP  1516246 17
2031170918 Win  5602729 74
2031178469 IMP  3937661 78
2031296300 IMP   588723 1
2031296872 IMP  2868162 48
2031306122 IMP  5920978 75
2031334120 IMP  2051891 23
2031356880 IMP  4167804 69
2031429415 IMP   663258 2
2031440045 IMP  4317537 55
2031475283 IMP   503077 2
2031502531 IMP  4183995 313
2031657281 IMP   591694 3
2031661851 Win  1645486 16
2031682797 IMP  1119275 5
2031688844 IMP  2139870 31
2031699317 Win  1276807 4
2031709085 Win  5808764 200
2031783627 Win   592687 1
2031787850 IMP  2658089 34
2031808632 IMP   455657 1
2031826706 IMP  4470616 90
2031845632 IMP  2175150 58
2031870946 Win  1423435 5
2031910866 Win  4048976 31
2031989346 IMP  2261056 43
2032054685 Win   496308 2
2032073350 Win  4207894 36
2032117452 IMP  2279888 12
2032121614 Win  4848084 85
2032122389 Win   336074 1
2032158843 IMP  1008556 4
2032243457 IMP   535897 2
2032244134 Win  2578488 36
2032300365 IMP  1304781 6
2032315159 Win 10070579 247
2032332266 Win  1157106 4
2032335150 IMP  1164444 6
2032349847 IMP   519002 1
2032410304 IMP   763475 5
2032420971 Win   618393 2
2032431005 Win  4777710 45
2032443215 IMP  2285596 52
2032464995 IMP  1080001 14
2032476750 Intractable. 11638431 283
2032483080 IMP   187915 1
2032514037 Win   109533 0
2032524913 IMP  2075851 31
2032585665 IMP  2573689 79
2032628631 Win    11114 0
2032649149 IMP  1652094 8
2032665950 Win   479893 2
2032705600 Win  6981072 84
2032787154 IMP   443630 1
2032800472 Intractable. 11711666 373
2032807201 IMP  1373012 9
2032960819 IMP   959505 6
2033085675 IMP  4839098 55
2033170245 IMP  2438854 32
2033220036 IMP   652328 7
2033318858 Win  7954495 140
2033370713 IMP  8898385 237
2033376242 Intractable. 12170117 246
2033432002 IMP   291126 0
2033436828 IMP  1905419 15
2033515513 IMP  1430851 9
2033533004 Win  7292431 111
2033567094 Win  1173538 10
2033595720 IMP  2215752 18
2033621988 Win     8648 0
2033687394 Intractable. 11081858 317
2033764381 Win  2067119 14
2033824823 IMP  4157181 42
2033831793 IMP  1661713 9
2033849439 Win  2823160 20
2033861901 IMP  1851931 11
2033884143 IMP  2693267 22
2033910886 IMP  1103671 4
2033979110 Intractable. 11827052 361
2034142408 IMP  1614977 8
2034155771 IMP  6488046 90
2034180103 IMP  1548398 18
2034184227 IMP  2637813 19
2034219229 Win  1671472 7
2034276080 IMP   961432 16
2034292320 IMP  1176794 16
2034323381 Win  4763377 89
2034357204 IMP  3915302 53
2034374234 IMP  1020295 8
2034378438 Win   112936 1
2034380438 Win   821696 3
2034574153 Win   318807 1
2034619262 Intractable. 10941400 265
2034686228 Win  9135826 262
2034721535 Win  4235007 61
2034732745 IMP  5316475 120
2034752355 IMP  2485211 45
2034825168 Win  4524005 117
2034870058 IMP  4099559 36
2034961879 IMP  3110905 39
2034962129 Intractable. 10613443 293
2034965628 IMP  1787289 12
2035043779 Win   497778 1
2035060107 Intractable. 13251659 319
2035219501 IMP  1586494 8
2035251891 Win  1377079 5
2035343349 Win   767089 2
2035349365 Win  1192222 4
2035369151 IMP  2385718 19
2035412657 Win  1282002 5
2035463072 Win   160500 0
2035550133 Intractable. 12228164 307
2035568327 IMP  2077421 25
2035581175 IMP   938890 4
2035598602 Win  5543125 110
2035602555 Intractable. 11395363 490
2035673717 IMP  2419906 40
2035695969 IMP  3179443 19
2035722789 IMP  3367977 27
2035804247 IMP  2622067 30
2035863697 IMP  1715660 27
2035870145 IMP  1432573 12
2035894581 IMP   466306 2
2035908071 IMP   438625 1
2035940899 IMP  2209161 34
2035956254 Win  4668695 45
2036057883 IMP  1767860 17
2036059001 Win   421556 1
2036133237 Win   863497 4
2036136262 Win  5115327 59
2036212759 IMP  1205547 6
2036233661 IMP  2759847 17
2036253061 Win   655733 5
2036304408 Win   520682 2
2036372117 IMP   605737 3
2036412797 IMP  1223242 14
2036434566 Win  4857341 104
2036498975 IMP  4363195 67
2036598496 Win   935616 3
2036633250 Intractable. 12013495 353
2036802489 IMP   558598 2
2036821485 Win    93237 0
2036823113 IMP  1458532 7
2036833344 Win  2197126 21
2036841553 IMP 10787469 277
2036875811 IMP  1099886 3
2036919244 Win   833854 3
2036936552 IMP  5400942 107
2036953471 IMP  4923066 158
2036975495 Win  1774716 9
2036982685 IMP  2307509 27
2037047317 IMP  2743156 17
2037089246 Win   406880 1
2037120225 IMP   115625 0
2037409256 Win   829309 7
2037449839 Win   940534 8
2037459747 Win  3423597 24
2037482544 IMP  1293454 11
2037489120 Win     1978 0
2037512407 IMP  5425086 77
2037554401 IMP  6125459 297
2037583337 IMP   293286 1
2037625710 IMP  6923342 325
2037628581 IMP  6408388 302
2037711975 IMP  3191276 117
2037786020 Win  3533254 41
2037800132 IMP  4850874 113
2037823920 Win   539766 2
2037830462 IMP  2302804 13
2037865112 Win  4309212 63
2037869305 IMP 10054873 367
2037896546 IMP  1790019 23
2037911678 IMP   757646 7
2037945811 Win  2374350 39
2037960254 Intractable. 10355508 585
2037970829 Win  2274222 20
2038018373 Win  4326849 36
2038144869 Win  1269992 8
2038288117 IMP  6566497 139
2038308469 Win   817071 4
2038325970 IMP  2820641 33
2038510393 IMP  3558873 133
2038561591 Win   769299 5
2038585179 IMP   996660 7
2038614393 Win  2236220 13
2038842345 IMP  3513459 51
2038846333 Win  2853882 21
2038851964 Win  1091864 4
2038979978 IMP   859757 13
2038988929 IMP  2144978 38
2039019543 IMP  3608272 36
2039023238 Win  2084083 11
2039089101 IMP   936595 7
2039116073 IMP   488734 2
2039200741 Win  2313178 14
2039228887 IMP  3081769 37
2039238315 IMP  6745667 92
2039258127 Win     4284 0
2039322601 Win     8028 0
2039324881 Win  1863735 7
2039404064 Win  3081074 24
2039404158 Win  2879279 17
2039473848 Win    11432 0
2039661562 Win   668973 2
2039666948 IMP  1869384 7
2039692306 Win   473292 1
2039733014 Win   938631 3
2039819997 IMP   353683 0
2039839936 Win  1060232 7
2039927988 Win   270295 1
2039957713 Win  2963013 49
2040063403 Win  7532336 242
2040077290 Win   761332 2
2040171876 Win   536531 5
2040315210 Win  6281158 131
2040339788 Win   222581 0
2040341787 IMP   408385 1
2040378526 Win  1478098 5
2040379222 IMP  6254742 124
2040461222 Win   669979 1
2040552164 Win  1886427 20
2040577364 Win  2114282 17
2040582457 Win  6909276 125
2040797325 Win  2054279 21
2040809048 Win   121445 0
2040846727 Intractable. 10271760 310
2040861354 IMP  1049106 8
2040900308 Win  1199474 8
2040970652 IMP  1133138 7
2040995972 IMP  2317442 17
2041046997 IMP  1778504 9
2041154633 Intractable. 11502039 353
2041242564 IMP   890463 10
2041250079 IMP  4623029 74
2041275123 IMP  3701494 43
2041304617 IMP  4433612 82
2041511822 Win  1184519 11
2041533450 IMP   392364 1
2041544813 Win   802623 2
2041564631 Intractable. 11461355 301
2041605689 Win   501429 3
2041630151 IMP   609020 4
2041711540 IMP  4696017 126
2041712787 Win   412238 1
2041746793 Win  7062398 120
2041791543 Intractable. 11623594 316
2041801265 IMP  2782452 20
2041868708 Win  3468217 21
2041907484 IMP  2497262 23
2041919076 Win  4154076 84
2042087497 Win  2931130 22
2042161803 IMP   837770 3
2042191838 Win   749992 3
2042200908 IMP 10082861 437
2042222976 Intractable.  9335439 285
2042227898 Win  2264318 25
2042244630 Win  1700138 13
2042254686 Win  1723372 9
2042257957 Intractable. 12355437 393
2042348489 Win   951752 6
2042364306 Win  1476980 11
2042455936 Win   187324 1
2042524699 IMP   182254 0
2042546842 IMP  4221040 62
2042553227 Intractable. 11731994 346
2042574748 IMP  1061340 5
2042582418 Win  3856344 25
2042614544 Win  1319861 8
2042684854 Win  2308905 12
2042710641 IMP  7932148 236
2042715975 IMP  1257150 9
2042744846 IMP  1103824 4
2042758989 Win   203623 0
2042848916 IMP  1136198 5
2042878764 IMP  1980296 32
2042902730 Intractable.  9686691 264
2042916703 IMP  1737338 85
2042924689 Intractable. 12557347 356
2043037023 IMP  2976467 25
2043105891 Win  1124117 5
2043115139 Win    88862 1
2043131731 Win  2667306 24
2043185215 IMP   953339 4
2043189500 Win   755994 4
2043241253 Win   621714 2
2043245969 IMP  3292060 36
2043272476 Win   867108 5
2043274512 IMP  2156456 17
2043358239 Win  2435554 13
2043510524 Win  2044056 34
2043514015 IMP  3104645 103
2043515099 IMP   660044 2
2043596936 Intractable. 11094843 386
2043620631 IMP  7407268 134
2043625022 IMP   977960 4
2043640002 Win   815115 3
2043649041 IMP  3467163 33
2043698335 IMP  2080369 38
2043741088 IMP  3678644 35
2043745496 Win  1252051 7
2043761263 IMP  7178666 176
2043763625 IMP  1107317 4
2043771401 Win  4529256 75
2043820736 IMP  1888061 16
2043832662 IMP   356535 1
2043953201 Win  2751321 15
2043994721 IMP  5461524 76
2044103826 Win   233967 0
2044129895 IMP   381208 1
2044145039 IMP  1013185 13
2044170372 Win  6644471 126
2044314987 IMP  1512240 6
2044372568 Win   940052 3
2044386054 Win  5089282 89
2044408789 IMP  1004081 4
2044453216 Win  1068483 4
2044483084 Win  3023669 100
2044570036 IMP  2652301 242
2044629757 IMP  4274877 79
2044686699 Win   762011 10
2044732731 Win  1674810 16
2044749291 IMP  1920679 11
2044770809 Win   728715 2
2044812227 Win   514864 1
2044833269 Win  8610698 187
2044947737 IMP  2717540 102
2044959186 Win  2546457 16
2045004946 Win  3508608 30
2045031836 Intractable. 11914861 270
2045115345 IMP    32360 0
2045175680 Win  3151320 29
2045247116 IMP  3947164 64
2045250454 Win  8982841 162
2045262540 IMP    76882 1
2045279034 IMP 11863158 499
2045287522 Win  5692983 87
2045301824 IMP  1800460 10
2045305809 IMP   497318 1
2045334349 IMP   526334 3
2045434248 IMP   696858 3
2045470329 Win   709934 7
2045542577 Win   447866 1
2045564915 Win  8307800 155
2045615038 Win   834290 3
2045706846 IMP  2014959 19
2045819039 Win 10290693 216
2045975206 Win   789673 2
2046078477 IMP   518062 3
2046158038 IMP  1841421 25
2046183615 Win   200545 1
2046242771 Win   988698 4
2046297857 IMP 10157288 409
2046298327 Win  1409873 11
2046306319 IMP   664297 2
2046361163 IMP  1881818 20
2046375872 IMP   332673 1
2046381094 Win  1238856 4
2046407307 Win   330722 1
2046492593 IMP  2284362 33
2046531423 Win    13077 0
2046640994 Win  1929368 27
2046653623 IMP   277414 1
2046669628 Intractable. 12533464 374
2046689343 IMP  6435572 122
2046820109 IMP   686126 2
2046863524 Win  2246083 25
2046884202 IMP  2033219 18
2046894090 IMP  3295822 99
2046996212 IMP  5324713 304
2047056735 Win  1886444 13
2047083022 IMP  2013393 23
2047086624 Win  1844042 14
2047098625 Win   679754 4
2047151891 Win  3005013 50
2047152307 IMP  3769616 72
2047255725 IMP  1114247 10
2047387824 IMP   865492 14
2047537324 IMP   888351 9
2047546976 Win     2492 0
2047567883 Win   536981 0
2047590738 IMP  2808402 48
2047683939 IMP   554571 2
2047711266 Win  2212032 18
2047717757 Win   112601 0
2047725590 Win  8493941 429
2047797822 Intractable. 10966809 788
2047810241 Win   503451 1
2047852947 IMP  1930121 33
2047929353 Win   729614 5
2048012937 Win  1005404 11
2048031926 IMP  6258794 270
2048165852 IMP   349946 2
2048274280 Win  3272281 51
2048288636 IMP   804740 3
2048357502 IMP  8903947 274
2048416877 Intractable. 10721991 371
2048432962 Win 10119933 293
2048539829 Intractable. 11628083 451
2048624344 Win  3261231 21
2048650116 Win     8200 0
2048735793 IMP  2675230 26
2048744475 Win  1661270 25
2048780638 IMP   507692 2
2048787156 Win  2972776 55
2048925433 Win     4558 0
2048955438 Win   195786 0
2049057598 Win    46867 0
2049186001 IMP  1353152 13
2049260043 Win   527039 2
2049281786 Win  6008183 83
2049294316 IMP  2534266 22
2049296329 IMP   737970 9
2049341538 Win   121954 1
2049370948 IMP  2818559 25
2049387750 IMP  1077084 5
2049437694 Win   878173 4
2049519242 Win  2945291 22
2049647047 IMP  2978027 27
2049654894 Win  4464433 82
2049678608 Win   577144 2
2049687570 IMP  1120922 9
2049696116 IMP   797208 3
2049761490 Win   629111 2
2049779831 IMP   507913 2
2049818808 IMP  1160430 4
2049842137 Intractable. 13871174 329
2049872062 Win   197069 1
2049911556 IMP  1023902 9
2050050241 IMP   755279 2
2050250305 IMP  1093477 6
2050255866 IMP   617529 4
2050266104 Win  1849991 17
2050290813 Win    39201 0
2050311539 Win  2796920 43
2050315940 IMP  1189870 4
2050334586 Win   549816 2
2050341721 IMP  2935517 39
2050343211 Win   141898 0
2050397810 Win   710870 2
2050403092 Win  8856118 237
2050446337 Win  1436545 11
2050496227 Win  8790998 157
2050509955 IMP  2121421 26
2050602660 Win  4127561 65
2050626166 Win  1216049 6
2050744109 Win  3513549 41
2050832248 IMP   715937 4
2050892774 IMP  1174854 9
2050919368 IMP   632676 2
2050988985 IMP  2769027 62
2051034650 Win  6492174 86
2051103189 Win  3777555 31
2051129877 IMP  5946297 134
2051130998 Win  4268283 105
2051133759 IMP  3619946 265
2051204104 Win  6218228 74
2051220498 IMP   685123 11
2051261384 Win   143900 0
2051278489 IMP  3274078 48
2051337937 IMP  4087047 49
2051367939 Win  1183413 7
2051468653 Intractable. 12029296 972
2051592185 IMP   847986 4
2051598973 IMP   874036 3
2051599953 IMP   782979 2
2051644532 Win  2798581 19
2051680880 Win   342133 3
2051688309 Win   321811 2
2051726563 Win    23919 0
2051840067 IMP  1108741 6
2051850050 IMP  3148719 33
2051922731 IMP   512054 1
2051931324 Win  1118237 5
2052106792 Win  2614458 17
2052130937 IMP  2957079 31
2052193661 IMP   550326 2
2052234925 IMP  2625239 39
2052316134 IMP  1560761 10
2052439742 Win  2540933 34
2052646364 Win  1876232 8
2052659855 Win  1927657 13
2052660277 IMP   720673 3
2052723203 IMP  1014037 6
2052841840 Win  1871874 8
2052904724 Intractable. 10956610 387
2052938168 IMP  2582891 35
2053054611 Win  6819397 104
2053159228 IMP  5654142 307
2053219332 IMP  1497533 7
2053261579 IMP  6696269 92
2053305091 IMP  1366417 6
2053416416 Win   230428 2
2053418177 Win   997688 5
2053438056 Win  1614839 69
2053461845 Win  7814694 363
2053462319 IMP  1077502 7
2053541554 Win   312157 1
2053549981 IMP   878001 6
2053577372 IMP   557369 1
2053587774 Win  3566426 116
2053608155 Win  1290327 7
2053611820 Win   143081 0
2053624009 IMP  1308085 7
2053629853 IMP  1095563 4
2053698898 IMP  1311834 5
2053707154 IMP   728074 7
2053708151 Win   131892 0
2053758012 IMP   742605 3
2053800684 Win  4395084 45
2053857890 IMP  1108466 22
2053872773 Win    48413 0
2053874350 Win    11845 0
2053908332 IMP   943715 3
2053961314 Win   733030 2
2053974720 Win   137194 0
2054032127 Win   400651 1
2054038828 IMP  5618788 214
2054052486 Win   195217 0
2054082152 Win   347716 1
2054135495 Win   215910 0
2054255860 Win  1290689 6
2054333408 Intractable. 10648859 517
2054354674 Win  2770046 24
2054431667 IMP  1997817 35
2054469746 IMP   262737 1
2054586631 Win  3939641 39
2054777037 IMP  6035053 214
2054845047 Win   497404 5
2054873764 Win  1409567 8
2054896594 Win   950288 3
2054977245 Intractable. 11252622 481
2055017984 IMP   985499 2
2055037096 Win   775402 5
2055106890 IMP  1304779 9
2055186269 IMP  3059300 25
2055294657 Win  2799842 26
2055312221 Win    27945 0
2055328408 IMP  1983893 24
2055329332 IMP   706899 2
2055331153 IMP  7661860 144
2055376197 Win  4057399 111
2055407594 IMP  6132367 140
2055425600 IMP   466981 1
2055451904 IMP  1238105 6
2055534749 Win  4388926 43
2055567757 Win   285325 1
2055580856 IMP  6551917 262
2055587374 IMP  2164604 34
2055605287 Win  2923463 22
2055610985 IMP  1496832 6
2055706803 IMP  2277734 25
2055867012 Win  1208977 5
2055914008 Win  3141286 50
2055969854 IMP  3313437 41
2055978126 Win   747457 1
2056002826 Win   554501 3
2056011381 Win  1282847 8
2056014046 IMP  6261059 165
2056196114 Win   983888 12
2056224194 IMP  2115740 32
2056339832 IMP  5298049 94
2056346277 IMP  1523378 10
2056423430 IMP  9749544 615
2056441799 IMP  1984306 11
2056483317 Win  1121336 5
2056487401 Win   109611 0
2056490820 IMP   790766 2
2056506910 IMP  2542175 23
2056517397 Win    14158 0
2056602718 Win   708237 3
2056668625 IMP  2806708 30
2056717638 Win  3410489 39
2056776997 Win  3979255 39
2056828002 Win    51388 0
2056976427 IMP  3041133 33
2056990179 IMP   967863 3
2057145536 Win  1323704 4
2057188700 IMP   992246 7
2057220406 IMP  6757269 104
2057366703 Win    29856 0
2057381269 Win  2388165 27
2057436239 IMP  6126316 117
2057497800 Win  4340609 46
2057528932 Win  3667310 132
2057550845 Win   330055 1
2057560033 IMP  7402015 548
2057579754 Win   679735 2
2057598506 IMP  2429814 26
2057606302 Win  2485952 22
2057618206 IMP  1962144 11
2057670725 IMP  1551125 7
2057736930 Win  4211410 99
2057762714 Win   387437 2
2057894103 Win   621403 4
2057908707 IMP  2384643 16
2057913684 IMP  5494067 74
2057942149 IMP   950459 5
2057962908 IMP   937360 3
2058022841 IMP  1123245 16
2058060894 Win  1839426 9
2058067233 Win  1333811 4
2058079835 IMP  5910502 99
2058080489 IMP  2484162 17
2058124039 Win   301170 1
2058233491 IMP  4601484 55
2058288125 Win  1697684 13
2058298517 Win  5819730 251
2058334731 IMP   627048 6
2058411279 Win    25851 0
2058412794 Win   608941 2
2058502155 IMP  2326033 22
2058521090 Win   163270 0
2058543134 IMP   490371 2
2058629380 Win  4021181 91
2058645009 IMP  3077286 29
2058675751 IMP  2608170 51
2058709679 IMP  1213742 5
2058787747 IMP   499771 2
2058810280 Win   104125 0
2058813683 IMP   645502 7
2058883078 Win  1173250 4
2058922428 Intractable. 11543840 345
2058947513 Intractable. 13954067 329
2058950194 IMP  2047717 18
2059003903 Win   864730 3
2059021516 IMP   723227 7
2059039145 Intractable. 11342083 344
2059095026 IMP  3264159 32
2059165850 Win  2349324 11
2059252757 IMP  1455798 23
2059261447 Intractable. 12224123 289
2059300382 IMP  1479945 26
2059300431 Win  2582149 27
2059448059 IMP   734932 11
2059606881 Intractable.  9437393 433
2059627459 IMP  2974003 21
2059628570 Win   343795 2
2059726715 Win  1303676 19
2059759974 Win  1787814 7
2059760865 Win   512079 1
2059783217 IMP  1201094 6
2059814384 IMP  5660595 143
2059938854 Win  1833292 13
2059943907 IMP  3007599 18
2059989001 Win    52625 0
2060023187 Win   607296 2
2060122834 IMP  2668855 30
2060128027 Win  1643206 11
2060304777 IMP   232779 1
2060384865 IMP   448500 14
2060429074 IMP  5581716 87
2060559828 IMP    93401 0
2060587629 IMP   630311 7
2060634450 IMP  5944915 190
2060718998 IMP  3560812 54
2060734212 Win   277968 1
2060817214 Intractable. 10553123 436
2060840829 Win  2638463 18
2060895277 Win   633498 4
2060900461 Win   739294 7
2060930346 Win   881581 5
2061000734 Win   425230 1
2061027048 IMP  1122055 3
2061067026 Win  6834934 160
2061079689 Win   536041 2
2061115594 IMP  1006579 6
2061127403 Win    13018 0
2061132472 IMP   145142 1
2061303873 Win  1029739 3
2061305937 IMP   900297 7
2061331716 Win  1307477 10
2061349524 Win    24274 0
2061357644 IMP  3871213 48
2061361975 IMP  8262677 157
2061386690 Win  1365449 6
2061525025 Win  2064019 16
2061629035 IMP   840387 5
2061631150 Win  1666954 12
2061686012 Win   305643 1
2061744101 IMP  2263758 20
2061803739 IMP  5614438 228
2061829966 Win   567552 2
2061928451 Intractable. 11420107 746
2062084470 IMP   893823 5
2062332260 IMP  3693338 64
2062344730 IMP   479905 2
2062349856 Win   572262 1
2062351286 IMP  1809968 14
2062360889 IMP   908721 9
2062366326 Win   203893 1
2062400142 Win  3429676 42
2062401051 IMP  1251920 5
2062407669 IMP  4205420 64
2062423232 Win  6726436 126
2062426527 Win  1739103 8
2062466428 Win  1969610 10
2062519826 Win   903166 7
2062548899 Intractable. 10829637 253
2062571345 IMP  1085861 10
2062655270 Win  1973503 11
2062745898 IMP  1144558 15
2062750905 Win     7109 0
2062900181 Win   369426 1
2062992038 Win   203604 0
2063083514 IMP  9234207 278
2063151873 Win  3343667 18
2063304299 IMP  1094299 9
2063324243 Win  4933343 74
2063329966 IMP  1806895 12
2063331950 IMP   594995 3
2063427577 IMP  1045277 9
2063438268 Win   824966 3
2063539858 IMP  1777807 32
2063634541 IMP   940781 7
2063687614 Win  1105630 3
2063699389 Win   202410 1
2063806391 Intractable. 11150877 308
2063861624 Win   650641 2
2063878022 IMP  3438547 41
2063923724 Intractable. 12200137 401
2063959146 Win  2643829 26
2064051015 IMP  4241642 51
2064139469 IMP   290689 0
2064198447 IMP   880235 2
2064207119 Win  3332473 37
2064218211 IMP  2467199 26
2064281998 IMP  2858623 120
2064389663 IMP   252007 1
2064412410 Win  3516786 25
2064475233 Win   190626 1
2064487977 Win    63284 0
2064517481 IMP   973265 3
2064564519 IMP  8584773 233
2064572917 Win   503694 1
2064646193 IMP  2970819 30
2064650585 IMP  1164955 4
2064660103 Win  1448828 12
2064721503 IMP  1286059 6
2064836035 IMP  6170534 166
2064845530 IMP  1100846 6
2064856894 IMP  9025025 456
2064937134 Win   487339 1
2065047031 IMP   730179 7
2065106985 Win   130454 1
2065122595 Win  3225618 31
2065267089 Win  1696609 17
2065306927 IMP   827317 3
2065313426 IMP   499662 1
2065314442 IMP  1318163 15
2065381485 IMP  2789462 21
2065386097 IMP   609086 2
2065420808 Win  2368414 13
2065423124 IMP  8508454 282
2065423411 Win  1802627 14
2065429697 Win   460468 1
2065444223 IMP  1213860 19
2065493923 IMP   457189 2
2065555379 IMP  3025901 25
2065630140 Win     7813 0
2065633007 Win  5461390 62
2065640544 IMP  6774193 215
2065729971 IMP  1884242 23
2065762446 Win  2286577 18
2065829197 Win    36007 0
2065915191 Win  7933414 154
2066009166 Win   549060 1
2066124049 IMP  1590568 11
2066244632 Win 10324858 222
2066336732 Intractable.  9749456 278
2066414953 Win  6627373 85
2066437615 Win  5301133 190
2066521980 IMP  1408709 5
2066525458 IMP   906575 8
2066652159 Intractable. 10227412 323
2066663073 Win  6309693 97
2066684427 Win   823679 2
2066686511 Intractable. 12783963 538
2066762597 IMP  1682535 8
2066787801 Win   252128 0
2066885592 Win  3825237 49
2066908100 Win  2872074 66
2066968545 Win   790563 3
2066968548 Win   639606 2
2066974913 Win   602206 2
2067030172 Win  7290233 368
2067128219 IMP  7634027 123
2067135801 IMP  6816298 190
2067152553 Win  2491631 24
2067195752 IMP   934584 2
2067213178 Win  1387317 16
2067216434 Win  6895362 182
2067219101 Win  2159788 19
2067296460 IMP  7653921 162
2067298604 IMP  1722091 23
2067312142 Win   874923 3
2067335937 Win   518387 2
2067350046 Win    10144 0
2067357419 IMP 10665983 251
2067477181 Win  1370585 9
2067490468 Win  1005278 6
2067574145 Win  1803291 11
2067657006 IMP  7156104 191
2067777071 IMP  1431554 9
2067807058 Win  9792726 166
2067840066 IMP  2951837 17
2067912956 IMP  1969318 27
2067943715 IMP   983624 4
2067971116 Intractable. 12430965 474
2068011740 Intractable. 13105341 423
2068088931 IMP   798799 5
2068107200 IMP  2907612 21
2068164600 IMP   970011 9
2068195015 IMP  2281195 21
2068204953 IMP   140957 1
2068249298 Win  8935403 216
2068303905 IMP   193165 0
2068474240 IMP  6030540 149
2068569759 Intractable. 12564700 353
2068575805 IMP 13135625 640
2068660673 IMP  1624676 12
2068707629 IMP  1327747 13
2068768453 Win  6731181 103
2068775070 Win  6888055 135
2068777486 Intractable. 11343717 296
2068814037 Win   457268 1
2068824902 Win   652116 6
2068843433 IMP  1845658 13
2068934547 Win   722877 3
2068946979 Win  9248633 250
2068953749 IMP  4665002 60
2068961399 Win  1761287 10
2069021476 Win  1180525 7
2069055424 IMP  3455204 81
2069092091 Win  2826044 22
2069121264 IMP  1065119 4
2069133525 Win  4352052 56
2069182405 IMP  2329956 19
2069211596 Win  1262521 4
2069234149 IMP  5109449 104
2069288289 IMP    54740 0
2069311436 Win  3227055 32
2069316805 Win  1557326 5
2069337351 Win  1702629 9
2069393349 IMP  7200872 195
2069429838 IMP   652922 3
2069497702 IMP   682611 3
2069520370 IMP  4782761 57
2069521692 IMP  1136887 8
2069528364 IMP  1822043 9
2069574519 IMP   623946 2
2069628289 IMP  5532291 220
2069656102 Win   588999 1
2069673363 Win  4441983 52
2069778552 Win    22078 0
2069800977 Win  2130628 23
2069819229 IMP  1569693 19
2069825169 IMP   806262 3
2069934202 Win   538243 3
2069998086 IMP  2132571 30
2070042405 IMP  5664125 91
2070076105 Win   547156 1
2070153601 Win    75699 0
2070169795 IMP   361627 1
2070259172 Win    74902 0
2070308406 Win  1703778 9
2070326309 IMP  1622274 12
2070347410 Win   496218 2
2070361817 Intractable. 11876495 285
2070397896 Win     9597 0
2070435197 Win    73595 0
2070449809 Win    35630 0
2070598923 Win   887123 8
2070669713 IMP   722167 2
2070688150 Win  6662206 227
2070786744 Intractable. 11166125 366
2070879803 Win  1674765 13
2071012564 IMP  1275330 17
2071046683 Win  5545623 95
2071091102 Win  5703646 158
2071112062 Win   649313 2
2071128151 Win  2490442 26
2071185893 Intractable. 11066270 291
2071262754 Win    15137 0
2071306056 Win  1903009 28
2071367839 Win   810160 5
2071381281 IMP   563224 3
2071389389 IMP   742340 3
2071391873 IMP  4507305 157
2071402529 IMP  3908190 44
2071409250 IMP   852315 10
2071437130 Win   597773 2
2071484210 IMP   200704 0
2071501363 Win  2034697 16
2071513174 IMP  1183411 12
2071543626 IMP  2477532 31
2071557848 Win  2712253 15
2071577712 Win  2791644 31
2071655513 IMP   840288 4
2071680372 Win   718103 2
2071717492 Win  3523240 34
2071738714 IMP  1413825 22
2071743260 IMP  4564956 45
2071747670 IMP   751892 4
2071769146 Win  2888509 31
2071825804 Win   185383 1
2071835339 Win  8352650 189
2071896055 IMP  1121664 22
2071922764 Win   567091 2
2071926312 Win  9657005 215
2071939416 IMP  1239787 16
2072073225 IMP   353678 1
2072086219 IMP  2223672 28
2072106730 Win   176773 1
2072122844 Intractable. 11293115 310
2072172135 IMP  7926529 187
2072332567 IMP  1750567 17
2072378313 Win   688553 1
2072403788 Win  2049360 11
2072411599 IMP  1074349 8
2072474219 IMP   607148 4
2072519280 IMP   671454 3
2072565470 Win   657232 2
2072573888 Win  1994508 13
2072579572 IMP  1050028 5
2072607667 IMP  1433401 16
2072670648 Win   521654 1
2072807146 IMP   938507 3
2072868714 IMP  2070545 54
2072872130 Win  5641802 105
2072915192 Win  1628545 7
2072989202 Win  1583685 5
2073050302 IMP   892657 4
2073052457 Win   358814 1
2073173780 Win  1296993 9
2073301002 IMP  2453596 15
2073322259 Win  2289229 15
2073329595 IMP  9185539 195
2073349772 Win  1116227 8
2073400490 Win   729153 4
2073471978 Win  8975548 313
2073644212 IMP  1209085 12
2073682702 Intractable. 11423247 300
2073724156 IMP  1139266 7
Number of Freecells: 3   Mode: 

Winnables: 755
Impossibles: 773
Intractables: 100
Total time: 29 Hours, 2 Minutes, 18 Seconds
