6250277775 Win   400750 0
6250549022 IMP  3303798 45
6250764951 IMP   569151 1
6250889764 IMP  1542495 7
6250969640 IMP  1071232 4
6251136789 IMP  2667235 16
6251171423 IMP  3325196 31
6251171586 IMP  8155778 137
6251423313 IMP  5996795 63
6251940916 IMP  1480176 5
6252084812 IMP  2908556 14
6252095455 IMP    18255 0
6252216469 Intractable. 13117284 453
6252271476 IMP  1606545 9
6252292769 IMP  4035255 98
6252366332 IMP  6281130 154
6252375692 Win  5815533 86
6252376960 Intractable. 13236531 445
6252517460 IMP   773343 2
6252992413 IMP   846027 3
6253018214 IMP  2685742 25
6253090072 IMP  6083657 167
6254013509 IMP  1520829 7
6254029752 IMP  1743104 21
6254268210 IMP  5900901 53
6254316729 IMP  2089950 20
6254399880 IMP  1862427 6
6254485539 Intractable. 12967677 452
6254609773 IMP   387667 1
6254693053 IMP   674158 1
6254984873 IMP  1084082 6
6255071805 Intractable. 13788088 320
6255157555 IMP  1654349 10
6255234627 IMP   535777 1
6255360455 IMP  2788430 17
6255382857 IMP  4114809 30
6255406506 IMP 10199711 787
6255438742 IMP  6685146 103
6255699084 Win  2079065 11
6255819075 IMP  1031175 7
6255956554 IMP  1352207 8
6256052286 IMP  1941826 10
6256115384 IMP  1383666 4
6256403156 IMP  6491625 69
6256497444 IMP  1761098 9
6256537859 IMP  5141372 52
6256570911 Intractable. 14376659 333
6256695536 IMP  4126838 94
6256898003 IMP  3926031 27
6257292407 IMP   779746 3
6257300648 IMP  6250023 107
6257841031 IMP  2872056 20
6257872530 IMP  5001149 148
6257947137 Intractable. 13607977 389
6258175384 IMP  3920158 41
6258225895 IMP  4682046 42
6258300144 IMP   673558 3
6258373091 Intractable. 15558281 370
6258822542 IMP  1534864 6
6258858916 IMP  3767484 37
6259001112 IMP 10178273 281
6259086401 IMP  1051360 7
6259145975 IMP  2196844 10
6259196657 IMP  3500621 46
6259371743 IMP  1313657 5
6259611146 IMP  3955788 45
6259660458 IMP  5273049 58
6259742959 IMP  7337011 118
6260224271 Win  4299214 36
6260232804 IMP  2832347 33
6260270418 Win  1855991 8
6260649959 Intractable. 12483294 437
6261469954 IMP  1623190 6
6261484895 IMP  1285019 19
6261724496 IMP   627235 2
6262100049 Intractable. 14088393 393
6263080788 IMP  4878146 61
6263105651 IMP  4084060 31
6263173745 IMP  5435355 110
6263222168 IMP  6039165 64
6263554311 IMP  4898737 44
6263951316 Win   545171 1
6264103450 IMP 11753406 267
6264130258 IMP   478234 2
6264178248 IMP  2737201 12
6264220523 IMP  1235459 3
6264220583 IMP  2256469 23
6264525244 Win   852187 2
6264528900 IMP  1867428 21
6264532628 IMP  1893717 17
6264620424 IMP  2725052 21
6264847205 IMP   884924 3
6264909865 IMP  3501045 47
6265909045 IMP   866625 1
6266111391 IMP  1088122 7
6266196668 Win  5972178 123
6266510351 IMP  3942257 39
6266602455 Win  1894885 7
6266665927 IMP   532901 1
6266703480 IMP   602721 1
6266729510 IMP   557253 1
6266801761 IMP  1417127 6
6266808560 IMP  9513210 232
6266908216 Intractable. 12557666 474
6266941821 IMP   753467 1
6266946617 IMP  1634130 6
6267249558 Intractable. 11669918 288
6267471667 IMP  2816630 21
6267589311 IMP  2942816 25
6267795408 IMP 10794790 410
6267909418 IMP  1646010 6
6267943073 IMP  8287629 116
6268020804 IMP  8526414 161
6268153575 Intractable. 13691572 313
6268338955 IMP  1969139 11
6268783867 Win 11885479 209
6268797132 IMP   266156 1
6269361472 Intractable. 13850415 423
6270137819 IMP 10380294 520
6270248572 IMP  6893170 107
6270264975 IMP   788101 1
6270415554 IMP  1299241 9
6270540832 Win 11181366 202
6270712044 IMP   831087 3
6270772976 IMP  4303540 37
6270860146 IMP  2226024 12
6270887568 IMP  2134241 26
6270959980 IMP   979703 3
6271026459 IMP  1105768 2
6271115430 IMP  7525275 218
6271146723 IMP  1013705 5
6271404854 Win    42855 0
6271465183 IMP  5308100 66
6271700917 IMP  1214015 5
6271904394 Win   981166 5
6271986485 IMP  7769574 141
6271996726 IMP  2537397 13
6272156520 IMP  2099567 8
6272281765 IMP  6613066 112
6272468713 IMP  1221531 4
6272520386 IMP  2044538 16
6272701181 IMP  2531561 24
6272780874 IMP  3733764 54
6272815737 Intractable. 13001133 602
6273088504 Win  7287158 175
6273525030 IMP  1198583 11
6273553721 IMP  3479082 50
6273801047 IMP  3560052 28
6273910812 IMP  1221019 3
6273963117 IMP  1753251 8
6274281102 IMP  8749444 585
6274451414 IMP  6077869 137
6274636732 Intractable. 12294523 342
6274873094 IMP  1650472 6
6274905073 IMP 13197690 255
6274974040 IMP   922313 3
6275829801 IMP  6835187 93
6275850927 IMP   953180 3
6275890754 IMP  4595609 24
6276454242 Win  1096943 7
6276502974 IMP  2706206 14
6276582797 IMP  5782406 77
6276791156 IMP  3011438 23
6276991713 IMP   728599 2
6277159060 IMP  2909470 30
6277357056 IMP  1831885 10
6277375306 IMP  1145224 5
6277412126 IMP  1424733 9
6277662174 IMP   490211 1
6277717541 IMP   412536 1
6277838897 IMP  4436488 59
6277879038 Win  1587501 15
6277923620 Intractable. 14788979 565
6277939303 IMP  2462424 15
6277995186 Win   202148 1
6278093585 Intractable. 11213483 371
6278107089 IMP   707892 3
6278160245 IMP   815969 1
6278454915 Intractable. 13716348 316
6278485871 IMP  3035356 27
6278586330 IMP  7580220 182
6278755204 Win  4553589 36
6278804770 Win    33147 0
6278927156 IMP   878106 2
6278995272 IMP  1581964 6
6279012170 IMP   688009 2
6279209631 IMP  7956080 249
6279536027 IMP   190989 0
6279638540 IMP  4216597 32
6279718226 IMP  2602827 17
6279735349 IMP  1083790 4
6279924996 IMP   754466 4
6280390388 Win   320884 1
6280395236 IMP  8768628 295
6280396811 IMP  2279289 11
6280767071 Intractable. 14035396 295
6280825927 IMP  6389935 110
6281070118 IMP  2442417 37
6281197779 IMP  2858825 13
6281334751 IMP  6056374 52
6281548276 IMP  4910665 36
6281681529 IMP   680541 2
6282119494 IMP   544994 1
6282141935 IMP  6626397 188
6282432093 IMP  2522469 19
6282460473 IMP  2969176 20
6282515984 IMP    93061 1
6282788934 IMP  5729815 89
6282865539 IMP   636670 2
6282985339 IMP  1452596 6
6283042749 IMP  3967023 57
6283547118 IMP   909623 2
6283927623 IMP  4459167 100
6284195505 IMP  3219080 17
6284417175 IMP   372147 0
6284847833 Win    29340 0
6284920624 IMP  2980423 32
6285145014 IMP   894810 3
6285233848 Win    80540 0
6285260082 Intractable. 13407056 312
6285354963 Win  6313576 96
6285425278 IMP   858555 4
6285589839 IMP  1511433 7
6285774762 IMP 10704876 258
6286107900 IMP  1978985 10
6286168123 IMP   740371 6
6286341101 IMP  1531524 4
6286366613 IMP   668380 1
6286509196 IMP   426166 1
6286672736 IMP  7949322 160
6286827278 IMP 12795223 394
6287369626 IMP  7215657 161
6288584605 IMP  1215681 5
6288597040 Intractable. 12211618 372
6288630356 IMP  9303178 251
6288986245 IMP  2025057 13
6289455915 IMP  3293059 48
6289459510 Intractable. 13328590 496
6289556719 IMP  2200377 11
6289674433 IMP  9705788 261
6289731526 IMP  2083641 13
6289840458 IMP  1114933 5
6290049001 IMP   190388 1
6290058718 IMP   653532 2
6290113734 IMP   681535 1
6290217443 IMP  2776253 27
6290319840 Win  5695112 88
6290344003 IMP   704918 3
6290350446 IMP  2080183 12
6290761703 Win  1423179 5
6290872585 IMP  5350342 76
6290972793 IMP   644092 2
6291071895 IMP   831876 1
6291094523 IMP  2122466 10
6291178249 IMP  2630923 29
6291360063 Win 11975606 251
6291379534 IMP  1252329 4
6291398838 Win 11540491 439
6291489326 IMP  1131255 9
6291572910 IMP  3145592 40
6291697394 IMP  1703004 6
6291812437 IMP 12167504 461
6292009490 IMP   542427 1
6292115852 Intractable. 11807434 378
6292347871 IMP  4391451 45
6293058801 Intractable. 13571552 703
6293399769 Win  1327273 6
6293503307 IMP  1104951 4
6293517190 IMP  6052020 77
6293596506 IMP 10568818 248
6294170144 Win   655238 2
6294298766 IMP  5188089 41
6294303193 IMP   659274 3
6294480925 IMP  2786739 33
6294495081 IMP  1807759 21
6294612540 IMP   885109 3
6294635789 IMP   789729 2
6294696398 IMP   485650 1
6294866733 IMP  2318387 10
6294951545 IMP   959282 2
6295096862 IMP   360439 1
6295257405 Intractable. 15605490 381
6295685403 IMP  1161191 10
6295930972 IMP  6590959 61
6296223651 IMP  2305094 10
6296402987 IMP  1098889 3
6296473851 IMP   548793 1
6296884190 IMP  2265665 13
6296917936 IMP  3741501 28
6296962022 IMP  4174705 51
6297130281 IMP  4721817 43
6297144221 Win  4088988 31
6297265984 IMP  7139397 90
6297336674 IMP  8563753 151
6297592687 Win  7616223 108
6297673565 IMP  6862327 67
6297750509 IMP  2696777 27
6297767173 Intractable. 12967244 401
6297834030 IMP  2284331 14
6297908825 IMP  2770064 14
6298621811 IMP  2723163 34
6299003435 Win   231479 0
6299025209 IMP  1888850 8
6300196712 IMP  1388683 6
6300246297 IMP  1602342 11
6300319435 IMP  3867420 37
6300363451 Intractable. 12937243 372
6300878371 IMP   762574 1
6301258930 IMP  2293837 11
6301357090 IMP  3032582 22
6301534786 IMP  1377409 5
6301625937 IMP  1471911 7
6301707852 IMP  4637842 48
6301819532 IMP  4944059 72
6302151343 Win   610652 1
6302182970 IMP  3491736 79
6302330441 IMP  3223802 18
6302394125 IMP  2541084 25
6302405658 IMP   390576 0
6302416222 IMP  2291243 13
6302497924 IMP  5643777 95
6302530658 IMP  4040435 61
6302590340 IMP  1250881 5
6302641263 IMP  1891192 6
6302649827 IMP  6525441 55
6302834012 IMP  2482796 37
6302942747 IMP  1221675 3
6302959878 Win  2152416 9
6303436192 IMP  3327305 24
6303485465 IMP  3708369 18
6303708017 IMP 11293023 213
6303736925 Intractable. 12855630 324
6304017252 Win  8826134 170
6304136430 IMP  1862749 13
6304677569 IMP  5863833 135
6304889603 IMP  9767488 408
6305552531 Intractable. 12543855 387
6305619598 IMP  1178541 2
6305858252 IMP  3043969 22
6306164274 IMP  2805666 23
6306179779 IMP  8026977 205
6306213425 Win  3208665 39
6306223273 IMP  2096699 13
6306350261 IMP  1421285 6
6306401099 IMP   765873 3
6306681606 IMP  1181465 23
6306776452 IMP  6620989 86
6306845490 IMP   356719 1
6307105296 IMP  5101462 76
6307296711 IMP  4772198 44
6307305261 Win  1619575 13
6307492042 IMP  8521708 201
6307796650 IMP  6760464 171
6307899983 Win    76642 0
6307960545 Intractable. 12444544 343
6308077799 IMP   954521 4
6308530747 IMP  7902705 209
6308593019 IMP   355382 1
6309139076 Intractable. 12368202 246
6309419522 IMP   215957 1
6309433582 IMP   976807 4
6309523001 IMP  1781676 27
6309572728 Win   669930 2
6309577986 IMP  1894327 9
6309776765 IMP   689622 1
6309956200 IMP   755518 2
6310036696 Win  1971216 8
6310126605 IMP  4410452 51
6310184762 IMP  3209744 12
6310575053 IMP   881722 3
6310601802 IMP  2154194 13
6310629250 IMP   583090 2
6310749081 IMP  1006317 2
6310767604 IMP 13227045 361
6311146891 IMP  7203799 123
6311474975 IMP  5847595 99
6311816186 Win 13898662 356
6311974262 IMP   833413 5
6312185017 IMP  2223106 23
6312265283 IMP   348015 1
6312342818 IMP  9415535 138
6312415654 IMP   954481 5
6312618475 IMP  2116788 9
6312634482 IMP  8193810 264
6312760346 IMP  3692973 51
6312807213 IMP  7858540 433
6313261652 IMP   789856 3
6313269435 Win  1561326 4
6313366129 Win  1644770 5
6313404796 IMP  6359423 115
6313691930 IMP  1017195 3
6313955131 IMP  1041690 6
6313991576 IMP  3734378 21
6314014616 IMP  8716750 159
6314157046 IMP  3451453 22
6314174373 IMP  1648641 9
6314357077 IMP  3244298 30
6314698419 IMP  3577622 47
6314862342 IMP  1047964 3
6314878649 IMP  3472067 47
6314933091 Intractable. 15156339 564
6315299065 IMP   627270 1
6315320863 IMP  1451889 6
6315449054 IMP   597535 2
6315500450 IMP  2706696 11
6315549820 IMP 11679183 304
6315741497 Intractable. 11245351 587
6315781354 IMP  1395848 3
6316002149 IMP 10840460 331
6316003241 IMP  4008475 29
6316193143 IMP  8476109 122
6316310904 IMP  5565082 111
6316339628 IMP  6405158 177
6316465873 IMP   856917 2
6316471704 Win  1497493 5
6316750540 IMP  1573386 10
6316817740 IMP  3596229 79
6316926965 IMP  1828936 8
6316933027 IMP  4967624 244
6317074638 IMP   943852 3
6317383218 Win  8913609 476
6317667214 IMP  6639576 116
6317724771 IMP  1816835 12
6317768494 IMP  4462106 51
6317821789 Win    46919 1
6318087064 Win  2044299 7
6318125942 IMP  3202715 19
6318238832 IMP  7174502 142
6318395445 IMP   702326 2
6318807312 IMP  2445107 15
6318880434 IMP  1108432 10
6319520092 IMP  3993764 39
6319643550 IMP  1395265 6
6319648600 IMP  2141266 7
6319652324 IMP  2062811 8
6319655771 Intractable. 14933912 481
6319668693 IMP  1740929 6
6319837072 IMP  3221306 21
6319925276 IMP 11255324 287
6319996023 IMP  9901813 200
6320728652 IMP  3483523 34
6320777208 IMP  1834918 15
6321229958 IMP 13503607 393
6321232567 IMP   871267 2
6321423577 IMP  1215314 4
6321501426 IMP  4843013 63
6321898307 IMP  1047922 3
6321942608 IMP  6091431 147
6322198637 Win  6735570 80
6322249736 IMP  1138109 3
6322366721 IMP  1741503 6
6322686965 IMP  1314271 5
6323026106 Win    63399 0
6323289222 IMP   522718 1
6323458657 IMP  1842076 7
6323606072 IMP  7318181 78
6323661473 IMP  6495463 98
6323683999 IMP  5774766 73
6323801674 IMP   799745 4
6323922860 Intractable. 13308893 306
6324003078 IMP  2975914 29
6324230412 IMP  1476071 7
6324251057 Intractable. 13412313 414
6324453825 Intractable. 12917922 329
6324564694 IMP  2044503 10
6324803830 IMP  6631315 96
6324886337 IMP   919875 3
6324962750 IMP   720194 1
6324963135 IMP  1079407 4
6324994744 Intractable. 12118988 380
6325235230 Intractable. 11898891 306
6325299029 IMP  1061240 4
6325368344 IMP  1829433 12
6325725505 IMP  7260595 218
6326207999 IMP  1345197 4
6326717183 IMP  7104572 165
6326722769 IMP  3639321 26
6326900506 Intractable. 11441620 353
6327174947 Win  3631902 31
6327348935 IMP   476216 1
6327540709 IMP  3669895 33
6327587338 IMP  5361156 68
6327726882 IMP  2267962 21
6327793503 Win   608534 2
6327862958 IMP  2730514 15
6328316860 IMP  2532700 16
6328350968 Win   663816 1
6328487332 IMP  7626418 107
6328577370 Win  4860801 40
6328637177 IMP  7576092 99
6328667241 IMP  3454200 37
6328780684 IMP  1919406 12
6328967998 IMP   722396 3
6329384817 IMP  2758568 18
6329536461 IMP 10906499 241
6329699741 IMP  6205043 78
6329742635 Intractable. 12079539 611
6329794183 Win  3462714 28
6330400566 IMP  1328498 5
6330552489 IMP  5170734 66
6330561584 IMP  6908033 140
6330705409 IMP  3896358 55
6330801115 IMP  2426022 9
6330825270 IMP  1050363 3
6330858499 IMP  2840420 17
6331341354 IMP   820115 2
6331349845 IMP   925181 3
6331562802 Intractable. 13393658 683
6331672936 IMP  1144181 3
6331717841 IMP  1658193 5
6331959397 IMP  1114955 5
6332066873 IMP  1809179 5
6332126585 IMP  2267599 13
6332217780 IMP  2313330 19
6332874645 IMP   433746 1
6333047653 IMP  6357667 80
6333430250 IMP  2884398 15
6333734761 Win  1765435 4
6334252890 IMP  1337636 5
6334412519 IMP   489528 1
6334621165 IMP  3732209 33
6334646825 Intractable. 14598680 437
6334782901 IMP   146294 0
6334875182 IMP  1087082 4
6334886766 IMP  4312558 52
6334903806 IMP   913844 2
6335242425 IMP  1483672 15
6335534387 IMP  1375401 5
6335618332 IMP   499710 1
6335739393 IMP  1631328 5
6335977451 IMP  4232035 46
6336090894 Win  1984560 12
6336220835 IMP   749789 1
6336269259 Intractable. 13516754 922
6336529028 IMP 12389169 602
6336584707 IMP  2120302 10
6336706188 Win   916511 2
6336761143 IMP  8713681 148
6337035926 IMP  4482129 39
6337192113 IMP  2717706 13
6337199140 IMP  4764626 30
6337360646 IMP  6961118 143
6337442708 IMP  3480012 21
6337466072 IMP   180212 0
6337651005 IMP   583936 2
6337728940 IMP  1358678 4
6337784369 IMP   807579 1
6337838386 Win  1951894 9
6338162235 IMP  1423014 6
6338219779 IMP  4631892 30
6338387175 IMP  2051009 9
6339040343 IMP  9825118 239
6339589114 IMP  3019634 19
6339640096 IMP  9258647 312
6339720775 IMP  2517843 21
6340308203 Intractable. 12748863 734
6340335994 IMP   375694 0
6340338245 IMP  1131536 4
6340419077 IMP 10001303 253
6340435426 IMP  4470294 72
6340442689 IMP  4108640 53
6340695638 IMP  3156735 43
6340731119 IMP  3895669 41
6340811291 IMP  5909734 59
6340842075 IMP  1938801 7
6340967849 IMP  1749181 8
6340985767 IMP  6987381 128
6341113880 IMP  3927603 33
6341201623 Win    30259 0
6341216810 Intractable. 11969013 531
6341234568 Win  2179707 9
6341300330 IMP  1483372 7
6341309375 IMP  1139070 6
6341451686 IMP  2859831 18
6341613885 IMP  2513443 38
6341742347 IMP  4117158 43
6341816551 IMP   657620 1
6341882090 IMP  1637352 7
6342065062 IMP  8482220 142
6342349384 IMP  1230628 5
6342613989 IMP  5046532 54
6342690781 IMP  2989930 21
6343069156 IMP  2033037 11
6343463070 Win  2541646 16
6343556506 IMP  1629656 7
6343751495 IMP  2442049 18
6343826142 IMP  5671185 52
6343944392 IMP 11496274 355
6344085586 IMP  4442860 86
6344152288 IMP  4314121 54
6344460833 IMP   943958 1
6344461928 IMP 13691548 457
6344552095 Win  3023269 28
6344656022 IMP  2408076 11
6344772408 IMP  2440940 30
6344865180 IMP  1841881 10
6344915145 IMP  2161653 6
6345385179 IMP  3545799 20
6345490823 IMP   517313 0
6345630580 Win   730221 2
6345695277 IMP   974177 3
6345710058 IMP 10918315 311
6345898060 IMP  2183541 12
6345925195 IMP  1896251 6
6346321531 IMP  1689662 21
6346407964 IMP   728957 1
6346550185 IMP  1632207 7
6346637671 IMP  5406782 59
6346692473 IMP  4281841 31
6346765608 IMP  1123716 3
6346768036 Intractable. 13037224 745
6347131648 IMP  2428116 18
6347368434 IMP  2557692 87
6347730585 IMP  2548910 16
6347769201 IMP  2219819 11
6347892764 IMP  1516703 4
6348039914 IMP  2737199 30
6348584246 IMP  6778388 134
6348886338 Win  5354065 84
6349282418 IMP  3156962 24
6349471613 IMP  1608594 8
6349504429 Intractable. 11933503 317
6349662082 IMP  1129133 4
6349705265 IMP  1415892 10
6349854798 IMP  5567900 112
6349965596 IMP  1137284 3
6349998553 IMP  6588649 141
6350030714 IMP  5465239 67
6350129542 Intractable. 11843410 320
6350254874 Win  3760494 33
6350314779 IMP  2029323 10
6350689571 IMP   753814 1
6350852732 IMP  7795433 610
6351005754 IMP   902392 4
6351079808 IMP   472546 1
6351262878 IMP   219823 0
6351396034 IMP  3018134 16
6351416828 IMP  4943118 84
6351570057 IMP  3869119 45
6351590832 IMP  1062119 4
6351957648 Win  7309905 104
6352202797 Intractable. 13932285 372
6352267861 Win  1932802 8
6352395721 IMP  5197377 43
6352417553 IMP  4804550 55
6352539955 IMP  3135191 32
6352623843 Intractable. 13716438 267
6352924101 IMP  1035382 3
6353261646 IMP  1617440 5
6353349439 IMP  1811867 8
6353760186 Win 11137138 235
6353924204 IMP  5100124 70
6354107815 IMP  2709895 51
6354150374 IMP  1090474 4
6354215152 Intractable. 13053575 342
6354338696 IMP  2939472 12
6354599154 Win   330510 1
6354698238 IMP  1443791 5
6355153058 IMP  1057342 4
6355200087 IMP  1179719 6
6355256938 IMP  2169053 10
6355294608 IMP  2369472 19
6355502763 IMP   750809 2
6355526204 IMP  9355847 126
6355552578 IMP   363434 0
6355626786 IMP   371797 1
6355736597 IMP  1559081 8
6355737611 Win  7694153 93
6355851659 IMP  2246492 21
6355885028 IMP 11076641 284
6355939373 Intractable. 12707880 530
6356477661 IMP    44465 0
6356534673 IMP  1023706 3
6356685563 IMP   353821 0
6356751136 Win  8485480 109
6356760740 IMP 11022857 312
6356799856 IMP  3237448 39
6356823800 IMP  1871923 7
6356969488 IMP  1156266 6
6357013223 IMP  1776609 6
6357090459 IMP  1246969 8
6357219593 IMP  4457665 33
6357377648 Intractable. 13892167 665
6357490629 IMP  6392468 85
6357569958 IMP   943818 3
6357915918 IMP  3321600 34
6357926969 IMP   574821 1
6357933167 IMP  2937797 19
6357972207 IMP   568451 3
6358017281 IMP  5141830 92
6358077093 IMP  2620796 18
6358571563 IMP  3009179 22
6359698789 IMP  4941546 109
6359982548 Win  2960067 24
6360109248 IMP  6909479 94
6360391609 IMP 13313302 295
6360549640 IMP   830512 2
6360658202 IMP  3154782 26
6360953440 IMP  5975627 75
6361117681 IMP  2055907 7
6361481030 IMP   550679 1
6361543253 Win 11998297 188
6361543271 IMP 10273791 360
6361624284 Intractable. 14680234 1836
6361692368 IMP  1760723 9
6361713770 IMP  5726990 93
6362055198 IMP  8765986 100
6362479957 IMP  6905402 113
6362642065 IMP  3017836 23
6362789944 IMP  4012575 32
6362996442 IMP   312979 1
6363094497 IMP  1493969 6
6363122770 IMP  2062045 13
6363245825 Intractable. 13059339 351
6363550387 IMP  3717421 25
6363701499 IMP  1439281 8
6363712660 IMP  1946128 9
6364284337 IMP  1440909 4
6364630885 Intractable. 11814254 532
6365052283 Intractable. 12691914 352
6365097273 IMP  1832272 9
6365168058 IMP  8390842 195
6365302688 IMP   381807 1
6365369958 IMP  1089331 2
6365388796 Win  4486176 52
6365469195 IMP  3559459 58
6365665356 IMP  6819672 86
6366053237 IMP   943431 2
6366119620 IMP  1112671 5
6366245779 IMP  2619245 12
6366300277 Win  6435743 56
6366442784 IMP  3599733 18
6366522891 IMP  2782792 18
6366798096 IMP  2932329 16
6367064733 IMP  2654291 11
6367126052 Intractable. 13627172 321
6367433952 Intractable. 13717398 410
6368240136 IMP  1107064 12
6368725642 IMP  1977917 11
6368759840 IMP  7575467 105
6368952151 Win  6246996 71
6368959636 IMP  5273611 102
6369656375 IMP 15593835 315
6369757630 IMP  2841415 20
6370103303 IMP   664282 1
6370432770 IMP  3678131 248
6370558800 IMP  1193680 4
6370628656 IMP  5277597 104
6370738264 Win   509766 1
6370992155 IMP  1535260 6
6371094329 IMP  3093235 17
6371207003 IMP  2712368 19
6371367136 IMP  1571984 5
6371561173 IMP  1719852 8
6371568311 Intractable. 12871893 352
6371571844 IMP  5445802 74
6371843484 IMP  5765333 66
6371907843 IMP   715279 2
6372025666 Intractable. 13026568 477
6372192316 IMP  2384508 14
6372365068 IMP   970191 6
6372659883 IMP  4549193 116
6372682770 IMP  1436695 9
6372818804 IMP   984265 4
6372872318 Intractable. 11616202 288
6372896025 IMP  4460061 29
6372972900 IMP   907711 5
6373051439 IMP  2557042 15
6373300724 IMP  1170765 5
6373591420 Win  6079686 56
6373709422 IMP  2769888 31
6374011724 IMP  1617591 7
6374073638 IMP   698364 2
6374193612 IMP  7819785 122
6374393519 IMP  1886517 10
6374439682 Win   176235 1
6374477826 IMP  8457552 209
6374603463 IMP  7877645 154
6374885344 IMP   541481 1
6375183969 IMP  8806389 134
6375702502 IMP  2444371 13
6375746906 IMP  2069075 8
6375824732 Win  3670563 17
6376118428 IMP  3479747 31
6376149928 IMP  4572031 51
6376423206 IMP   437979 1
6376619321 IMP  2436609 16
6376923887 Win  2016770 8
6377057895 Intractable. 12051443 321
6377134952 IMP  1416469 9
6377324887 Intractable. 13116893 327
6377946843 Win 12405449 231
6378018071 IMP   682117 1
6378205228 IMP   125999 1
6378613292 Intractable. 11633277 339
6378746752 IMP   770576 2
6378751762 IMP   696029 1
6378764573 IMP  3363241 47
6379004823 Intractable. 14442916 386
6379052781 IMP  4841715 42
6379626468 IMP  8402257 357
6379626823 IMP   652835 3
6379857511 Intractable. 12264328 454
6380401106 IMP  1974660 13
6380643849 IMP  2382059 14
6380695677 IMP  3121920 24
6380712975 IMP  1915027 11
6381321042 IMP   523574 2
6381531519 IMP  2994574 78
6381769104 IMP  2078982 16
6382134159 IMP  1143511 4
6382369712 IMP   731806 2
6382371380 IMP  1173375 6
6382381838 IMP  2771862 13
6382594671 Win  5555272 82
6382815896 IMP  1083767 6
6382831322 IMP  7195297 204
6382864794 IMP   608316 1
6382890211 IMP  2988541 23
6383190142 Intractable. 13755357 665
6383339688 Intractable. 11750881 642
6383414661 IMP  1675098 22
6383529229 Intractable. 11695339 288
6383606048 IMP   219245 0
6383981087 IMP  1636754 5
6384075242 IMP  2238799 11
6384316557 IMP   796739 2
6384668598 IMP  1645622 9
6384866173 IMP  6854142 72
6384977644 IMP   517205 1
6385020323 IMP  2749705 21
6385086407 IMP  1935346 13
6385110397 IMP  1190722 5
6385292647 IMP   306923 0
6385820096 IMP   934292 2
6385913340 Intractable. 14098688 445
6385942413 IMP  4627460 46
6386078160 IMP  6471620 312
6386159350 IMP  1813631 8
6386457063 IMP  2176122 35
6386554182 IMP  1531598 4
6386794346 IMP  6487374 54
6386809264 IMP  2149209 12
6386854342 Win  1458995 9
6387371199 IMP   581233 2
6387417384 IMP  2572489 23
6387540951 IMP  6199424 62
6387570953 IMP  2037236 10
6387613491 IMP   768165 3
6387673433 IMP  3819922 22
6387722798 IMP  3099427 17
6387881510 IMP  5625766 139
6388289385 IMP 10781345 144
6388373027 IMP  3818191 39
6388515163 Intractable. 12811826 352
6388661223 IMP  6390409 70
6388669109 IMP  2195482 13
6388704702 IMP  1850737 26
6388733886 IMP  6491017 74
6388788740 IMP   529237 0
6388845135 IMP  2635596 14
6388945283 Intractable. 11610354 297
6389211617 IMP  3549464 27
6389257989 Win    22041 0
6389478263 IMP  4926084 42
6389553363 IMP 10245741 249
6389836973 IMP  1134282 4
6389903882 IMP  3099967 24
6389976666 Win  3418428 16
6390121795 IMP  5025461 28
6390340239 IMP 10283826 262
6390425790 IMP  7269836 147
6390478106 IMP   995923 2
6390592324 IMP  2628232 17
6390704213 IMP  5978501 126
6390923590 IMP  1376272 6
6390939224 IMP  3348641 24
6390950444 IMP   216885 0
6391022562 IMP   737460 2
6391180392 IMP  3138501 17
6391395761 IMP  2751580 17
6391495494 IMP  4334557 29
6391667910 IMP  2940163 24
6391734853 IMP  2250953 18
6392074030 IMP  8892787 191
6392447485 IMP  1766047 9
6392641911 IMP  1483589 5
6392696001 IMP  2795827 12
6392773201 IMP  7488218 424
6392882291 IMP  9791177 162
6393107141 IMP  1003346 5
6393208160 IMP  1355088 8
6393279948 IMP  3660878 62
6393306139 IMP  2540399 17
6393322578 IMP  1262935 4
6393670733 IMP   652642 2
6394165630 Intractable. 12239351 284
6394273303 IMP   531106 1
6394716884 IMP  7875739 119
6394726389 IMP  3669096 29
6394850117 Intractable. 12206327 387
6395157758 IMP  2586819 19
6395338020 IMP  2229918 13
6395398758 IMP   835097 2
6395466191 IMP  1321153 5
6395478513 IMP  2608820 15
6395839795 IMP  1678625 9
6396260402 IMP  5224244 67
6396340789 IMP   912905 3
6396364355 IMP   396872 1
6396839668 IMP  2041135 12
6396895968 IMP  2176473 11
6396997926 IMP  1386083 4
6397793058 IMP  4262052 49
6397864038 IMP  1122217 5
6398027258 IMP  1909129 9
6398088834 IMP 11823822 237
6398299060 IMP   848200 3
6398699257 IMP  1888734 18
6398912757 IMP  3225514 20
6399262109 IMP  1400257 6
6399480588 IMP 10785750 423
6399736134 IMP  1250534 11
6399838312 IMP  2348943 20
6400139999 IMP  5176614 52
6400163731 IMP  1684484 6
6400268907 IMP   424852 1
6400751066 IMP  2009584 19
6400893512 IMP   741758 2
6401068864 Win  8482759 167
6401191335 Intractable. 12036152 279
6401518659 Win   361862 1
6401652307 Win  2208660 11
6402089736 IMP  1557718 5
6402127429 IMP  8971251 204
6402647131 IMP  5675951 43
6403179734 IMP  1392869 7
6403212924 IMP  5858795 78
6403460499 IMP   619664 1
6403503050 IMP   564080 2
6403574085 Win  5644910 72
6403653947 IMP  2195772 15
6403692277 IMP  2257845 17
6403696116 IMP  4776335 58
6403818726 IMP  1078854 3
6403871499 IMP   498849 2
6403876083 IMP  1293266 8
6403949191 IMP  1448626 5
6404019076 IMP  1177998 4
6404098263 IMP  8152425 280
6404352841 IMP  4794103 78
6404482255 IMP   510541 1
6404944069 IMP  1224753 3
6404946077 IMP  1282050 6
6405078625 IMP  2834793 10
6405172742 Intractable. 12268707 356
6405639529 IMP  2787267 21
6405852728 IMP  1214859 5
6406056450 IMP  6570814 83
6406118995 IMP  3271838 28
6406174147 Win   503392 1
6406243178 IMP  3892971 41
6406334360 Intractable. 13701613 574
6406422241 IMP  1544738 6
6406478745 IMP  1412441 11
6406528803 IMP  1139210 5
6406587585 IMP  5892688 104
6406678652 Intractable. 12211359 335
6406708678 IMP  1520219 5
6406818982 IMP  1423333 5
6406827237 IMP   961987 2
6407149738 Win  1013247 2
6407417172 IMP  1492310 9
6407448768 IMP  1787926 6
6407449319 IMP 12506131 246
6407644429 Win   350287 0
6407948112 Win 11762005 911
6407950588 IMP   565352 1
6407967614 IMP   764026 3
6407988223 IMP 11162816 363
6408009161 IMP  4552307 45
6408015843 IMP  3490103 19
6408347219 IMP  4942999 117
6408745505 IMP  5018539 64
6408936303 IMP   803526 2
6409063688 IMP   150880 0
6409241298 IMP  2131040 14
6409498160 IMP 10113773 191
6409656152 Intractable. 13156286 473
6409923992 IMP  3049991 21
6410054105 Intractable. 13135129 341
6410425022 IMP 10084711 336
6410610114 IMP  6669135 162
6410616476 IMP  4480636 58
6410723108 IMP  4008585 33
6410788253 IMP  1376975 11
6410802285 Win  5589899 63
6410826598 IMP  1603654 10
6410869828 IMP   365495 1
6410956964 IMP   940115 2
6411038769 IMP  5458826 68
6411702467 Win  3912175 55
6411973677 IMP  3246532 28
6412071373 IMP  1538188 7
6412096587 IMP  3986941 141
6412193874 IMP  1909834 9
6412221916 Intractable. 13085534 767
6412372522 Intractable. 13839618 395
6412378376 IMP  2300088 13
6412434222 IMP  2643145 11
6412795188 IMP  1070669 4
6412855800 IMP  5482895 149
6413093917 IMP 10386309 219
6413254693 IMP  1793016 11
6413584163 IMP  3306961 25
6413865079 IMP  7189794 106
6415146278 IMP  1010315 3
6415306896 IMP  3846575 25
6415360976 IMP   928357 3
6415422627 IMP  4989804 50
6415425146 IMP  3615330 27
6415469727 IMP  1264956 5
6415563557 IMP  2144230 25
6415888897 IMP  8272991 255
6415907592 IMP  3864709 52
6415958175 IMP 10886556 223
6416107943 IMP  2954990 28
6416563878 IMP  9319801 244
6416624305 IMP  4830507 44
6417078765 IMP   197331 0
6417176209 IMP  7280818 80
6417177186 IMP 13829417 310
6417307004 Intractable. 10771616 269
6417402730 IMP  8294935 154
6417412688 IMP   919525 2
6418130549 Intractable. 12785725 407
6418165605 IMP  2238169 15
6418196319 Win  5552327 45
6418649900 IMP  1481586 4
6418734746 IMP  2296927 18
6418796316 IMP  1453627 6
6418964508 IMP  6694792 124
6419006335 Win   141564 1
6419323378 IMP  6361519 100
6419385762 IMP  2937796 15
6419433499 IMP   813151 2
6419691516 IMP   517224 1
6419914770 Win  1164466 4
6419945581 IMP  2428736 13
6419946390 IMP  6953620 102
6420580312 IMP   742733 2
6420797327 Intractable. 13489338 401
6421012536 IMP  8338905 197
6421341215 IMP  2253726 11
6421738443 IMP   443779 0
6421953179 IMP  3857834 32
6422078733 Win  1223770 8
6422085185 Intractable. 13119637 514
6422095911 IMP  2330460 18
6422105011 IMP  8250181 212
6422149038 IMP  7704850 230
6422389563 Intractable. 12976501 813
6422713519 IMP   942962 3
6422949726 IMP  3220608 18
6423215968 Win  4156082 29
6423386324 IMP   369164 1
6423449972 IMP  6801596 289
6423907664 IMP  1440692 4
6423978978 IMP  3210630 60
6424045764 IMP   777712 4
6424173132 IMP  1813606 8
6424371531 IMP  5669383 112
6424396558 IMP  1706591 8
6424539787 IMP 11494402 1189
6424624206 IMP  3074497 35
6424682167 IMP  2512965 14
6424771562 IMP  1189586 5
6425067676 IMP  2135582 14
6425116420 IMP  1269493 8
6425165738 IMP  1964074 20
6425226631 IMP  1910411 14
6425226644 Intractable. 14221407 571
6425254289 IMP  3739474 32
6425500942 IMP  2514365 16
6425593275 IMP  5865961 88
6425739685 Intractable. 12365038 376
6425741411 Win  3644369 36
6425831667 Intractable. 13654177 452
6425861996 IMP   175394 0
6425971207 IMP  5480391 113
6426123927 IMP  2428659 21
6426335121 Intractable. 12139202 459
6426359640 Intractable. 13392859 394
6426743762 IMP  4877129 51
6426922225 IMP  1236808 9
6427196172 IMP  2022845 7
6427456557 IMP  5468397 60
6427543448 IMP  3995824 39
6427836683 IMP  2436771 15
6427929897 Win   517240 1
6428063743 IMP  3888106 99
6428135376 IMP  3119667 23
6428729778 Win   342204 0
6428836155 IMP  2505137 18
6428956214 IMP  5426522 79
6429117887 IMP  6732979 291
6429182268 IMP  1334612 8
6429425901 IMP  2444027 10
6429543070 IMP    93494 0
6429662147 IMP  1764394 7
6429696024 Win 10652536 219
6429954960 Win  5931005 73
6430021958 IMP  1814543 11
6430098001 IMP   591417 1
6430218880 IMP  1991490 16
6430267270 Win  1890538 7
6430344576 IMP  1146895 2
6430380393 Intractable. 11877554 344
6430397715 IMP  3848345 54
6430521858 IMP    62984 0
6430852957 Intractable. 13774678 539
6431058821 Intractable. 13595589 327
6431139884 IMP   518829 1
6431146043 Win   352063 1
6431184718 IMP  1361160 7
6431416585 IMP  6819468 212
6431428771 IMP   816869 5
6431429317 IMP  5026415 38
6431441696 Intractable. 13510960 431
6431498813 IMP  9365345 193
6431715863 IMP  1292910 4
6431728384 Intractable. 15222749 355
6431843864 IMP   917729 5
6432048167 IMP  3873666 61
6432121319 Win   336570 0
6432265920 IMP  6370741 168
6432348879 IMP  6176792 88
6432638002 Win   759343 2
6432746677 IMP   264694 1
6432758473 IMP  1130963 3
6432787720 Win   217229 0
6433036088 IMP  7870533 204
6433066796 IMP  1470853 5
6433160262 Win   263339 1
6433358004 IMP  1483442 4
6433585262 IMP  3153645 59
6433649648 Intractable. 13381947 380
6433670119 IMP  2019302 14
6433714530 IMP  3031408 13
6434147643 Win  1819363 8
6434209666 IMP  3992683 49
6434425317 IMP   823040 2
6434927664 IMP  1994453 57
6435042993 IMP   319511 0
6435468253 IMP  1053722 2
6435562970 IMP   694712 3
6435674005 IMP  4743256 33
6435740432 IMP  5115941 91
6435830191 IMP  1550155 8
6435921287 IMP  1659239 12
6436117176 IMP  8565679 190
6436337553 IMP  1448891 10
6436435427 IMP  1655746 6
6436446016 Win  1028367 2
6436624035 Intractable. 12250281 383
6436722262 IMP  3521680 31
6436730500 IMP  8638543 166
6436732491 IMP  9631780 477
6436849404 IMP  2127369 17
6436892558 IMP  1720235 6
6437174423 IMP  4605401 102
6437226270 IMP    75781 0
6437252521 IMP   707759 2
6437253283 IMP  3033945 41
6437594975 IMP  3272929 47
6437836487 IMP  1768342 6
6437894986 Win  8725566 154
6437916201 IMP  5205257 52
6438183582 IMP  6605844 57
6438237307 IMP   614245 2
6438254386 IMP  3347408 39
6438370572 IMP  4037314 43
6438462330 IMP   754295 4
6438465417 IMP  1673623 5
6438530741 IMP  1738073 5
6438578135 IMP  1925506 14
6438857501 IMP  3549329 21
6438924835 IMP  1997299 18
6439007362 IMP  2500051 20
6439166966 Win   995032 3
6439336163 IMP   563431 1
6439429952 Intractable. 12149030 327
6439570446 IMP  7792807 107
6439893631 IMP 11007694 543
6440078080 IMP   823194 3
6440156797 IMP   879695 2
6440196234 IMP  3129261 15
6440262049 IMP  4379290 75
6440500736 IMP  2132126 11
6440551438 IMP  9965746 342
6441058807 IMP  3469568 48
6441068917 IMP  7836372 102
6441234099 IMP   658700 5
6441245364 IMP  5636616 94
6441487485 IMP 11579948 224
6442263654 IMP 12587906 319
6442419370 IMP   882615 5
6442490013 IMP  5924285 121
6442538164 IMP  5771026 152
6442643574 IMP   724835 1
6442752220 IMP  2012673 10
6442877215 IMP  5618186 52
6443043923 IMP  2677611 18
6443257485 IMP 12038718 196
6443392796 Win   727397 2
6443403514 Intractable. 12850123 350
6443793122 IMP  3999535 33
6443827646 Intractable. 11870946 273
6444227907 Win  1280230 3
6444275278 IMP  4819602 52
6444341004 IMP  3852238 68
6444346630 IMP 12789770 328
6444812930 IMP  1787464 14
6445038428 IMP   948543 4
6445269119 IMP  5679229 89
6445323260 IMP   344516 1
6445341308 IMP  1566496 18
6445607798 IMP  1675703 7
6445796323 IMP  2980259 30
6445987319 IMP  1141673 4
6446033812 IMP 11876326 255
6446217416 Intractable. 12400740 326
6446221521 IMP  6159219 83
6446294596 IMP  3201606 39
6446429272 IMP  1214405 3
6446819669 IMP 13119069 322
6447051072 IMP  1373308 8
6447905065 IMP  3254534 45
6448071632 IMP  6341783 98
6448148183 IMP   571264 2
6448329110 IMP  4445085 64
6448556191 IMP  1692004 7
6448689427 IMP  1527980 10
6449487883 IMP   325608 0
6449727147 IMP  2783641 12
6449797380 Intractable. 11405115 302
6450146882 IMP   458643 1
6450294106 IMP  4219853 28
6450294379 IMP  1041639 3
6450514276 Intractable. 13489666 275
6450920408 IMP   633122 1
6450933812 IMP  3743799 19
6450957238 Intractable. 12229606 331
6450971738 IMP  1384313 4
6450974468 IMP  7353749 92
6451082630 IMP  1553650 16
6451165936 IMP  2952833 21
6451168044 IMP  8471635 133
6451435029 IMP  7321566 105
6451649130 IMP  1638469 5
6451832682 IMP   594882 1
6452235839 IMP  2129222 8
6452551437 Win  6794200 95
6452731047 IMP 13127307 372
6452869880 IMP  2936527 19
6452957421 IMP  1248183 4
6453049259 IMP   842297 3
6453246311 IMP  4394075 33
6453256555 IMP  4160607 89
6453549654 IMP  2066777 18
6453758879 IMP  6382674 116
6453986269 IMP  4646945 60
6454154782 Win  6975593 106
6454338869 IMP  1632024 12
6454362837 IMP  2178471 11
6454958019 IMP  2859073 16
6454982616 IMP  1308884 6
6455051824 IMP  1709955 5
6455213359 Intractable. 11647057 401
6455825296 Intractable. 11158117 301
6455901175 IMP  2483092 26
6456042895 IMP   471820 1
6456064795 Intractable. 12816455 433
6456104335 IMP  9076460 222
6456338263 IMP  3568835 34
6456562824 IMP  4274645 39
6456725952 IMP 10700098 288
6457112709 IMP  2209886 12
6457115883 IMP   245392 0
6457141900 IMP   214960 0
6457260198 Win  9557954 186
6457574052 IMP  2586091 20
6457826218 IMP  2137986 20
6457924985 IMP   564079 1
6458138142 IMP   635513 1
6458859843 IMP   654457 2
6459080540 IMP  1011369 3
6459086207 Intractable. 14788511 447
6459164345 Intractable. 11802147 504
6459320802 IMP  2162551 18
6459580426 IMP   647201 1
6459668806 IMP   519877 1
6460273745 IMP  2288183 14
6460311144 Win   682717 2
6460401957 Win  1726423 9
6460641440 IMP  2275557 10
6461128044 IMP 10743158 182
6461145588 IMP   995270 2
6461178885 IMP  8427052 221
6461227004 IMP  3765800 30
6461290342 IMP  5613484 209
6461582547 IMP  4643984 82
6461672779 IMP  8909824 196
6461740698 Intractable. 14658006 282
6461873148 IMP  1750384 6
6462090719 IMP  3738209 23
6462272771 IMP  7172532 101
6462363335 IMP  5972318 61
6462565499 IMP  9168714 265
6462759618 IMP  5548914 40
6462815804 IMP  7813128 134
6462957039 Intractable. 12825663 281
6462976202 IMP   300968 1
6463373148 Win   826427 3
6463394204 IMP  2678849 25
6463532291 IMP  9327026 169
6463542500 IMP  7224740 77
6463859239 IMP  1626984 5
6463894641 IMP  1296841 9
6463911989 Intractable. 12916015 392
6464090666 IMP  4030696 24
6464618234 IMP  9471645 154
6464671069 IMP   485356 1
6465285920 IMP   201495 1
6465579116 IMP   887521 3
6465922513 Intractable. 11648989 755
6465938193 IMP  1798235 25
6465999070 IMP   859395 4
6466349102 Intractable. 12505591 394
6466374566 IMP  1367204 11
6466785541 IMP  3525089 51
6466848740 IMP  6793003 89
6467075028 IMP  1205693 4
6467174482 IMP  3518295 31
6467194081 IMP  1128100 5
6467273419 IMP 10745046 541
6467469187 Win   545358 1
6467635699 Intractable. 13375361 449
6467749628 IMP  1215495 10
6467927712 IMP  6008124 106
6468751008 IMP  1431905 9
6468785717 IMP  2072347 9
6468849595 IMP  2381328 18
6468904195 IMP  5873150 75
6469149870 IMP  6311466 114
6469168924 IMP  7634528 174
6469340936 IMP  2307444 14
6469601960 IMP  1662757 6
6469829883 IMP  1160766 4
6469857617 IMP 10962117 245
6470033406 IMP  7428392 123
6470222353 IMP   445488 1
6470252746 IMP   758926 2
6470778139 IMP  4632100 73
6470876830 IMP  2304180 24
6471235162 Intractable. 11017573 401
6471242587 IMP  1403485 9
6471344764 IMP  1394722 5
6471432686 IMP  1729731 7
6471636432 IMP  2285715 11
6471911567 IMP  4337724 40
6472111010 IMP  3738277 54
6472117198 IMP  2290804 14
6472335202 IMP  2511036 9
6472353791 IMP 10545625 194
6472666992 IMP   560511 1
6472947754 IMP  2386355 27
6473042467 IMP  1033228 2
6473184309 Win  5518230 40
6473475315 IMP   303216 0
6473552341 IMP  2489578 10
6473599216 IMP  5119894 90
6473645558 IMP  6546841 96
6473888841 IMP  1246806 6
6473893001 IMP   210572 0
6474064462 Win  5322646 54
6474711538 IMP  1891443 15
6474713281 IMP  2848434 20
6474781203 IMP  1751494 12
6474846817 IMP  1081343 3
6474893911 IMP  4483788 36
6474905711 IMP  5597708 59
6475119737 IMP  2062649 8
6475425051 IMP  1617747 5
6475582520 IMP   217613 1
6475973474 IMP  3314776 17
6475978079 IMP  4603261 40
6475990054 IMP  1344477 7
6476096167 IMP  2370854 11
6476102580 IMP  2954878 28
6476108948 IMP  6382616 76
6476596360 IMP  6679426 110
6476697050 Intractable. 13432677 564
6477031784 IMP  8786384 147
6477223482 IMP  1346490 4
6477686801 IMP   899699 3
6477818791 IMP  6001507 83
6477854110 IMP  1952389 8
6477986331 Win  3811278 18
6478066143 IMP  2029738 27
6478604124 IMP  2394346 20
6478645097 IMP 10006448 209
6478658441 IMP  1433362 5
6478754283 Win  1932886 12
6478787778 IMP  2831873 18
6478972343 IMP  4171917 41
6479091037 IMP  1541351 5
6479273207 IMP   978438 5
6479330849 IMP  3201576 18
6479351454 IMP   692728 2
6479500686 IMP  6480324 75
6479638641 Intractable. 12150540 319
6479833407 Intractable. 13407646 538
6479923633 IMP  6673073 135
6479949420 IMP  1745284 9
6480050603 IMP  1647056 5
6480345096 Intractable. 14464476 438
6480519495 Intractable. 11847572 434
6480647649 IMP  4226496 95
6480689020 IMP   967291 2
6480731187 IMP   997625 4
6480831307 IMP  2342849 13
6481254618 IMP   670756 2
6481466582 IMP  3590571 34
6482107204 Win   834891 4
6482212683 IMP  4313988 149
6482484442 IMP   306109 0
6482639309 IMP  2664342 17
6482641146 IMP  1206880 6
6482676468 IMP   846240 3
6482754719 IMP   764743 1
6482848639 IMP  1283821 5
6482983459 IMP  4968629 203
6483227148 IMP  7510977 157
6483334242 IMP  1677899 5
6483418596 IMP  7354314 132
6483443933 IMP  1096507 5
6483514862 IMP  2637466 19
6483790303 IMP  4255639 62
6483867307 IMP  5515044 82
6484071578 IMP  3045961 28
6484593146 IMP   561514 1
6484665831 IMP   767175 2
6485104867 Intractable. 12083269 601
6485179763 IMP 13046358 691
6485239884 IMP  1598343 8
6485454069 IMP  3296821 40
6485824908 IMP  5069951 79
6486081047 IMP   665164 2
6486165715 Win  5112989 34
6486315305 Win  4951441 46
6486394667 IMP  2544757 38
6486455697 IMP  9541751 398
6486501615 Win   735907 2
6486595924 Win 13440094 261
6486596413 IMP  5566472 178
6486803927 IMP  2383269 11
6487056618 IMP  5201636 45
6487151341 IMP  4375328 58
6487595872 IMP   376865 0
6487632018 Intractable. 10946091 369
6487682459 IMP  4836549 106
6487897569 IMP  8508397 226
6487923798 IMP  6106891 163
6488069158 Win   130315 1
6488300670 IMP  3141446 41
6488593036 IMP 11739122 237
6488603332 IMP  3479561 40
6488618622 Win  2696358 20
6488962727 IMP  1120290 3
6488966185 Intractable. 14370517 573
6489170516 IMP  1869859 9
6489273118 IMP  9239768 271
6489498889 IMP  2176413 11
6489621764 IMP  2920772 25
6489644038 Win   820832 1
6489788341 Intractable. 11808096 417
6490006845 IMP 12498497 316
6490100392 IMP  7018505 134
6490121821 IMP  2990498 41
6490181862 Win  4337480 40
6490183281 IMP    27196 0
6490305579 IMP   724950 3
6490706027 IMP  3435129 19
6491246306 Win   412757 0
6491250488 IMP 10741423 279
6491295874 Intractable. 13819743 780
6491458001 IMP   687916 1
6491692216 IMP  1148994 4
6491964301 IMP 12207512 208
6492301439 IMP  1052066 5
6492316616 IMP  2909009 117
6492363016 IMP   540276 2
6492568585 IMP  1190392 9
6492741148 IMP  1234037 5
6492890766 IMP  3349390 26
6493201762 IMP   860756 3
6493338751 IMP  4157768 39
6493357138 IMP  1846956 7
6493420887 IMP  5713883 87
6493597026 IMP  1488058 5
6493639177 IMP   552349 1
6493931384 IMP  4365182 25
6494897421 IMP  1226922 4
6495486690 IMP   529260 1
6495545205 IMP   699330 2
6495572122 IMP  6767161 76
6496006844 IMP  1512993 9
6496019972 IMP   361158 1
6496181509 IMP  1321164 5
6496301438 IMP   909000 3
6496526841 IMP  1056740 3
6496636846 IMP  4337132 63
6496653890 IMP   633978 2
6496754121 IMP  2480929 22
6496927144 IMP  3976974 39
6497056408 IMP  1425657 4
6497554512 IMP  2772184 23
6497580031 IMP  2811985 15
6497628768 Win  1237205 5
6497802650 IMP  2395180 12
6497936045 IMP   534979 0
6498211424 IMP  1209686 4
6498212703 IMP 13279499 392
6498220881 IMP  2054214 12
6498251753 IMP  5681980 153
6498271230 IMP  8517903 225
6498315500 Intractable. 11974972 453
6498368343 IMP  3959957 42
6498674221 IMP  3456309 23
6498734925 IMP   787380 2
6498743598 Win   465399 1
6498797539 IMP  2727415 21
6498844700 IMP  3489682 30
6498855813 IMP  9994695 348
6498891858 IMP  1284002 4
6499026790 Win  3766767 22
6499159970 Intractable. 12387356 336
6499414676 Intractable. 13056321 290
6499671568 IMP   390584 1
6499935493 IMP   627189 1
Number of Freecells: 3   Mode: 

Winnables: 142
Impossibles: 1276
Intractables: 133
Total time: 37 Hours, 25 Minutes, 54 Seconds
