100020138 Intractable. 13369378 278
100063087 Win  1425432 3
100064475 IMP  9627221 187
100173257 IMP  5503374 98
100207173 Win  2770852 13
100222042 IMP  1904019 8
100280891 IMP  1339213 5
100406204 Win  2845175 9
100680303 IMP  1208220 4
100735042 Win  1063024 3
100735656 IMP   930410 3
100846958 IMP  3791744 29
100898558 IMP  1897872 22
101038019 Win  1646044 3
101212106 Win  6424715 89
101647612 Win    31357 0
101882389 IMP  6764107 104
102106533 Intractable. 13573427 375
102388472 Win  1632511 4
102437703 IMP  4117767 63
102663433 IMP  1147695 3
102780083 IMP   583268 1
102789574 IMP   862069 2
102866064 Win  5807235 72
102942570 IMP   533502 1
102951438 IMP  4209504 26
102960421 IMP  2849262 17
103065174 Intractable. 12647642 256
103227657 IMP  4074523 30
103371214 IMP  2107094 10
103482172 IMP   569971 2
103490079 IMP  1127961 2
103529065 IMP  3397390 23
103727837 IMP  4004389 35
103841374 IMP  1968996 36
103861012 IMP  1425922 4
103898297 IMP  3898317 55
103935315 IMP  1010791 4
103948620 Win  2350776 9
104068934 Win  1527274 4
104208407 IMP  1959885 7
104394787 IMP  2346259 22
104467262 IMP   439279 1
104671820 IMP  3910990 23
104776536 IMP  5276794 44
104949908 IMP  2599978 11
105016749 IMP  1202657 7
105028343 IMP  1742007 21
105094034 Win   597330 1
105414273 IMP 10481824 176
105539425 Win  6313959 69
105546359 IMP  2076994 14
105571652 Win   671701 1
105683500 Win  1682184 5
105706212 IMP  2506265 9
105739760 IMP  4531510 58
105959176 IMP  1759227 4
106059789 IMP  5187840 47
106244089 IMP  1104438 2
106285219 Win  2782013 10
106392283 IMP  8661756 153
106410884 IMP  1729795 6
106453196 IMP  7887646 113
106524565 IMP  1547300 8
106548207 Win  2436626 11
106621696 Win  1499745 6
106717032 Win  3317483 17
106980617 Win   683052 1
107109741 Win   560869 1
107176071 IMP  5466660 43
107351768 IMP  1093863 2
107675968 IMP  1533915 5
107848595 Win   895552 3
108423658 Intractable. 13038558 258
108476095 IMP  7403605 102
108508697 Intractable. 13612192 288
108618149 Win  5462040 55
108661943 IMP  1173064 5
109050980 IMP  6462298 107
109052907 IMP  9193452 151
109164583 IMP  1516214 9
109325714 IMP  4759352 123
109570123 IMP  1233685 5
109640812 IMP  4697911 73
109763771 Intractable. 12837971 323
109851034 IMP   770806 1
110163536 Intractable. 14769309 386
110256938 IMP   823480 2
110259888 IMP  2398078 12
110299949 IMP  3995559 43
110406212 IMP  6650832 99
110431082 Intractable. 13933961 227
110534717 IMP  2154444 9
110580011 IMP  1306749 4
110814637 IMP  4898101 42
110990636 IMP  1207676 3
110999336 IMP  3199363 43
111246807 Win  4778151 34
111250210 IMP  2767325 16
111294237 Intractable. 12672322 367
111300330 IMP  6477584 153
111366278 IMP  6881134 133
111506445 IMP 10651208 217
111574394 Intractable. 12689903 1062
111638972 Win   604214 1
111774196 Win   216253 0
111925921 Win  1772492 8
111963513 Intractable. 13946353 507
112284142 Win  4504478 68
112355081 IMP   558976 1
112421274 IMP   778807 1
112512236 Win 10022201 268
112583378 Win  1404099 4
112636543 Win  3010775 18
112664937 Win    69524 0
112747312 Intractable. 13760943 249
112805349 IMP   766671 2
112935477 Win  1278690 3
113005798 Win  1319045 4
113011752 Intractable. 15521387 503
113097184 Win  5368711 75
113109594 Win  1742111 5
113202617 IMP  1665263 7
113233460 IMP  3790917 79
113398544 IMP  3185968 57
113440253 Win   276027 1
113645492 Intractable. 13492391 237
113676441 IMP  9520650 111
113846006 Win  1718783 5
113884018 IMP  5256819 86
113997572 Intractable. 13472724 324
114049108 IMP  5779372 151
114262088 IMP  4577509 33
114326676 Win   441885 0
114365215 Win  1373706 3
114387577 IMP  1315671 3
114426034 IMP  1086846 3
114540652 IMP  1789019 5
114631952 Win 11394524 171
114862361 IMP  4206358 23
115068479 IMP  6026971 73
115085967 Intractable. 12651379 256
115204719 IMP  4890718 30
115210705 Win    53377 1
115280212 IMP  5850370 45
115642517 Win   104525 0
115773555 IMP  2239533 25
116111555 IMP  1366383 4
116151030 Win  2260536 7
116153935 Win    20728 0
116196324 IMP  2064159 11
116271776 IMP  1836448 36
116303109 IMP  2393275 15
116340143 IMP  1432028 3
116379704 Win  2617507 10
116460313 Win  4106064 25
116486485 Win  5802733 63
116622745 Intractable. 11733699 324
116691208 Intractable. 11749835 206
116757832 IMP  1147550 3
116842742 Win   158832 1
116950209 Win   346411 0
117374809 Win  1217701 4
117436827 IMP  1421418 7
117455391 Intractable. 12542720 264
117867502 IMP  1381636 6
118077302 Win  2557884 10
118080582 Win  3741068 24
118160717 Win   447029 1
118200406 Win    61712 0
118314352 IMP  3663590 20
118322031 IMP  1055788 3
118589631 IMP  1347272 5
118697762 Win  7133744 82
118706869 Win  3278298 25
118996420 Win  1648906 4
119072646 IMP  3386511 40
119212223 IMP  1967531 9
119216770 IMP  3101057 12
119458830 Win   805129 2
119504170 Win  3976892 19
119584415 IMP  5379203 34
119618641 IMP   901125 2
119626611 IMP  5789686 70
119660578 IMP  1873401 8
119748585 Win  8000206 115
119911827 IMP   934637 2
120056412 Win   183416 0
120122890 IMP  7386202 87
120220141 Win  7174432 77
120261597 IMP  1089050 3
120388236 Win  1519477 4
120439650 IMP   706394 2
120513426 IMP   260840 0
120547517 Intractable. 13037727 267
120571177 Win   507477 2
120590389 IMP  2874521 16
120840107 Win  2531915 23
120856505 IMP  1256265 8
120875943 IMP   613661 2
121123618 IMP   565930 0
121137981 IMP  7434538 162
121367913 Intractable. 12589590 388
121488050 IMP  2021054 16
121502303 IMP  8522376 158
121508095 Intractable. 12710513 305
121631794 IMP  8754478 167
121640376 IMP 10724904 231
121640837 Win  2235090 7
121728258 IMP  1759399 5
121856733 Win  2144248 9
121904638 IMP  4684863 38
122035252 IMP  3767091 26
122367824 Intractable. 13517931 320
122417461 IMP   361635 0
122444416 Intractable. 12941682 228
122506586 Win  1122144 4
122512796 Win  1731702 5
122768365 Win  3560121 21
123005541 IMP  4111316 102
123157082 IMP  6783333 148
123160110 Win  2420153 16
123418015 IMP  1864540 11
123596402 IMP  2024339 20
123609144 Win  1562513 4
123620671 IMP 10148964 168
123688526 IMP  1362117 13
123696372 IMP  1671846 7
124010170 Win  2966832 18
124111973 IMP  5299703 53
124144718 IMP  7078813 90
124250166 Win  1145004 4
124327242 IMP  7963935 189
124408113 IMP   769804 2
124438559 Win   906210 1
124587544 Intractable. 13668823 389
124750948 Win  1048532 3
124799920 Win  1578008 4
124804134 IMP  2527321 18
125391678 Intractable. 13435636 383
125608442 Win  3289571 18
125650529 IMP  2039309 7
125889725 IMP  4596871 27
126431196 IMP  1899248 9
126629208 Win  3756010 26
126749431 IMP  2317711 14
126887041 IMP  1743939 8
126914469 IMP  7824816 93
126923692 Intractable. 12682494 288
126925813 Win   636314 1
126959700 Win 10480746 158
127267476 IMP  1418598 7
127303598 IMP  1025962 3
127392035 Win   854391 5
127577741 IMP  2571805 30
127667600 Win  2519458 9
127922877 Intractable. 11902619 259
127963045 IMP  3556917 208
128003154 Win  2250571 8
128177732 IMP  2246632 16
128199291 Win  1808477 6
128199939 Win  1964212 7
128229008 IMP   995211 3
128379086 IMP  1020514 4
128456284 IMP  1471799 8
128478980 IMP  1739368 12
128528556 Intractable. 13324750 283
128612815 IMP  1068739 6
128820432 IMP   243009 0
128832870 Win  1309341 3
129145622 Win   260692 0
129195704 IMP  1450048 8
129221483 IMP  1192700 6
129293612 Intractable. 13788891 389
129494434 Win  2560352 13
129730059 Win   188143 1
130034647 Win  2002152 10
130047847 Intractable. 11650702 304
130151602 Intractable. 11479911 246
130185303 Win   207035 1
130211737 Win     4362 0
130292718 Win  1963121 6
130494467 IMP  1669361 5
130514879 IMP  3161933 18
130632923 Win   642032 1
130699956 Win  3388280 17
130792610 Win    30536 0
131065409 IMP  3411188 18
131398923 IMP  4210896 51
131448251 Win   364393 1
131498252 IMP  1186859 4
131557882 IMP  2369404 23
131652392 Win  2492048 13
131736928 Win  3244738 18
132093054 Win  2454163 30
132171686 IMP  3216770 32
132200048 IMP  4610984 45
132229227 IMP  1878269 5
132439449 Win 10700253 216
132492911 Win  5300288 51
132535916 IMP  8299264 134
132674584 Win    33913 0
132713860 Intractable. 13385134 256
132843657 IMP  5753153 87
132885400 IMP   499127 1
132929879 IMP  5203022 39
133075819 IMP   393011 1
133284697 Win   729294 1
133325624 IMP   952210 2
133761331 Win   669395 2
134038677 IMP  2423167 13
134111124 Win   596085 1
134190079 IMP   625948 2
134235856 Win  6058174 53
134435016 IMP  4774708 54
134633118 IMP  4182486 35
134695047 Win  1416149 9
134713141 Intractable. 11795363 329
134993923 IMP  1651340 8
135228169 IMP   710956 1
135251492 Win  8337688 91
135285693 IMP   562550 1
135311186 IMP  5231692 54
135423166 IMP    53941 1
135425894 IMP   998575 5
135482307 Win  6930588 123
135511749 Intractable. 11416708 277
135656296 Win  5916189 58
135699484 Intractable. 11220708 655
135818984 IMP   191488 0
136123234 Intractable. 14087071 315
136218259 IMP  4702856 43
136352659 Win  3241307 13
136538253 Win  1235859 3
136613477 IMP  2251711 15
136635901 IMP  3580870 31
136646861 Intractable. 12534896 334
136687889 Win  1300072 3
136798398 Win  6572436 88
136868765 IMP   458387 1
136998093 Win 11381393 241
137233087 IMP  2852105 36
137275014 Win    22592 0
137394282 Win  2365272 12
137586506 IMP  1151565 3
137819966 IMP  5157357 38
138369972 Win  2404706 14
138762761 Intractable. 12277423 537
138788519 Win  9831034 160
138917209 IMP  1576905 13
138926771 Win  2249391 12
139009401 IMP  1760358 7
139564194 IMP  1807136 7
139577175 IMP  6652348 97
139687634 Win  1101183 4
139771324 IMP  2005969 9
139823156 Win   176539 1
140233966 IMP  6949388 110
140271632 Win   143351 0
140353023 IMP  2188982 11
140476220 IMP   755047 3
140489105 IMP  1207741 2
140563390 IMP  1407819 8
140586001 Win   718985 1
140747186 IMP  2948639 23
140763083 IMP  5002466 54
140865916 IMP  1395120 4
141163329 Win  1638267 6
141197502 IMP  1955038 11
141234559 Intractable. 13063396 370
141247638 Win  5941223 63
141428919 Win  6511045 94
141444335 Win 10980227 148
141709790 IMP   657596 1
141800718 IMP   630927 1
141974992 IMP  5448591 54
142173274 IMP   508045 1
142215563 Intractable. 13156414 282
142252062 IMP  3772720 31
142259934 IMP  2308467 17
142405036 Win   206398 0
142435754 IMP  2126431 12
142439380 IMP  7484271 88
142448178 IMP  2153474 9
142497283 IMP  8048741 178
142512781 Intractable. 10731248 593
142700333 IMP  1336264 3
142971039 IMP  1101164 6
143087107 IMP  5053404 90
143155304 IMP 11716961 264
143166440 Win  1540525 5
143260912 Win   333058 1
143402537 Win  2877081 24
143459796 IMP  7074314 131
143570402 IMP  1572073 20
143693801 IMP   764844 4
143875324 Win  4611693 49
144096684 IMP  8348098 239
144106826 Win  4371698 34
144179553 Win  1663359 5
144191494 IMP   998923 7
144474888 IMP  9370227 197
144551174 IMP   396382 1
144580703 Intractable. 13923503 292
144675902 IMP  3305756 28
144693300 Win  4100027 27
144729024 IMP  3555016 32
145036935 Intractable. 13104959 418
145112022 IMP  6778394 64
145116215 Win  8206038 164
145161622 IMP  3374235 27
145187460 IMP  3037282 12
145405721 IMP   967564 4
145427911 Win  2549446 8
145428441 IMP  1475949 4
145492596 Intractable. 12706168 275
145634689 Win  5596876 42
145743063 Win  5800014 127
146523663 Win  8061016 112
146657224 Win  2971628 19
146659203 Win  7988500 100
146681207 IMP   325611 0
146691907 Win  1930189 6
146705264 IMP  1065273 3
146789608 Win  8491614 99
146880021 Win 11487767 169
147309039 IMP  1521634 4
147395460 Win  1440106 5
147584356 Intractable. 12954211 260
147869907 Win  3037369 15
148047656 Win  5220229 110
148128792 IMP  1760762 14
148140832 IMP  1319155 8
148228018 IMP  2582181 39
148267281 Win  1118712 6
148269685 IMP  1507403 5
148358029 IMP  1554886 9
148434737 IMP  1121542 4
148532404 IMP  1097283 4
148622435 IMP  4865677 95
149001241 IMP  3128497 17
149153092 IMP   522020 2
149328827 Intractable. 12291352 423
149353019 IMP   853110 1
149535099 IMP  6777011 104
149827147 IMP   742020 1
149971870 Intractable. 13131253 223
150002671 Win  3616891 24
150045994 IMP  1160923 3
150087676 Intractable. 13460426 231
150127589 Win   835732 2
150146268 Intractable. 12847060 297
150380540 IMP  3641290 37
150411858 Intractable. 12285940 227
150578850 IMP  4998304 39
150772491 IMP  3633564 44
150797127 IMP  7335411 145
150807146 IMP  1650546 26
150856348 Win  2234939 9
150912988 Win  4939032 74
150933030 IMP  9420840 173
151074685 IMP  3783819 73
151098996 IMP 12251498 215
151100723 IMP  1384841 6
151130999 Win  7746541 85
151266226 Win  8326148 243
151447670 IMP  1514478 5
151451460 IMP  2207162 9
151456170 Win  4692752 50
151566681 IMP  2830299 15
151748731 IMP   397143 1
151856186 Intractable. 10863875 543
152153533 IMP  1224159 3
152196552 IMP  5737020 42
152204949 IMP   813804 2
152230578 Win  2293229 9
152335964 IMP  7210503 62
152392702 IMP  3680816 41
152403902 IMP  1461163 14
152593520 IMP  1173317 2
152599283 IMP   796326 2
152605442 Win   230202 0
152683865 Win  1091784 2
152703709 IMP  1217902 6
153013585 Win   188799 0
153339420 Win  3611912 16
153520962 Win  3593475 27
153523300 Win  1701263 10
153598636 IMP  2424278 21
153649698 IMP   708298 4
153819953 Win  1204507 2
153926448 IMP  1846440 6
153964171 IMP  3258101 34
153976032 IMP  3449932 74
154152912 IMP  1233729 5
154314662 IMP 11615583 252
154392457 IMP  2342761 26
154414595 Win  8659864 101
154423603 IMP   974770 3
154787335 IMP  4019064 37
154954032 IMP  2509639 30
155001367 Win   296932 1
155204076 Win  2098646 12
155306228 Intractable. 12343316 355
155329368 IMP  6122545 242
155755324 IMP   651434 2
155901049 IMP  1559801 4
155951411 IMP  1442193 6
155992805 Win   445277 1
156243474 IMP  3636890 19
156258877 IMP   628359 1
156356853 Win  3088719 15
156455818 IMP   537416 2
156583912 Win  4932031 61
156595647 Win    49640 0
156803132 Win 10365942 224
156897603 IMP  3568976 20
156930128 Win 10271091 129
157215302 Win  3715306 17
157612976 IMP  1233714 4
157648900 Win  3710933 22
157814695 IMP   220321 1
157828496 Intractable. 14083078 309
157903195 IMP  2271159 12
157920396 IMP  1863607 6
158075199 Intractable. 11965923 705
158383358 Win  2999862 13
158496379 Win  3337968 24
158548378 Win  1101948 3
158637637 IMP    26324 0
158672154 IMP  1388263 3
158712799 Win 10787775 244
158742347 IMP  5234610 35
158745533 IMP  1744942 6
158779814 Win   906215 2
159042143 Intractable. 13189199 259
159084110 Win 11598942 234
159093940 IMP  2717323 18
159269457 Intractable. 12480487 288
159445869 Intractable. 13085105 572
159514597 Win   302976 0
159572817 IMP  6621492 79
159698644 IMP  2588169 10
159786029 Win 11599605 259
159829277 Win  2628090 14
159858444 IMP 12348966 226
160014197 IMP   182747 0
160292061 IMP  2513742 19
160341155 Win  9266025 199
160388520 IMP  4490974 70
160498789 IMP  4002441 47
160524574 Intractable. 12665570 284
160871073 IMP   919223 5
160973453 Win  1759076 10
161042971 Intractable. 11348108 298
161135958 Win  9166526 164
161202983 Win    34530 0
161212509 IMP  1112130 3
161506207 IMP  2664369 13
161725610 IMP  2386377 10
162021049 IMP  1127582 3
162073326 IMP   771330 2
162086191 IMP  3202702 48
162277819 Intractable. 11957844 278
162362288 IMP  1300733 4
162404734 Intractable. 13032378 713
162522202 IMP  2647399 30
162652530 IMP  2109390 11
162768644 IMP  1233068 3
162811913 IMP  7771472 169
162823180 IMP  2914882 33
162986119 Win   320314 1
163262629 Intractable. 13229536 231
163388195 Win  6116419 45
163438400 Win    81464 0
163508271 IMP  7641268 384
163721529 Win   554796 0
163793113 IMP  2932470 18
163937034 Win   382555 1
163940764 IMP  7286430 211
164047818 Win   554698 1
164060980 IMP  7522343 100
164175621 IMP  1780261 5
164191443 Win  2024737 7
164240454 Win  5587373 149
164302750 IMP   872838 2
164334123 Win 12603613 460
164451725 IMP  1339080 7
164526208 IMP  3314695 23
164569807 Win   348083 1
164773433 Win  2762899 13
164795447 IMP  2708340 15
164797924 IMP  1988278 9
164963045 Win    57353 0
165057230 Win  2794913 19
165082332 Intractable. 13795244 424
165235876 IMP  2001053 14
165263089 IMP  4827771 72
165370284 IMP  2370555 10
165377427 IMP  1299868 11
165620493 Win  6606250 62
165865195 IMP  1605858 6
166078698 Win  1581811 7
166371159 Intractable. 12033176 303
166374566 Win  1786692 7
166960489 Intractable. 12597538 336
166991979 IMP  8196555 208
167028897 Win  6789157 142
167051849 IMP  7164887 161
167130926 IMP   970334 6
167204129 Intractable. 12467305 305
167270500 Win 12166887 283
167427494 IMP  8446196 132
167463797 Win  1022843 3
167569599 IMP  7331583 146
167589564 IMP  1100554 15
167671666 Win  2323817 12
167673540 IMP  2301039 14
167787778 IMP  6148825 106
167807670 IMP  1539907 7
167856112 Intractable. 11579788 224
167894103 IMP  1445520 4
168027303 IMP  1138765 7
168255639 IMP  3688094 39
168272316 Win    17156 0
168530499 IMP  4867546 90
168566416 IMP  3958943 40
168626381 Win  1521716 5
168711808 IMP 11408038 273
168773768 Win   951272 1
168777523 IMP  7254527 156
168797348 Win  2239336 9
168853144 IMP   901296 2
168970226 Intractable. 14380179 425
169043221 IMP  9318776 141
169113398 IMP  2852714 26
169116108 Win 12030269 275
169375224 IMP  3081016 30
169481249 IMP  4427331 56
169628088 Win  9513333 138
169732884 IMP  1697304 5
169743571 IMP  1088114 2
169940375 IMP  1414894 4
169952395 Win   844965 1
170047259 Win   302689 1
170122355 Win  9472633 178
170148109 IMP  1800990 7
170175691 IMP  1437634 8
170290914 Intractable. 11186444 275
170319853 Win   116752 0
170428845 Win   348643 0
170437205 Win    12898 0
170446122 IMP  3073794 16
170591025 Intractable. 15580879 384
170672091 IMP  6633746 104
170720303 IMP  2691005 14
170783394 IMP   587979 2
170804413 Win  2867576 9
171187557 IMP  1188082 3
171329102 IMP   693179 2
171463440 Win  3383099 52
171480585 IMP  2698475 34
171491235 Win  3558812 15
171542067 IMP  1182942 17
171742455 Win   980939 3
172173845 Win  1736331 4
172185516 IMP  1993940 16
172209000 Win  2595737 21
172273755 IMP  3715227 43
172316035 IMP  1376768 5
172329850 IMP  4515485 32
172412573 IMP  5492059 107
172463979 Win  1183931 3
172464670 Win  2178145 8
172466835 IMP  9287968 205
172478864 Win  1713685 6
172645224 Intractable. 12118151 246
172697771 Intractable. 12603457 259
172781930 IMP  6410574 75
172857557 IMP  1009598 8
172878517 IMP  1713025 7
173019164 Intractable. 13269820 375
173026861 IMP  5937701 54
173172989 IMP  3394196 49
173341021 IMP  8420584 518
173363929 IMP   443185 1
173433396 Win  1066795 2
173519933 Win  1445872 3
173550167 Win  5362766 56
173877925 IMP  5549308 40
174147627 Win   720081 2
174227724 Win  9045693 107
174274149 IMP   597785 2
174304953 IMP  2093748 16
174349882 IMP   476640 2
174412813 IMP  6646818 82
174429089 IMP  1946063 11
174642136 IMP  1234458 6
174689969 IMP  4390645 50
174896984 IMP  1728255 5
174991184 IMP  5513680 67
174992227 Win  2980911 20
175182737 IMP  1072708 2
175201265 IMP  4071686 21
175321977 IMP  1129600 2
175358319 Intractable. 12440855 374
175586146 IMP   294218 0
175635793 IMP   232999 0
175810691 Win  8215749 101
176141982 Intractable. 13176865 285
176147903 Intractable. 12502929 296
176259470 Win  3498111 29
176320521 IMP  1822649 8
176356106 Win   537129 1
176384549 Intractable. 12397329 328
176477110 IMP   962663 7
176720525 IMP  1543846 7
176733187 Win  1405472 4
176804310 IMP  1007753 3
176980802 Win  2378429 15
177424601 Win   721736 1
177559585 Win  9806426 138
177577839 IMP  2789727 15
177690634 Win  3138912 32
177755435 IMP  3445626 17
178167732 IMP  3217479 29
178186601 Intractable. 12261307 467
178234636 Intractable. 10993935 564
178313217 IMP   943142 2
178347689 IMP   685521 2
178384905 IMP  4441626 38
178555295 IMP  1889764 8
178591332 Win  1893043 6
178672894 Intractable. 14353245 209
178677519 IMP  4081308 72
178699193 IMP  9761323 216
178874604 Win  5176274 28
179056561 IMP  3023864 17
179122795 IMP   193683 0
179173143 IMP   839148 2
179198807 IMP   984054 5
179488077 IMP  1179978 4
179574048 IMP  2900616 49
179736016 Win  3855972 21
179967593 Win  2477922 10
180098895 Intractable. 12447485 243
180112431 IMP  4375409 39
180187679 IMP   966074 4
180242122 IMP   728317 2
180311042 IMP  4519054 58
180370533 IMP  2228538 8
180448295 IMP  4068820 45
180460139 IMP  2742861 12
180564107 Win  9584289 99
180746886 Win  2040689 11
180774211 IMP   392704 1
180995434 Win  1097050 2
181188690 Win  1732177 5
181203919 IMP  1797244 13
181300098 Win  3723184 21
181404510 IMP  3065627 29
181464266 Win   912321 4
181526860 IMP  3640421 22
181568647 IMP  5636954 103
181787985 IMP  1840421 7
182179660 Win  2851051 17
182229260 IMP  1720532 6
182634381 IMP  5258180 57
182717250 Intractable. 11576637 274
182810629 IMP   964575 2
182852035 IMP   526912 1
182867880 IMP  9167063 232
182878024 Win  4392970 33
183183788 IMP   996879 3
183224522 IMP  3279911 19
183274022 Win  6635417 89
183286150 Win  1019563 2
183292651 Intractable. 12897853 227
183320015 IMP  2157536 16
183507846 IMP  9185787 186
183538324 Win   999207 2
183730455 IMP  3873528 22
183746785 IMP   203883 0
183860566 IMP  2911271 11
183938349 IMP  1101753 5
184112839 IMP  1205841 4
184147970 IMP  2143592 13
184218870 Win  5303954 109
184291999 Win  1960164 9
184350068 IMP  8514474 282
184471759 IMP  7296935 78
184499007 Win  6152373 100
184543775 IMP   311736 1
184710110 Intractable. 11732409 248
184728293 Intractable. 11091817 313
184821603 IMP  1300914 6
184852207 IMP   573792 1
184939014 Win  1662980 8
185158377 IMP  1028250 2
185161110 IMP  2764505 63
185321668 Win  3559380 14
185446100 Win  5940293 48
185635890 IMP  5609111 59
185752994 IMP   407684 1
185768918 IMP  6907284 95
185998740 IMP   532896 1
186087289 Win  2005733 5
186088353 IMP  4623136 38
186293101 Intractable. 10716169 219
186299390 IMP  1795895 6
186315379 Intractable. 13265508 275
186487448 IMP  1385099 3
186628780 IMP  3377303 19
186636875 IMP 10510668 795
186679011 Win   689945 1
186741437 Win   515121 1
186774110 IMP  2846923 12
186987847 Intractable. 13783592 301
187164466 IMP  2446019 13
187266583 IMP  1103763 3
187385228 Win    13972 0
187467115 Win  3467315 28
187531451 IMP  3230628 18
187558431 Win  2836788 17
187674433 Win  2920449 17
187812412 Intractable. 11991371 323
187942144 IMP  4027550 45
188029888 IMP  7439870 126
188077645 Win   615141 1
188363400 Win  2448486 9
188600243 IMP  1149729 4
188612504 IMP  3952413 18
188673655 Win  1001503 5
188733448 Win  2388113 13
188820091 Intractable. 11617479 216
189041658 Win   723242 1
189059628 IMP  2736050 13
189159348 IMP  1160540 3
189229661 Win  4689559 34
189262369 IMP    31603 0
189269187 Win  3054195 15
189436402 Win  3987843 22
189555265 IMP  1070182 4
189621510 Win 11789561 201
189769500 IMP   642835 2
189973614 Win    48796 0
190159049 IMP  1277201 3
190350923 IMP  1000563 11
190367956 IMP   394478 1
190416910 Intractable. 14366392 261
190460386 IMP  3246384 27
190870099 Win   331120 0
190875876 Intractable. 11439230 334
190994193 IMP  4902733 34
191007016 IMP  2669793 25
191092587 IMP  1963178 8
191129592 IMP  3944866 48
191134393 Intractable. 10033028 725
191141248 Win   940194 1
191161823 IMP   707058 1
191484496 Win  9542547 172
191533072 IMP  2006692 7
191587133 Win  4049011 28
191682538 IMP  5032137 81
192094741 Win    73153 0
192598471 Intractable. 12604897 198
192632716 IMP  1705302 8
192693670 Win   830942 2
192777357 IMP  5396317 37
192976491 Win    17823 0
193110824 IMP  2552232 22
193201965 IMP  2420187 23
193342953 Win  3024688 14
193530384 IMP  1604680 11
193668329 IMP   423831 1
193718227 IMP  2813005 15
193794370 IMP   594534 1
193977055 Win  2258208 21
194032399 IMP  3128690 17
194051176 IMP  1719757 6
194066699 Win  1830888 6
194103067 IMP  1026393 1
194258496 IMP  4142710 53
194294282 Win   429748 1
194310750 IMP  4244768 67
194322754 IMP   655019 2
194513932 IMP   392829 1
194595692 IMP  2505785 8
194618225 IMP  2090123 11
194646625 Win  1899386 7
194742385 Win  6667867 69
194895249 IMP   317496 0
194896738 Intractable. 11533093 471
194960018 Intractable. 11085806 373
195044335 IMP   614879 2
195059982 IMP  1771694 24
195104766 IMP  6750460 55
195494641 Intractable. 14479698 385
195703901 Win  5867114 47
195785489 IMP  1230927 3
195924938 IMP  4197042 23
196042295 Win   446847 1
196050375 Win  2937276 16
196212766 IMP  1489232 5
196256421 Win  2054938 9
196294250 Win    30648 0
196423314 IMP  1529372 10
196471744 IMP   446091 0
196944786 Win   995304 3
197054495 IMP  4656792 61
197090915 IMP  4363380 114
197119558 Win  4805358 81
197163765 IMP   580895 2
197351844 IMP  3957890 52
197498507 Intractable. 10197691 355
197650548 IMP  4396277 59
197709583 IMP  5336569 43
197726290 IMP   944404 5
197836362 IMP  6103932 70
197912570 Win  4642883 26
198043449 Win  4830272 45
198325952 IMP  5704583 54
198364346 IMP  8155121 232
198374715 IMP 11992882 193
198510458 Win     8162 0
198534799 IMP  5559731 164
198603705 IMP  4603226 96
198670827 IMP  6045078 59
198895512 Win  1597027 4
199031834 IMP  1986235 8
199077538 IMP   943137 4
199139954 IMP  2250508 11
199143342 Win 12271328 240
199147281 Intractable. 11353624 740
199224486 IMP  7115186 191
199308894 IMP  8858753 144
199657052 Win  5972455 67
199687761 Intractable. 12301377 260
199828475 IMP  3589142 21
199893149 IMP  2621636 29
200068175 Win   802434 1
200075077 Win  3643907 23
200231754 Win   200332 1
200284475 IMP  8754676 125
200547831 Win   653281 1
200824418 IMP  1496237 5
200883084 IMP   876246 2
200974970 IMP  2788375 14
201127113 Win   617757 1
201387947 Win  2349159 9
201612414 Win   627248 1
201689372 IMP   656588 2
201943891 Win  1600421 5
201953191 Intractable. 12382452 236
202146717 IMP  1184604 2
202149846 IMP  3005690 13
202239113 Intractable. 12121641 682
202312154 IMP  9272216 148
202681933 IMP  2629198 16
202740836 IMP  2365514 9
202760896 IMP  1680173 9
202813941 Intractable. 11954405 278
202823634 Win  1480868 4
202847968 Win  7418516 74
202859380 IMP  4177641 29
202943913 Win  4756746 50
202965749 Win   949286 3
203029446 IMP   277488 1
203037861 IMP  2379268 18
203164154 IMP  5532227 69
203354556 Win   312143 0
203379713 IMP  1002596 5
203397087 Win  1425036 5
203410932 IMP  1730252 6
203966850 Win  1756217 6
204013583 Win  2734839 17
204165821 IMP  1540785 3
204178564 IMP  2225744 7
204179781 IMP  2294488 20
204268781 IMP  1530000 9
204327259 IMP  5531893 50
204668165 IMP  1001833 5
204803165 Win    12215 0
204910017 IMP  1371315 4
205037833 IMP  4361537 35
205125315 IMP  1574541 8
205135551 Intractable. 14031794 283
205166565 Win  5368751 175
205349842 IMP  1979808 6
205428116 Win  1923442 7
205430714 Win  1259213 4
205435877 IMP  1697850 8
205572886 Win   567388 1
205596701 IMP  2556400 33
205791143 Win  2326926 20
205820384 Win   776184 2
205836311 Win   540489 2
205961034 IMP  1551549 7
206189086 IMP   964158 3
206273268 Win  4639981 41
206297844 IMP  2264031 9
206398398 Win   625889 1
206502621 Win    23430 0
206678133 IMP  1173681 3
206711092 IMP  2945250 19
207041692 IMP  1935477 4
207158946 IMP  5400915 49
207256395 IMP  6064805 101
207426968 Win  5409832 39
207479388 Win  4198127 34
207675094 Win 13561255 473
207699887 Win  2135676 10
207796265 Intractable. 13216708 271
207804514 Win  2741324 11
207806816 Win 13155876 217
207831040 IMP   783553 3
208210711 IMP   803506 2
208249381 Intractable. 11752249 229
208258981 Win  1628968 5
208376406 Win  2648489 16
208451567 Win  2052579 7
208495565 Win   867197 2
208512796 IMP   830957 2
208660437 IMP  1954846 7
208772331 IMP  3721892 30
208932122 Win   539068 0
208977942 Win   815963 2
208978397 Win  3913239 20
209207909 IMP  1296534 4
209314165 IMP  2989698 55
209330476 IMP  4247431 48
209330771 Win   573198 1
209542910 IMP  3138550 26
209601474 IMP 10562592 155
209669811 IMP  4039586 36
209803977 IMP  3084401 27
209913110 Intractable. 10727973 233
209917741 Win  8877166 127
210028681 IMP  6347200 102
210139597 Intractable. 16857101 292
210169685 IMP   573624 1
210210613 IMP   391839 1
210361477 Win  1453216 3
210406752 Win  9869530 100
210451772 IMP   937972 1
210475801 Win  7090079 70
210495386 IMP  6574437 99
210519947 IMP  5825715 58
210536133 IMP  2785776 10
210744300 Win 10111630 158
210773052 IMP  6386932 113
211028089 Intractable. 13066570 322
211247096 Win  1440715 3
211445664 IMP   529377 2
211589453 Win    59061 0
211709558 Win   812554 2
211775146 IMP  2732711 46
211828315 IMP  2889573 14
211877714 IMP  2494878 23
211893274 IMP  2051199 5
211914221 IMP  7980173 103
212198178 IMP  1278894 3
213061920 IMP  2389996 12
213262877 IMP  1881422 6
213309743 Win  1819563 10
213360232 IMP  1535065 6
213401121 Intractable. 11708980 357
213458751 Intractable. 12480645 341
213710305 IMP  1328494 5
213743440 IMP   911820 3
213789156 IMP  7032971 127
213874105 IMP  5685662 94
213969635 IMP  3527419 23
214302613 IMP  3959155 49
214340337 IMP  6546152 67
214345109 Win   643546 2
214440739 IMP  2409912 9
214484959 Win  3893948 22
214538417 Win  2337494 9
214677200 Intractable. 12688085 1144
214820845 Intractable. 13911082 320
214961545 IMP  9885162 187
215289934 Intractable. 16237601 310
215293902 IMP  2441304 27
215572875 Win   513458 1
215852347 IMP  1437213 3
216113068 IMP  2022507 10
216321190 Intractable. 11042597 247
216362172 IMP   816831 2
216433813 Win   715405 1
216466077 IMP   482100 1
216469921 IMP  3023832 18
216585915 IMP  1338952 2
216586836 IMP  2369032 19
216604464 Win   464986 1
216675836 Win  3436669 21
216775464 Intractable. 11131326 262
216799680 IMP   316864 1
216867874 IMP  3199199 55
216973626 Intractable. 14240248 303
216981395 Win   506417 1
217026918 IMP  5256015 49
217075091 IMP  2420099 9
217118997 IMP  4598064 132
217216098 IMP  5099212 57
217284873 Win  7235684 107
217550364 IMP  1146904 4
217585386 Intractable. 12504480 249
217626702 IMP  4852024 43
217788953 Win   936756 2
218009013 Win  1820201 9
218133676 IMP 12525177 498
218222998 IMP  1511523 9
218232334 Win   999294 2
218237086 Win     5360 0
218312858 IMP 10064869 273
218396002 Win  2125622 11
218445187 Win   126141 0
218495577 Win  1141075 3
218504985 Intractable. 13630879 231
218542020 Win   669273 1
218562584 IMP   998881 4
218584473 Win  8948738 111
218612538 Win   468537 2
218652954 IMP   689951 2
218694181 IMP  7423697 99
218981406 IMP  2408963 11
219023173 IMP   604429 2
219055934 Intractable. 13329948 327
219133870 Win  3450332 16
219223436 IMP  2257778 11
219227608 IMP  5623584 215
219228727 Win  1015127 3
219336735 IMP  3643311 76
219435993 IMP  1724462 17
219474039 IMP   303440 1
219548593 IMP  2363027 23
219549830 Intractable. 11343220 266
219566432 Win  3801126 46
219668983 Win  2810800 14
219704284 Win   927267 2
219720110 Win 10434673 387
219739264 Win  3522734 25
219780200 Win  2833750 36
219782757 IMP  2006093 7
220035146 IMP  5296752 65
220042457 Intractable. 10602581 218
220434055 IMP   617664 1
220470392 IMP  7747772 109
220483998 Win  1353873 3
220635669 IMP 12113705 502
220883109 IMP  2578553 13
220892806 Intractable. 10946320 248
221035868 Win  1638334 6
221203516 IMP  1314970 11
221204944 Win   838100 2
221313532 Win   444061 1
221345022 Win    10251 0
221379322 IMP   633404 1
221607798 Win  1651334 14
221680546 IMP  3425569 33
221705450 IMP  2274725 15
221730702 IMP  1041544 4
221736979 IMP   393553 0
221905497 IMP  3408719 32
221940073 IMP  7945273 142
221960899 Win   285780 1
222245660 IMP    32497 0
222294498 Win  2204617 11
222317140 IMP  1663000 8
222422602 IMP  3936607 36
222478511 Win   290510 0
222487823 Intractable. 11581255 373
222498271 Win  3153664 20
222808716 IMP   818336 2
222823449 IMP  3203949 21
223108850 IMP  1509833 17
223115827 Win  2648969 28
223132287 IMP  3527720 24
223135112 IMP  2173840 10
223251423 IMP  3963718 61
223423487 Intractable. 11783761 285
223652873 Intractable. 14685945 330
223683727 IMP  3134489 24
223685972 IMP  2149692 8
223901113 Win     5906 0
223982882 Win  8797503 174
224027290 Win  4264240 51
224128587 IMP  2224180 9
224247737 IMP  4641318 78
224302636 IMP  2309436 12
224606715 IMP  1407763 5
224667330 IMP  1387967 5
224711924 Intractable. 13350794 265
224820837 IMP  2574374 14
225019489 Intractable. 15053511 305
225095429 Win 14230309 241
225210913 Win  2559756 13
225329605 IMP  5118575 46
225352506 IMP 11383744 166
225642251 Win   159631 0
225822708 IMP   481854 0
225843010 IMP  6078583 75
225916530 Win  1699242 8
226012302 Win  2968921 10
226090540 Intractable. 11446922 235
226097869 IMP 11021433 292
226627795 IMP  7411182 181
226672700 Intractable. 13141184 273
226702961 Intractable. 11477735 255
226724393 IMP   360839 0
226727178 IMP  2437042 18
226794321 IMP  6663712 143
226873381 IMP 14266250 367
226922037 Win  1555671 4
226954467 Win  7726260 152
227014466 Win 11308926 174
227056419 Win  3279841 17
227131051 IMP  2447557 9
227214357 Intractable. 13295392 278
227273494 IMP  5422730 86
227352280 Win 10526601 160
227614853 IMP  3304445 42
227650484 IMP    88474 0
228131630 Intractable. 15604495 333
228219004 IMP  4804892 50
228357208 Win  2400937 10
228428137 Win  2045328 5
228459951 IMP  3136581 41
228558224 IMP  3617982 38
228867538 IMP   576819 1
228992976 IMP  7002884 128
229148538 IMP   564976 1
229149638 IMP  2080144 6
229259993 Intractable. 11617051 230
229432247 IMP  3197266 19
229468290 Win  1609498 8
229527093 IMP  3756271 24
229911561 IMP  1377961 5
230082438 Win  1198676 3
230147051 IMP  4148420 39
230150384 Win 13335735 233
230406053 Win  2860957 14
230414927 Win 10825008 234
230416910 IMP  6084612 58
230493330 Win  1187592 3
230540070 IMP  1001017 2
230626622 IMP  4051978 36
230717475 Win   645229 1
230757063 IMP  8049819 147
230804450 IMP  1054223 4
230894341 Win  4010909 36
230955200 IMP  3006160 34
231058304 Win  3727482 24
231171852 Intractable. 12019254 430
231377569 Win  7650761 80
231519114 IMP  1297655 3
231650209 IMP  3369960 34
231756710 Intractable. 12539927 325
231792656 IMP  1784587 8
231836766 Win   461941 0
231854025 IMP  2515316 18
231956139 Win   161519 0
232084141 IMP  6986241 96
232182669 IMP 11237809 226
232187702 Win 10671995 146
232190706 Win  3204530 14
232453157 IMP  6140189 56
232491106 Intractable. 11223003 813
232568396 Win   167112 0
232671984 IMP 12208303 334
232719390 Win  1753859 5
232736736 IMP   494446 1
232835866 Intractable. 12980827 243
232836520 Win  1188912 2
232893083 IMP   722744 1
233049077 Win     7791 0
233057040 IMP  1000857 6
233252392 Win  6173027 61
233367303 Win   862075 3
233764861 IMP   713239 2
233785255 Win   448123 1
233855159 IMP  2084844 12
233880562 IMP  2771614 11
233886372 IMP  1046807 4
233899528 IMP   623257 1
233914682 IMP  3601455 32
233938472 Win  2960734 14
233989500 IMP  3055268 21
234167083 Win  2316946 9
234186680 IMP  1236037 3
234203458 Win  1545522 4
234269061 Win  6407227 65
234617171 IMP 11912913 324
235021673 IMP  6230690 266
235156943 IMP  4311470 48
235254971 Win  9024732 138
235357625 IMP  8831320 225
235517398 IMP   719416 2
235554324 Intractable. 13156152 219
235629073 IMP  1445468 6
235749580 Win  3154710 20
235848002 Win    38295 0
236147457 Win  2502008 8
236335938 IMP  7181316 134
236416676 IMP   646677 2
236490993 Win 11763028 167
236494526 IMP  3203342 25
236657190 Win     6552 0
236714588 Win  6284731 88
237021148 IMP  3122174 16
237054424 IMP  2536537 13
237154377 IMP  3551447 21
237203477 IMP  2330184 10
237327544 Win  3045395 11
237351596 Win  1050034 2
237450133 IMP  2807991 16
237481722 IMP   710597 1
237590293 IMP   946010 2
237627517 Intractable. 11673025 201
237700386 IMP  5432636 43
237739814 Intractable. 12949190 240
237760151 IMP  2094890 6
237768519 IMP   708562 2
237794240 Intractable. 11557681 245
238099450 Win  1362318 4
238188177 Win  3062918 16
238215552 IMP   707884 2
238423518 IMP  3626560 42
238589897 Win   659782 2
238607064 IMP  2412159 7
238649467 Win  7779787 174
238675280 IMP  1299369 4
238855477 Win  7530964 65
238922695 Win    19161 0
239272233 IMP  4919883 201
239312948 Win  2394736 19
239492563 IMP   608916 2
239494344 IMP   972720 3
239628717 IMP  2092621 11
239658989 Win   612679 1
239674754 IMP   476487 1
239828938 Win  8730080 106
239995053 Win   121179 1
240068039 Win  3519582 39
240097982 Intractable. 14567105 351
240125611 Win  4306490 45
240181709 Intractable. 13599951 338
240505955 IMP  2691431 22
240784393 IMP   689066 3
240825945 IMP  4273725 25
240959888 Win  6640013 104
241224751 Intractable. 12249070 447
241378719 Intractable. 12121064 196
241434011 IMP  7477754 138
241632810 Win  5396153 38
241648597 IMP  5800990 123
241670675 Win  2995884 27
241731498 IMP   539951 2
241783807 IMP  2008108 16
241936755 Win  2230264 8
241965307 Win    55321 0
242114558 IMP   649951 2
242160994 Win  3231915 30
242210560 IMP  3395906 60
242374641 Win  1145770 4
242646999 IMP  9845266 270
242837283 Win  1006975 3
242952155 Win  1682238 13
243084459 IMP  1268641 3
243223743 IMP  1698130 15
243748988 Win   736932 2
243776380 IMP  1273371 10
244090368 IMP  7258574 93
244138830 IMP   832752 2
244160511 IMP  3218852 30
244194269 IMP  5794126 40
244315625 Win  2828981 14
244372914 Intractable. 12617777 246
244390052 IMP   644053 1
244603802 IMP  1001154 2
244723286 Intractable. 13256979 266
244760853 Intractable. 13005248 307
244938731 IMP    52732 0
245035944 IMP  1151856 3
245116628 IMP  1120019 6
245119418 Intractable. 12052276 212
245123034 IMP  4473889 31
245230804 IMP  7030825 115
245368289 IMP   437016 1
245434894 Win  1518046 4
245548590 IMP  2960704 13
245561423 IMP  3216530 26
245647509 IMP  3515221 78
245913821 IMP  4720844 81
246147855 IMP  2794044 12
246177942 Win   174143 0
246238576 Win   127988 0
246291378 IMP  1559590 4
246375868 Win  6771677 86
246531032 Win  1140279 3
246551396 IMP   612198 1
246663064 IMP  7693150 124
246958942 IMP  3005545 20
247394311 IMP  6235797 84
247664221 IMP  6611112 91
247807455 Win  3386797 13
247841044 IMP  5963956 63
247844068 IMP  1376982 5
247969356 IMP 10955742 236
247969885 Win  1030380 3
248028768 Win  1351914 3
248043739 IMP  2593748 13
248082127 Win  1477302 5
248096657 Win  3588561 24
248100971 IMP  4786822 33
248183451 Win  7429081 114
248653564 IMP  2690257 10
249238308 IMP  4361407 44
249282846 IMP   765334 2
249338591 Intractable. 10870686 376
249374974 Intractable. 12495474 451
249382349 IMP  2321934 9
249408604 IMP  6321712 72
249412209 Intractable. 12078522 226
249477179 Win  2793941 13
249661324 IMP  2629465 13
249671559 IMP  9451232 159
249807712 Win  2008803 7
249861370 Win  8132090 139
249888987 IMP   366475 1
249905231 Intractable. 12030778 265
249959654 IMP  1844974 11
250041112 IMP  2540190 15
250140100 IMP  1926900 10
250208357 IMP  2356288 11
250224075 IMP   520931 2
250249115 Win   747017 3
250304209 IMP  1888725 9
250375416 IMP  1043092 4
250446456 Win   333321 1
250769057 Win   523088 1
250774239 IMP  4401047 85
250836107 IMP  1036344 2
250996161 IMP   564061 1
251134384 IMP  2063012 8
251208498 Win  6028650 62
251231489 IMP  6304803 81
251302064 IMP  1498165 6
251334706 Win  1153505 3
251344240 IMP   619570 1
251527284 IMP  2544691 24
251529046 Win  1786501 7
251607936 IMP   164773 0
251863323 IMP  4090178 40
251940698 IMP  5737153 90
252070397 Win  4671196 31
252292220 IMP  2191888 11
252420146 Win    69756 0
252555541 IMP  1045479 3
252745725 Win  3311865 23
252919180 Win   471520 1
252942276 Win   371399 1
253098764 IMP  1266762 4
253117651 IMP  1554028 8
253201720 Win  1031686 4
253245851 IMP  2442008 22
253376055 Win   862934 2
253654612 IMP   870765 2
253724406 Intractable. 12730565 386
253953800 IMP  2708862 14
254003639 IMP   742989 2
254051901 IMP  1535342 5
254094522 Win  6902225 69
254096207 Win  6152069 98
254323556 Win  8205905 125
254344003 IMP  1961830 10
254593819 IMP  3556601 19
254645013 IMP  8833302 86
254992315 Intractable. 13307226 499
255038777 Win  1162423 2
255078943 IMP  1425066 10
255084110 IMP  1045587 2
255091795 Win  4311959 26
255171775 IMP  6141972 67
255314917 IMP  8793364 93
255390609 IMP  9039238 219
255394251 IMP  1758677 12
255462723 Win  1010262 2
255532264 Intractable. 12824151 226
255556337 IMP  3418779 30
255595396 Win  1936937 6
255652866 IMP  1138858 3
255661590 IMP  1275712 7
255871859 IMP  4135740 48
255953045 IMP   134411 0
256325502 IMP  1055189 3
256467858 IMP  1278959 5
256503588 Win  3527435 20
256545806 IMP  3956374 24
256655555 IMP   774603 3
256796130 Intractable. 13787406 441
256954530 Win   988194 2
256970759 IMP   648299 3
256993699 Intractable. 12177470 280
257064450 Intractable. 13045505 375
257080537 IMP  8009320 119
257095582 Win  2015389 7
257301407 Win    68380 0
257307032 IMP  2394899 7
257308112 Win  8696315 114
257371990 Win   730678 2
257625745 IMP  1308045 2
257837531 IMP  1918405 8
257914688 IMP  1613506 10
258113585 IMP  3053749 16
258132476 IMP  9018423 101
258251741 IMP  1408657 4
258360774 Win    19133 0
258364186 Intractable. 12239840 243
258512183 Win   906230 2
258586076 IMP   372449 1
258793644 Intractable. 12005666 215
258840116 IMP  3757711 42
259027317 IMP  4309864 32
259058696 Win 10442095 121
259112404 IMP  4572571 27
259199849 IMP   807628 1
259244929 Win   584813 1
259278866 Win 11603892 157
259283267 IMP  1150816 4
259298240 Win  1121724 2
259327226 IMP  5473944 70
259361862 IMP  1511797 4
259366006 IMP   821458 4
259535851 IMP  3712434 40
259553865 IMP  1890384 16
259581467 Intractable. 11869459 312
259695488 Win    74105 0
259726384 Intractable. 14287542 251
259976720 Win  3230401 15
260052124 IMP  1570555 7
260092620 Intractable. 13448097 283
260105504 IMP  3443498 25
260107059 Intractable. 12683782 462
260110090 IMP  1842201 16
260171237 Win  1643122 5
260386478 IMP  1002893 10
260390812 Win   245813 0
260393326 Win  2221613 12
260472296 Win  1939647 6
260668067 Win  8627668 99
260710719 Win  7079654 192
260870727 Intractable. 11588461 1220
260981094 Win  1075044 3
261087294 Win  2923030 29
261088548 Win  3491471 31
261129822 IMP   654951 1
261307226 Win   522569 2
261364323 IMP  6518778 75
261499172 IMP   641996 1
261807440 IMP 10539976 277
262065014 Win  9172990 117
262136791 IMP  8720822 178
262309590 IMP  7245181 82
262448039 IMP  1860965 5
262539866 Win  6814609 76
262731049 IMP  7437136 109
262767892 Win  8783392 137
262893261 IMP  6563255 131
263419943 Win  1964794 7
263952258 IMP  7188574 104
264249988 IMP  3829466 23
264440223 Win  2703909 17
264530871 IMP  1080429 3
264562147 Win 10002403 237
264907796 Win    36898 0
265213124 Win 10268556 150
265230760 IMP  3372665 26
265275947 Win  3874609 28
265409001 IMP  8252326 309
265570033 Win   644781 1
265675976 Win  2107177 6
265787411 Win   537727 1
265808910 Win    16853 0
266102540 Win   581919 1
266116078 Win  5384639 47
266600795 IMP  5523123 67
266656941 IMP  3472742 35
266745570 IMP  2016065 12
266891689 IMP   779751 2
267194939 IMP  2904303 14
267232599 IMP  7518726 109
267380879 Win  1696900 4
267736084 Win   941560 2
267736372 IMP   949680 2
267750042 Win   329191 1
267895539 IMP  1783165 9
267915647 IMP  4238397 44
268201328 Win  1429058 3
268396652 Win  4826166 60
268496648 IMP  5324025 96
268629715 IMP  1499210 4
269007918 IMP  1535500 12
269343166 Win   342660 1
269565221 IMP  4669335 76
269699598 IMP  4842304 97
269998374 Win  2281946 12
270008857 Win   846930 1
270017269 Win  3212408 25
270247296 IMP  3471158 30
270334311 IMP    12283 0
270389045 Win  1605355 4
270466246 IMP  6931668 78
270491401 Win  9468612 120
270518696 Intractable. 11460895 312
270525293 Intractable. 13917921 284
270614287 IMP  4195836 46
270616929 IMP  4075851 31
270722936 Win  3567872 25
270825847 IMP  2398853 14
271023154 Win  6077741 68
271190342 IMP  1893150 15
271396313 Win  3008845 19
271570223 Win    33681 0
271760308 IMP  6599588 89
271864928 Intractable. 13128179 373
271883001 IMP 13475319 347
272012594 Win  3678138 21
272065524 IMP   338686 1
272133213 IMP  3886908 26
272538841 Win   667536 1
272884393 IMP   846871 5
273017695 Win  3032323 19
273187234 Win     7496 0
273299832 Intractable. 13272718 358
273346682 IMP   612379 1
273497670 IMP  6513146 140
273582821 IMP  2858193 17
273615045 Win  2958422 15
273975019 IMP  2657047 16
274044273 IMP  5225207 64
274053886 Win   239407 0
274323230 IMP  7566413 164
274336627 IMP  2328809 11
274448861 IMP  1205740 4
274457086 IMP  1955727 15
274674058 IMP  1381332 9
274884829 Intractable. 13876277 316
274898280 Win  3452687 24
275098748 IMP  1685273 6
275102257 Win  3538031 27
275259141 Win  3760981 26
275308838 IMP  1216528 4
275342242 IMP  3999480 28
275502141 Intractable. 12554964 268
275505882 IMP   610594 1
275532317 Intractable. 13322219 386
275559085 Intractable. 13266068 285
275724249 Intractable. 13568763 442
275733905 IMP  1698145 12
275818596 IMP   641664 1
275890677 IMP   832246 2
276088634 IMP   602498 2
276183014 Intractable. 14289036 278
276198019 Win  2798049 15
276277684 IMP  9797637 550
276340169 Win  1282467 3
276360084 Intractable. 12412180 220
276515298 IMP  3004563 16
276572908 IMP  5595036 55
276719512 IMP   717985 1
276838818 IMP  1193864 7
277305772 Win   281674 1
277358031 Win  2680149 25
277746826 Win   983157 2
277924225 IMP  2113350 8
278080276 IMP   966840 2
278110127 IMP  1044957 3
278266343 IMP  1204576 6
278595380 Win  1372861 3
278636987 Win  9162723 310
278696285 IMP  3561875 37
278799297 Win  6034236 80
278800980 IMP   705900 3
278806438 IMP   739625 1
278814737 Win  8340998 87
279009812 Win   596264 1
279038224 IMP  9142301 319
279086065 IMP  1332602 4
279100666 IMP   277934 0
279212653 IMP  4388058 32
279217796 IMP  2803932 14
279246439 IMP   364956 1
279284368 Intractable. 11822928 245
279305574 IMP  1577824 8
279359573 Intractable. 11692900 248
279458894 Win  5758504 49
279499921 IMP  1061736 10
279513201 IMP  4600867 43
279537875 Win  2296603 13
279592611 IMP  6688575 135
279626610 Win  2934682 18
279761761 IMP  1448648 10
279927672 Intractable. 11144557 346
280168431 Intractable. 13912623 223
280538190 IMP  3048606 17
280577390 IMP  1403681 4
280860265 IMP   664334 1
280930981 Win  5518459 36
281356199 Win   134395 0
281747488 Intractable.  9954618 255
281921247 IMP  4358695 44
282043820 IMP  3085799 18
282129329 Intractable. 11741682 343
282199660 Win  1888889 8
282459919 Win  1886707 6
282626232 IMP  1444907 5
282628172 Win  5475081 109
282789668 Win    31027 0
282892269 IMP  7125470 78
282929733 Win  1621470 6
282959546 IMP   325434 0
283058297 Win 10314369 296
283103998 IMP  8686526 215
283250033 IMP  2233963 15
283495328 Win   880881 2
283642794 IMP  1824635 21
283821420 Win  1484899 7
283838844 IMP   715015 2
283867336 Intractable. 12592170 968
283901178 IMP  1165954 3
284012789 Intractable. 11050010 368
284233288 Win   316246 1
284269513 Win   508290 1
284304746 Intractable. 11788549 236
284451858 Intractable. 12492718 318
284683095 Win  7826807 347
284700590 IMP   503992 1
284921631 IMP  5403764 84
285102709 IMP  2097898 12
285103836 IMP   810560 2
285235145 IMP  6391576 64
285378148 Win  1561615 4
285388597 IMP  1229011 5
285401264 IMP  5454108 71
285486013 IMP  1101927 5
285559615 IMP   774370 2
285627812 IMP  1975446 9
285709864 Win 12259746 281
285783700 Intractable. 11805896 493
285937739 IMP  4617852 38
286019465 Intractable. 11659057 263
286054434 Win  6099451 76
286133124 IMP  2086874 7
286133960 Win 10017996 147
286173699 IMP  1433490 28
286221306 IMP 10803962 509
286405948 IMP  1834950 17
286429198 IMP  3402365 13
286444602 Win    53635 0
286903045 IMP  2485660 29
287001742 Intractable. 12174372 356
287119302 Win   290871 1
287198273 IMP  1857819 9
287576364 Intractable. 11949254 361
287585520 IMP  1392777 3
287655097 Win  3679864 18
287686604 Intractable. 12584404 263
287784860 IMP   418528 1
287804984 Intractable. 12548936 225
287807272 Win  4289585 27
287836687 IMP  1523226 7
288115777 IMP  2801897 11
288200460 Intractable. 14264713 217
288211321 IMP  1605889 11
288466200 Intractable. 12429617 231
288494752 Win   186942 0
288704521 Intractable. 12209874 277
288798292 IMP  3389279 28
288960344 IMP  7062022 84
289086434 Win   261110 0
289225045 Win  6450101 103
289279778 IMP  3128075 89
289514365 IMP  7448996 118
289518364 IMP  2616751 16
289825147 IMP  3003474 32
289951305 Win  4009485 41
289978567 IMP  3892442 23
290140478 Win  1025526 3
290323111 IMP  2597847 9
290335934 IMP  1344452 6
290383846 IMP  3144432 30
290522624 Intractable. 12800793 321
290548238 IMP  3639476 21
290598194 IMP  1762238 7
290641338 Intractable. 11577383 246
290699431 IMP  3202024 41
290731360 Intractable. 13386936 279
290811196 Win  5349514 47
290846495 Win  6213545 141
290880258 Intractable. 12010459 461
290895072 IMP 10502271 341
290997033 IMP  3102412 17
291093222 IMP  1137981 6
291108337 IMP  2554772 26
291128617 IMP  2163754 7
291181668 Win  3324022 22
291203007 Intractable. 12839454 253
291344988 IMP  3252466 44
291486037 IMP   851107 2
291748826 Win  2761654 8
291909753 Win  2261847 7
291980564 Win  1209623 5
292012513 IMP  6394491 108
292058784 Win  2311783 14
292114956 IMP  3238622 13
292278046 IMP  1170196 4
292311168 IMP   437294 1
292471110 IMP   527724 1
292486918 IMP  4013209 36
292527902 IMP  4047816 36
292675345 Win  4630424 32
292698893 Intractable. 13911120 445
292709683 Intractable. 12739291 248
292894489 Win  4782777 26
292971299 IMP  3965472 49
293033481 Win  1960300 6
293269720 Win  7400085 110
293676096 Intractable. 13044808 373
293858646 IMP  9219987 446
293868415 IMP  2004697 9
293936687 IMP  1756456 7
294086299 IMP   809140 1
294230521 IMP   726484 4
294288580 IMP  5748217 44
294318869 IMP  4733582 36
294524124 Win    97187 0
294640401 Intractable. 12276933 271
294668256 Win   925767 1
294703871 IMP 10607134 194
294897736 IMP  2420863 10
295053121 IMP  1978848 6
295116117 IMP  1018297 12
295286535 Intractable. 12457136 233
295307525 IMP  2330265 22
295337202 IMP   592426 1
295412795 IMP  3785406 18
295451315 IMP  1135345 3
295457585 IMP  1445202 7
295488322 IMP  1025466 3
295852747 IMP  3052243 22
295853134 IMP  6044639 69
295867279 IMP  1309247 9
295908511 Win  6384214 75
295955902 IMP  4553059 101
295963013 IMP  3855372 33
295978856 IMP  6714763 95
296078576 Win  3246485 10
296084663 IMP  9763537 159
296244732 IMP  5409807 40
296528686 Win  6333425 55
296567953 IMP  1259269 3
296742423 Intractable. 14786810 503
296837991 Intractable. 13830563 351
296861995 Intractable. 10322182 243
297024341 IMP  6487419 47
297035092 IMP  3259324 37
297128103 IMP  4354148 47
297192067 Win  7564129 89
297512230 Win  3395054 22
297660725 IMP  1629613 4
297740131 IMP   501499 2
298165094 Win   174576 0
298210980 IMP  2598978 21
298515721 IMP  5894938 81
298704727 IMP  1117179 9
298718485 Win  1076210 3
298842833 IMP  5872796 62
298852612 Win   337357 1
298879263 IMP  1093207 5
298987136 Win  1177355 2
299150044 IMP  1350086 6
299256004 IMP   435443 1
299269505 Win  1239571 2
299315670 Intractable. 11281019 217
299396477 Intractable. 13113082 357
299414938 IMP  2863342 14
299526565 IMP  8684847 133
299595553 IMP  4970942 48
299613669 Win   470415 3
299761529 Win   507268 0
299782679 Win   350758 1
299818782 IMP  2173551 6
299919062 Win    28576 0
299945522 IMP  2728901 14
299973525 IMP  1381103 5
Number of Freecells: 3   Mode: 

Winnables: 634
Impossibles: 1050
Intractables: 213
Total time: 38 Hours, 30 Minutes, 35 Seconds
