6750641509 IMP  5926396 77
6751161163 Intractable. 12798755 259
6751703228 Intractable. 12627924 312
6752061518 Win  4280234 29
6753282197 IMP  1129563 4
6755142140 IMP  4265969 50
6755565133 IMP  9284738 163
6755640286 IMP  1501591 5
6755998566 IMP  1173029 12
6756413991 Intractable. 13233014 344
6756774876 Intractable. 11751600 302
6757032885 IMP 10082439 283
6757677064 Intractable. 11621622 272
6757743378 Intractable. 12046515 276
6757970711 IMP  4607285 71
6758067699 IMP  2290668 11
6758215719 Win  7667612 114
6758994894 IMP  2689638 19
6759224012 Intractable. 14407673 337
6759762810 Win  4359748 35
6759802936 IMP  5592939 84
6759969750 IMP   984224 2
6760026282 IMP  5704775 112
6760038152 IMP  2262527 9
6760073274 IMP  1203687 19
6760303943 IMP  2381716 16
6760463402 Win  1429215 5
6760736736 IMP  1428668 10
6761200506 IMP  2087390 12
6761333437 IMP  3465169 88
6761971298 IMP  1601402 7
6762217107 IMP  9413922 280
6762665690 IMP  3305991 54
6763936700 IMP  4373969 39
6764701086 IMP 10962073 234
6764973395 IMP 10866529 242
6765786590 Intractable. 13306271 474
6765893994 IMP  2958592 19
6766052489 IMP  2305688 8
6766225124 IMP   897560 2
6766580091 IMP  3184974 13
6767293547 Intractable. 12249743 518
6768251299 Intractable. 12318975 314
6768565933 IMP  5302897 50
6768700267 Intractable. 15244457 320
6768747227 IMP  1167326 16
6768797535 IMP  2313128 15
6769926990 Intractable. 12025223 287
6770351175 Intractable. 12369089 287
6770450987 Intractable. 13806991 499
6770718079 IMP  8900077 235
6770743813 IMP  1390859 21
6771228165 Win  9321291 162
6772173204 IMP 11252278 467
6772350685 IMP  6903769 192
6772667832 IMP  1955660 6
6772868685 IMP  1913659 7
6772906728 IMP   780715 1
6772970952 IMP  9694855 264
6773250035 Intractable. 12612550 293
6773320645 Intractable. 12922423 286
6773399958 IMP  1488875 4
6773838643 IMP 12267826 340
6775027721 IMP  3286481 54
6775175246 IMP 12271916 472
6776074563 IMP  7662375 165
6777462073 IMP  1244511 3
6778233553 Win  9945670 295
6778609367 Win 12234868 333
6778874271 Win  9701882 237
6779262016 Intractable. 13487880 277
6779676131 IMP  4794478 31
6779816164 IMP  1808196 11
6781360030 IMP  7786351 141
6782278939 IMP  9405690 179
6782356435 IMP  1932306 7
6783565447 IMP  2025451 12
6783595318 Win  4133910 48
6784883823 IMP  2167404 17
6784966708 IMP  9148107 222
6785324209 IMP  9724051 206
6786187633 IMP  1627665 9
6786929765 Win  5005877 58
6789827307 IMP   710740 1
6789960718 IMP  2816991 17
6791241336 Intractable. 14010361 431
6791609652 IMP  5558061 119
6794710335 IMP 11371261 214
6795006015 Intractable. 13964937 513
6796965564 IMP  1540885 5
6797203448 IMP  1311741 5
6798610435 Intractable. 14286583 511
6799936067 Intractable. 13802482 316
6800022344 IMP  3095125 33
6802177254 IMP  2196636 9
6802729203 IMP  1074725 4
6802872734 IMP  6950663 108
6803629813 IMP  7541315 225
6803880242 Win  3231136 22
6804335739 IMP   785214 2
6804343178 Intractable. 13407275 408
6806840402 IMP  4169762 29
6807243142 IMP  7403142 143
6808274805 IMP  9805197 260
6808988131 IMP  1800613 20
6809062153 IMP  5861682 103
6809451095 Intractable. 15109130 381
6809461726 IMP  9599873 324
6809580892 IMP  3397926 25
6809674824 IMP 11352158 325
6809979791 IMP  6824615 167
6810711458 Intractable. 13003880 299
6811160157 IMP  6240903 83
6812255273 Win  2308619 17
6812410388 IMP  6842473 73
6812890007 IMP  5016338 173
6812982606 Win  2309640 11
6813070489 IMP  9414011 206
6813948416 IMP  5526704 74
6813960327 IMP  6796590 99
6814872394 IMP  2224385 27
6814895929 Win  1391015 3
6815236686 IMP   578897 2
6815269475 IMP  2532349 11
6815890959 IMP  7267746 128
6816021005 IMP   540858 2
6816328013 IMP  1884014 8
6817052235 IMP  6943469 121
6817436252 IMP   920590 2
6817678428 IMP   773489 2
6818225307 Intractable. 12678607 512
6818337294 IMP   867361 2
6818942902 IMP  2284544 10
6818976553 Intractable. 13471791 440
6819081435 IMP  2572630 13
6819272205 Intractable. 11107685 288
6819464131 IMP  7376078 249
6819601924 IMP  3880025 20
6820348045 IMP 12450980 362
6821570018 IMP  3407751 26
6821588549 IMP  1907995 6
6821938497 IMP  6041449 112
6822585545 IMP  2231797 13
6822894585 Intractable. 12167661 319
6823558653 IMP  1700934 7
6825120741 Intractable. 11846933 405
6825280591 IMP  1857312 10
6825443525 IMP  6248834 72
6825880707 Win  6576604 82
6826947340 IMP  9973774 172
6827184106 Win  3018879 18
6829006412 IMP  8490434 285
6829829968 Intractable. 12947176 354
6829901451 IMP  2354777 20
6829951849 Intractable. 12076940 374
6830015759 Intractable. 12467377 265
6830618453 Intractable. 13553693 368
6830678454 Win  8041937 226
6830709631 IMP  7305209 96
6831473614 IMP 10465905 217
6831637440 Intractable. 13770177 362
6832047729 Intractable. 12052693 243
6833304777 IMP    31902 0
6835496395 IMP  2163815 8
6835624304 IMP  1616175 7
6835796874 IMP  3290134 28
6836154290 IMP  3186968 29
6837382309 Intractable. 15019076 517
6839323049 IMP   874854 3
6839524178 IMP  1639612 6
6839700469 IMP  1558912 8
6839883217 IMP 10484896 228
6839894401 Intractable. 11044154 411
6840155439 Intractable. 13110769 301
6840449218 IMP  3585042 28
6841403897 Intractable. 12408549 288
6841721603 IMP  8812340 457
6842315293 Win  2571685 11
6842527005 Intractable. 15827945 600
6842839333 Intractable. 13625493 351
6843064977 IMP  2922481 35
6844306974 IMP  3163101 16
6845583855 Win  3111455 13
6849033707 Intractable. 13412380 592
6850119471 IMP 10326553 183
6850175568 IMP  6840812 91
6850776691 IMP  4760369 48
6851113878 Win  3004725 19
6852328290 IMP  5945646 79
6852383555 Intractable. 12854965 479
6853087014 Win  2191430 10
6853837062 IMP  5262068 55
6854134978 IMP  3890174 31
6854810235 IMP  2543871 15
6857230177 Win  7069984 106
6857661482 IMP  8430534 320
6859365668 IMP  1796179 5
6859397266 IMP  6971415 176
6859539814 Intractable. 12394207 388
6859672190 Intractable. 14683454 610
6860517439 Intractable. 11330572 266
6860959168 IMP  4236909 38
6861286396 IMP 11311524 490
6861532003 IMP  4654296 58
6862660138 IMP 10360523 280
6862988090 Intractable. 14295656 399
6863126853 Intractable. 15175143 525
6863384675 IMP  2876763 17
6863584099 IMP  3798150 49
6863594427 IMP 10564676 564
6864217832 IMP 11869891 218
6864989454 Intractable. 13462945 435
6866031344 Intractable. 12254220 326
6867946591 Intractable. 14573708 407
6868281281 IMP  3361327 21
6868501714 Win  9480672 206
6870320166 Intractable. 14358548 283
6870700555 Intractable. 12530415 320
6870946175 Intractable. 12825722 469
6871256441 IMP 11947404 234
6871649301 Intractable. 14616857 417
6872371926 IMP 11083167 212
6874353876 IMP  6072935 204
6874564055 IMP  7137120 159
6875269705 IMP  2989413 51
6875609009 Win  6152726 58
6875692707 IMP  1353493 5
6876392229 IMP  4346858 42
6876487448 IMP  1592910 6
6876980015 Intractable. 12670579 945
6878156623 IMP  2687715 21
6879981008 IMP  9728897 251
6880214249 IMP  6755744 156
6880219939 IMP  4964404 70
6880807362 Win  2096377 8
6880821154 IMP  3573412 31
6881922545 IMP  3384003 42
6883424717 IMP  7677224 119
6885984375 IMP  3060513 28
6886005602 IMP 10900100 205
6886083905 IMP   995110 4
6886207748 IMP  3894106 35
6886217438 Win  2547350 10
6887386659 IMP 10972082 279
6889508382 Intractable. 11410177 281
6890162184 IMP  6803217 113
6890162218 Intractable. 15061353 432
6891517623 Intractable. 11233381 375
6893035081 Win  9382481 219
6893271199 Intractable. 13319608 464
6894184960 Intractable. 14105520 377
6894762927 Intractable. 13456959 449
6895433038 Win  9335508 132
6895478134 IMP   525966 1
6895537073 Intractable. 11420159 319
6896192826 IMP  4071351 90
6897068212 IMP  4029735 45
6897923710 IMP  1567400 6
6898517490 IMP  3677790 38
6900286078 IMP  4160464 39
6901250141 Intractable. 12152363 323
6901427846 Intractable. 12671164 283
6901830919 IMP 12207470 262
6901864476 Win  5864631 54
6901973666 IMP  7897798 162
6902832904 IMP  1722430 6
6903888327 IMP 10869160 315
6905622006 Intractable. 13107131 393
6905981883 IMP   102022 0
6906169129 Intractable. 13181892 393
6906816949 IMP   387147 0
6907038257 IMP  4257720 33
6907291963 IMP  2648144 22
6907602845 IMP 12661156 439
6907846245 IMP 10863024 169
6908150054 Intractable. 12925224 418
6908364419 Intractable. 11768669 259
6908752539 IMP  1375254 4
6908898501 IMP  4873793 52
6910174072 IMP  4510733 47
6914663059 IMP  3175733 32
6915781075 Intractable. 13522731 267
6917882531 IMP   793956 3
6917964588 Intractable. 13209671 281
6917983714 IMP  1837334 13
6918120468 IMP  4511481 34
6918273758 IMP  1355307 4
6918359835 IMP  2416145 11
6918450119 IMP  3186236 21
6918522583 IMP  2190603 13
6918563339 IMP  1088935 3
6918991401 IMP  2627752 24
6919233836 IMP  3713584 26
6919773004 IMP  2005195 16
6919797929 IMP  8300974 148
6919814834 IMP  1269920 5
6919918995 IMP   599386 3
6920602124 IMP   899846 2
6920607819 IMP  8032022 189
6920826597 Intractable. 11754144 353
6920971875 IMP  1002085 6
6921033417 Intractable. 13541987 370
6921044711 IMP   136588 0
6921415572 IMP  2150180 9
6921517128 IMP  7545582 115
6921616045 IMP  4834447 51
6921837178 IMP  3852400 24
6922242291 Intractable. 12967095 348
6922253277 Win  3166206 44
6922569293 IMP  6792505 110
6922714330 IMP  1677410 9
6922727599 IMP   571004 1
6922924756 Intractable. 15138351 402
6923290279 Intractable. 12277734 494
6923297347 IMP  1812919 6
6923436150 IMP  2393181 30
6923459195 IMP  1583974 9
6923722225 IMP  2871158 25
6923745924 IMP  5989064 40
6924070921 IMP  1831797 8
6924182470 IMP  3733736 48
6924391900 Win  1343081 3
6924462437 IMP  8745261 273
6924765124 IMP  2254874 14
6924958724 IMP  8830883 321
6924963274 IMP  5978818 100
6925028259 IMP  2629702 10
6925177922 IMP 10283414 390
6925379230 IMP  1049509 2
6925437146 IMP  2694237 16
6925472039 IMP  1970890 12
6925584375 IMP   666107 2
6925745179 Intractable. 12765037 447
6925898483 IMP  2290436 19
6925953667 Win  1208138 4
6926377895 IMP  2713875 29
6926473942 Intractable. 10537484 453
6926839271 IMP  2408279 8
6927007995 IMP  3712057 40
6927233116 IMP  3402638 27
6927316933 IMP  2604556 14
6927358919 IMP  5471583 106
6927442404 IMP   336926 1
6927470435 Intractable. 12518025 501
6927605292 IMP  4158673 47
6927663381 IMP  5919442 80
6927691624 IMP  2054472 8
6928118202 IMP   723844 1
6928250319 IMP  5904911 167
6928299142 Win  5103932 87
6928384815 IMP  3998053 52
6928393973 Intractable. 14330921 347
6928404767 IMP 14692121 492
6928690599 IMP   289424 0
6928728217 Intractable. 12576552 280
6929060984 IMP  1056838 4
6929257903 IMP  7391127 276
6929285017 IMP   356591 1
6929506262 Intractable. 13870194 492
6929581559 Intractable. 12447088 295
6930045652 IMP  1000404 4
6930051003 IMP  3694408 28
6930674339 IMP  7826097 86
6930737119 IMP  1848196 6
6930755238 IMP  1584848 4
6930782847 Win  3525485 23
6930803656 Intractable. 13053573 328
6931094002 IMP  2206773 20
6931366867 IMP  5141690 45
6931437946 IMP  4835155 63
6931493737 IMP   881745 4
6931523532 IMP  1664210 5
6931899834 Win  2035344 9
6931901369 IMP  5137286 86
6932025731 IMP  5187181 54
6932114124 IMP  1551181 11
6932195124 IMP  1599682 5
6932223711 IMP  1046252 3
6932369716 IMP  1908383 10
6932686717 IMP  2036461 8
6932745718 IMP   382399 1
6932832434 Intractable. 12369633 844
6932893993 IMP  4219619 23
6932963684 IMP   988528 6
6933033874 IMP   584307 1
6933167647 IMP   359639 0
6933191480 Intractable. 11529966 375
6933194734 IMP  2917469 53
6933210208 IMP   418875 1
6933475652 IMP  6582759 81
6933784448 IMP  2736430 13
6933897870 IMP  7237339 367
6933968215 IMP  3893040 70
6934117481 IMP  1565684 5
6934308466 IMP  2524680 55
6934567946 IMP  9815839 243
6934634080 IMP  1515863 5
6934860910 IMP  3235814 29
6934998574 IMP  3976659 24
6935072064 IMP   942097 2
6935212725 Win  1535610 5
6935268657 Win  4309165 30
6935271673 IMP  1479275 7
6935384405 IMP   948798 4
6935619724 IMP  1522727 10
6935653696 IMP  9584303 130
6935669814 IMP  1466098 5
6935703502 IMP  3551106 18
6935857129 IMP 13492723 436
6936156140 IMP  3813590 49
6936174913 IMP  7893859 112
6936247915 IMP  2842784 18
6936586038 IMP   299128 1
6936656091 IMP  1486051 25
6936710556 IMP  3263073 16
6936729397 IMP  2052226 9
6937009041 IMP  6438362 79
6937378019 IMP   539109 2
6937744103 IMP 10066593 318
6937922962 Intractable. 13709554 325
6938124406 IMP  7231434 225
6938151034 IMP  3708827 23
6938182160 IMP  5079036 67
6938328454 IMP  1216823 5
6938464971 IMP  6351007 357
6938554555 IMP  2129301 33
6938613997 IMP   213209 1
6938698564 IMP  1794678 14
6938735576 IMP  3502207 46
6938737472 Win   241003 0
6938858882 IMP  6188706 135
6939060978 IMP  4722113 37
6939179798 IMP   548033 1
6939407572 IMP   901479 4
6939786598 IMP  1864512 8
6940023438 Intractable. 13231077 1004
6940087465 IMP  1952460 8
6940492443 Win  3293906 17
6940804343 IMP  2495635 18
6940828932 IMP  1445022 13
6941055450 Win  4175310 40
6941118513 Intractable. 11553708 295
6941148764 IMP  1001203 7
6941250074 Win  1874229 5
6941253745 IMP  4450656 43
6941376664 IMP   309273 1
6941410378 IMP  2869946 19
6941510645 Win  2952134 23
6941608282 IMP  2389690 10
6941774707 Win   100176 0
6941970423 IMP  2889719 21
6942087738 Intractable. 13545335 449
6942105925 IMP  1745117 10
6942288585 IMP   497600 1
6942288825 IMP  2549386 30
6942365939 IMP  5392409 119
6942426901 IMP  2666205 19
6942635795 Intractable. 14060442 408
6942690715 IMP  4340772 61
6942883972 IMP   789010 5
6943020906 Win  1471286 6
6943253914 IMP  4679331 51
6943437881 IMP  1031617 3
6943657952 IMP  5629815 60
6944026775 Win  1637706 5
6944294769 IMP  7874964 90
6944316172 IMP  1463865 9
6944566156 IMP  1089948 3
6945150999 IMP   642042 2
6945449407 IMP 10811489 470
6945527440 IMP  3103407 25
6945615742 IMP   341816 0
6946049831 IMP  1660984 10
6946092417 IMP  1650973 5
6946115348 IMP  3545578 33
6946292726 Win  1690786 5
6946684470 IMP   583837 2
6946712466 IMP  1421153 14
6946824715 Intractable. 16081494 316
6947377702 IMP  3083110 43
6947460364 IMP   745478 2
6947502566 IMP  2369367 19
6947680953 IMP  5455294 79
6947881231 Win   439928 0
6947913035 IMP  3669545 43
6948239741 IMP  1321735 13
6948301662 IMP  4926632 46
6948337927 IMP 12689638 408
6948467410 IMP  1144691 4
6948513520 IMP  2343198 33
6948563290 Intractable. 11399848 224
6948624920 Intractable. 13843402 389
6949219931 Win  1407975 6
6949246659 IMP  5077648 35
6949267114 IMP  4296276 49
6949278238 IMP   544987 2
6949565522 IMP  5691921 78
6949678672 IMP   253984 0
6949913682 IMP  1931371 8
6949931332 IMP  1454524 6
6949990388 IMP   693108 1
6950940686 IMP  3103853 17
6951277063 Intractable. 12847682 298
6951397634 IMP   442949 1
6951509908 IMP   273981 1
6951518587 IMP  2090458 6
6951554332 Intractable. 15355471 372
6951574424 IMP   190094 0
6951806443 IMP  7826469 99
6951984801 IMP   644334 1
6952009265 IMP  2483483 40
6952118284 IMP  3469354 20
6952353109 IMP  1011383 3
6952354929 Win   555791 1
6952475242 IMP  1944353 10
6952483031 IMP  3550733 23
6952493224 IMP   381987 1
6952847867 Intractable. 12310032 354
6953016446 IMP  8005639 201
6953021035 IMP  3363788 10
6953284292 IMP  1808482 12
6953794894 IMP   837567 1
6953859518 IMP  4435568 119
6954219907 IMP  1138370 11
6954380540 IMP  4829709 74
6954652340 IMP 10461986 182
6954702691 IMP  4313390 51
6954708123 IMP  3052386 18
6955027618 IMP  1400950 5
6955120775 IMP  4355328 31
6955343510 Win  6998823 78
6955375418 IMP  5106065 63
6955602875 IMP  3951572 21
6955693471 IMP  2904207 29
6955704687 IMP  1024086 5
6955956568 Win   562784 1
6956415581 IMP  1352526 3
6956423625 IMP   993996 5
6956806355 Intractable. 13167255 320
6956863615 IMP  2254560 19
6957077467 IMP  1284976 6
6957165273 IMP  2109417 14
6957183669 IMP   530013 1
6957223262 IMP   438636 1
6957246180 IMP  2461813 11
6957991927 IMP  1840034 6
6958121320 IMP  2444978 14
6958122668 IMP   485857 1
6958147779 IMP  1776155 5
6958158324 IMP  1416711 6
6958187450 IMP  2417390 17
6958362899 IMP  3604397 45
6958567463 IMP   431219 1
6958800569 IMP  4127827 45
6958871639 IMP  2625700 22
6959676797 IMP  2351934 23
6959685575 IMP  5537606 60
6959783999 IMP  2631571 24
6960041885 IMP  7070781 252
6960120660 IMP  1737031 8
6960577383 IMP   939851 4
6961035335 IMP  5570212 81
6961312302 IMP  1572360 5
6961391523 IMP  4093756 29
6961400181 IMP  8422208 119
6961460578 IMP  1404876 6
6961603849 IMP   810964 2
6961942623 IMP  6547693 119
6962003416 IMP  3424043 17
6962128514 IMP  5248642 62
6962444241 IMP  3441847 18
6962701563 IMP  1217517 2
6962751561 IMP  1649059 15
6963025086 IMP  2706691 12
6963433490 Intractable. 11306963 302
6963446741 IMP   550848 1
6963468657 IMP  1339834 6
6963546737 IMP 13368673 503
6963627761 IMP  5856567 40
6963998119 IMP  3716080 20
6964102650 IMP 11832191 799
6964234329 Win  2486052 8
6964361015 IMP  3771433 28
6964382808 IMP  9673144 442
6964653245 IMP  9280066 250
6964899938 IMP  1624586 7
6965037224 IMP   653858 3
6965131477 IMP  1168485 2
6965291528 IMP  2109170 10
6965487824 IMP  1279576 4
6965529931 IMP   507083 1
6965577814 IMP  8924618 152
6965606382 IMP  1195830 4
6965611710 Win  2260677 9
6966039068 IMP  2894147 15
6966193127 IMP  8661923 114
6966810436 IMP   746199 1
6967272790 IMP  1152137 6
6967310103 IMP  3115710 18
6967707679 Intractable. 16233465 366
6967754397 Win  5091107 59
6967775230 IMP  2904009 65
6967782867 IMP  1342006 5
6967958879 IMP  3631309 65
6967961698 IMP  7337890 106
6968094516 IMP  8479275 155
6968143824 IMP  1991902 6
6968487835 Intractable. 12411114 377
6968586005 Win  3471153 19
6968689936 IMP   295131 1
6968813701 IMP  5664532 50
6968814025 IMP  1566929 9
6968976479 IMP  4112308 78
6969042724 IMP  1619382 5
6969364825 IMP  6346980 165
6969500918 Intractable. 12260984 250
6969592399 IMP  1143708 3
6969700299 IMP  1146767 4
6969715543 Intractable. 11336055 259
6970231529 IMP  1334132 3
6970280190 IMP   408388 0
6970357198 IMP  2418747 22
6970395770 IMP  1501668 10
6970698831 Intractable. 13656144 274
6970705400 IMP  4818183 36
6970706804 IMP  4191999 34
6970758010 IMP  3050575 37
6970948542 IMP  4296226 28
6971164886 Win  3229559 18
6971217013 IMP  4921519 64
6971345963 IMP  3643657 32
6971493072 IMP  8461975 98
6971552856 IMP  1462986 7
6971585833 IMP  3335122 17
6971712952 IMP  2614588 15
6971937209 IMP  1654259 5
6971954270 IMP  1607707 7
6972088254 Win  6688946 57
6972153173 IMP 12300597 256
6972175495 IMP 11086465 232
6972192344 IMP  4441236 26
6972442761 IMP  4683255 24
6972573503 IMP  4481688 42
6972712119 IMP  2212633 12
6973125626 IMP   476495 1
6973345357 IMP  8588977 227
6973645516 IMP  3614726 27
6973713003 IMP  1346247 3
6973959926 IMP  2970163 29
6973961553 IMP   981107 3
6974322543 IMP  3867084 86
6974721901 Intractable. 12976030 259
6974785135 IMP   862774 3
6974799358 IMP   833168 5
6974877654 IMP  4645885 32
6974924191 IMP   541332 1
6974965427 IMP   838273 2
6975023842 IMP   442917 1
6975056253 IMP   157149 0
6975271809 Win  1062608 4
6975325433 IMP   584194 1
6975404891 IMP  4296801 49
6975420534 IMP  5050012 64
6975598258 IMP   329624 0
6975934666 IMP   688717 3
6976026826 IMP  6646642 104
6976073993 IMP  1135939 4
6976295575 IMP  2338443 9
6976536316 IMP  1086342 2
6976668152 IMP   827132 3
6976924949 IMP  2286105 9
6976955221 IMP  2246803 26
6977097112 IMP   906315 3
6977102285 IMP  1781413 5
6977237104 IMP  3638476 31
6977252942 IMP  1892176 14
6978006598 IMP  4862380 52
6978073103 IMP  4561839 114
6978132200 IMP  1313367 5
6978181588 IMP   848998 2
6978675607 IMP  6423651 156
6978845676 Intractable. 13881403 366
6979144365 IMP  1334017 12
6979306216 Win  7552346 153
6979318444 IMP  1008581 2
6979320492 IMP  2029401 8
6979567029 IMP  3146256 33
6979605095 Win  9464096 221
6979832660 IMP  2328104 9
6980008521 IMP   207464 1
6980302365 IMP   788721 1
6980490185 IMP  3644135 16
6980513836 Intractable. 13073033 320
6980751840 IMP  6914301 164
6980771374 IMP  6031807 73
6980907738 Win  1143892 3
6981086770 Win  1667903 7
6981267730 IMP  3032839 13
6981429946 IMP  1218797 12
6981652269 Intractable. 11088711 298
6981732411 IMP  1741134 8
6981772035 IMP   586056 1
6981838856 IMP  2829059 17
6982442883 IMP  6432301 75
6982483020 IMP  5839968 258
6982483422 IMP  1056533 2
6982517330 IMP  1205903 3
6982618715 IMP  2113559 39
6982622697 IMP   463198 1
6982752290 IMP  8725756 161
6982960478 IMP  4894189 50
6983361125 Win  7695246 199
6983475916 Win  6947839 103
6983893672 Win  8553735 95
6984536305 IMP  1683901 6
6984627054 IMP 10120037 208
6984879178 Win   181835 0
6984924150 Win   233572 0
6985004964 Intractable. 16116960 663
6985267724 IMP  1876588 13
6985552317 IMP  1319432 5
6986306930 IMP  3617731 17
6986518363 IMP  5880869 66
6986564181 Win   837414 2
6986705503 Intractable. 12450430 340
6987019471 IMP   547696 1
6987166986 Win   407178 1
6987679715 IMP 10781042 181
6987875334 IMP  3750403 37
6988038110 Win  4478366 27
6988145868 IMP  4040898 42
6988284934 IMP  1116336 3
6988354988 IMP  9393014 181
6988356625 IMP  4491605 32
6988401098 IMP  3301059 24
6988453105 IMP  2834614 39
6988483293 IMP  2660228 13
6988646207 IMP   866339 5
6988686147 IMP  2695869 34
6989361763 Intractable. 13251148 443
6989369864 IMP  4916909 73
6989396466 Intractable. 14249735 603
6989509419 IMP  1197881 3
6989575490 IMP   138714 0
6989708407 Win  3713840 22
6989832960 IMP  2718348 28
6989914814 Win   146594 0
6990109493 IMP  6128678 71
6990218017 IMP  2910671 12
6991724899 IMP  1180567 5
6991945385 IMP  2278130 8
6992027572 IMP  1127643 5
6992126805 IMP  2414462 10
6992178352 Win  6441676 65
6992315278 IMP  3929663 36
6992766669 IMP  2481523 9
6992857091 IMP  5191118 125
6993092858 IMP   379588 1
6993274136 Win   547323 1
6993587982 Win  2810885 17
6993773181 IMP  1807224 7
6993892707 Intractable. 14991856 237
6994060239 IMP  2523966 25
6994265649 IMP   633139 2
6994984013 IMP  1454571 9
6995225196 IMP  4114984 30
6995430160 IMP   718763 2
6995448364 IMP  2002746 6
6995464072 IMP  3003653 16
6995585586 IMP   885232 4
6996054591 IMP  2651932 33
6996191945 Win  1736625 8
6996242558 Win  2394108 9
6996293450 IMP  2323668 9
6996528174 IMP  6448123 173
6996550103 IMP 10133501 284
6996660861 Win   485636 0
6996761858 IMP  1898793 5
6996779129 IMP 11166269 302
6996840833 IMP  7507279 133
6997061210 IMP 10387901 240
6997195648 IMP   637103 1
6997349086 IMP  1296185 7
6997628764 IMP  6145585 43
6997891975 IMP  1037379 3
6998131143 IMP  3650510 65
6998136375 IMP  2701722 188
6998516334 Intractable. 12241994 332
6998592916 IMP  3351780 28
6998657820 IMP  2031935 15
6999200425 IMP   892419 2
6999258340 IMP  1041110 3
6999462506 IMP  1017884 5
6999570148 IMP  4750946 61
6999811308 IMP  2137272 7
Number of Freecells: 3   Mode: 

Winnables: 78
Impossibles: 603
Intractables: 114
Total time: 23 Hours, 53 Minutes, 2 Seconds
