3750225338 IMP  1408018 7
3750366619 IMP  3379780 27
3750406048 Intractable. 13448023 705
3750436646 IMP  2548630 28
3750592920 IMP  3811412 51
3750625088 IMP   635197 1
3750960376 IMP  2532622 11
3750974914 IMP  1256962 3
3751025977 Intractable. 13783263 427
3751300003 IMP   525657 1
3751334351 IMP  6299680 72
3751554040 IMP  4213039 133
3751759026 IMP  5312615 77
3751768227 Win  7575432 118
3751804593 Win   494253 1
3751881791 Intractable. 13693497 590
3752064715 IMP  3590852 34
3752238787 IMP  1525162 4
3752457195 IMP  1982084 23
3752531381 IMP  2473954 20
3752727851 IMP   303104 1
3753084516 Intractable. 12736521 604
3753109127 IMP  1237691 7
3753188726 IMP  9839736 202
3753194648 IMP   663097 1
3753792637 IMP  1991355 9
3753911560 IMP  3045889 27
3754376625 IMP  2131737 17
3754457504 IMP  2352548 14
3754463461 IMP   784690 5
3754540512 IMP  3432360 38
3754582251 IMP  7119978 112
3754869742 IMP 13169419 279
3754998792 IMP   748859 5
3755040243 IMP  3931966 35
3755133724 IMP  3550520 26
3755151386 Intractable. 12310827 379
3755359140 Intractable. 12560409 348
3755445269 IMP  3321913 28
3755654660 IMP  4554235 45
3755705083 IMP  6019351 84
3756008928 IMP  7203894 67
3756453820 Intractable. 13209705 355
3756472213 IMP  1016602 3
3756523091 IMP 13027645 1175
3756579664 Intractable. 13037674 739
3756727292 IMP  1392649 5
3756802052 IMP  9585325 169
3756825362 IMP  1379403 4
3756865843 IMP   259450 1
3757080246 IMP  2077733 11
3757279831 IMP  4792698 65
3757486317 IMP   414165 1
3757641134 IMP   951344 2
3758161203 Intractable. 12654692 441
3758165643 Win  3730086 47
3758446749 IMP  1382240 7
3758871011 IMP  5149846 85
3759400222 IMP  1045336 4
3759462778 IMP  2084305 39
3759587935 Intractable. 12651501 539
3759746025 IMP  4052796 44
3759781827 IMP  5907737 73
3759896233 IMP   773722 1
3760070666 IMP  1401537 4
3760241863 IMP  4494098 38
3760458465 IMP  1343392 9
3760883755 IMP   976939 3
3760998774 IMP  1706855 5
3761039057 Intractable. 13982966 389
3761357811 IMP   648800 1
3761367082 IMP  3729229 45
3761570918 IMP 10926203 248
3761584379 Intractable. 13218450 416
3761818882 IMP   604622 1
3762033635 IMP   673649 2
3762173731 IMP  1479601 4
3762360840 Win  1418867 4
3762566676 IMP  2693039 25
3762670972 IMP   897598 2
3762713683 IMP   474676 1
3762718029 IMP  2654773 14
3762793595 IMP  6651680 109
3762853549 IMP  4163984 29
3763174191 Intractable. 13741659 606
3763219979 IMP   288617 0
3763336533 IMP  6251621 145
3763466563 IMP  2018052 31
3763497098 Intractable. 13212107 416
3763566119 IMP  4648394 30
3763696038 IMP  3175568 17
3763775800 IMP   787174 3
3763819125 IMP  1937788 16
3764079198 IMP  2152834 13
3764110262 IMP  7024951 122
3764221591 Win   874999 2
3764629266 IMP  9107789 136
3764730118 IMP   698286 1
3764944286 IMP  4027435 97
3765007964 IMP  7915293 198
3765756715 IMP  1488407 7
3765783376 IMP  2550066 13
3765817345 Intractable. 15839811 406
3765828661 IMP  2493801 26
3766113187 IMP   264898 0
3766236787 IMP  1817069 13
3766303123 IMP  3344684 16
3766573170 IMP   599867 1
3766661525 IMP  2868392 20
3766694955 Intractable. 12462915 291
3766738748 IMP  2050724 30
3767123738 IMP  5831632 50
3767393475 IMP  1075222 2
3767754351 IMP  5924946 56
3767908195 IMP  3568456 37
3768396993 IMP  1786488 14
3768468525 Intractable. 13099324 367
3768731795 IMP   731157 2
3768781071 IMP  1062307 2
3769068457 IMP  1477149 11
3769299888 IMP  1564227 10
3769490543 IMP  1648940 8
3769729018 IMP  1000951 3
3769799040 IMP  6086319 74
3769863332 IMP  3404178 22
3769920750 Intractable. 13004610 277
3770008192 IMP  2425011 14
3770036016 IMP  2903471 33
3770829738 IMP  1142614 3
3770885357 IMP  9189672 202
3770937460 IMP   258104 1
3771708100 IMP  1214899 4
3771708574 Intractable. 13849225 420
3771800691 IMP   578001 0
3771939586 Intractable. 12952690 511
3772028556 IMP  1741673 7
3772127073 IMP  4590243 31
3772238493 IMP  1595016 13
3772384370 IMP  4663650 56
3773024777 IMP  2232482 10
3773093309 IMP  2057833 9
3773547732 IMP  1836420 9
3773710518 IMP   506811 1
3773792207 IMP  1145757 4
3773879528 Intractable. 11520196 437
3774107357 Win  1709980 7
3774148863 IMP  5729812 72
3774149440 IMP  1308703 6
3774286551 IMP  3873466 47
3774290555 IMP  5955984 68
3774348417 IMP  4847550 50
3774603379 Win   324313 0
3774688274 IMP   795882 1
3774853995 IMP  2727795 46
3774864031 Intractable. 14633791 485
3774968425 Intractable. 13283541 320
3775102049 IMP  4492927 50
3775442991 IMP   550920 2
3775626109 IMP  4182147 54
3775635846 IMP  3721661 37
3775696001 Intractable. 12302525 304
3775866618 IMP  1114863 3
3776314064 IMP  3019725 15
3776800483 IMP  4025755 25
3776874681 IMP   746172 2
3776901627 IMP  2924790 26
3777330633 IMP  2153822 12
3777373868 IMP  2109786 11
3777762413 IMP  3847006 42
3777867450 IMP  2825127 10
3778350672 Win  1157481 4
3778530142 IMP   843259 2
3778582317 IMP  1105272 4
3778596249 IMP  7228476 128
3778605546 IMP  1625229 10
3778700099 Intractable. 12614631 408
3778948439 IMP   574872 1
3779029714 IMP  1785500 8
3779037407 IMP   702994 1
3779084313 IMP  1688253 8
3779398281 IMP  9214857 205
3779533812 Win  8268983 111
3779741289 IMP  1431000 13
3779953962 IMP   648486 2
3780297823 IMP  4973037 51
3780342135 IMP  5475622 46
3780753521 IMP  1829367 9
3780770778 IMP  2771258 11
3781216218 IMP   688003 1
3781294015 IMP  1078509 4
3781324654 Win  2006555 7
3781407380 IMP  1711245 7
3781437480 IMP  1628907 9
3781533793 IMP  6231381 98
3781826557 IMP  5180591 75
3781937406 IMP  4127309 47
3782005841 IMP   653266 2
3782091880 IMP  1350553 6
3782179696 IMP   583625 1
3782259072 IMP   576835 1
3782401079 IMP  1814834 64
3782558573 IMP  7317120 98
3782810564 IMP  2004851 16
3783059510 IMP   547176 1
3783198134 IMP  5287225 151
3783205186 IMP  3277178 31
3783218795 IMP  1546935 13
3783314723 IMP  2488194 20
3783382799 IMP   530005 2
3783460029 IMP  2958384 20
3783704618 IMP  6255454 84
3784113338 IMP  6546079 107
3784265355 IMP  3711678 23
3784308195 IMP  6443234 116
3784362474 IMP  3328008 16
3784835075 IMP  3924088 46
3784896161 Win  9445769 232
3785103851 IMP   844662 2
3785104177 Win  2890458 20
3785259104 IMP   312014 0
3785301534 Intractable. 12173046 392
3785474846 Intractable. 11910602 407
3785602425 IMP   323899 0
3785720015 Win   790623 3
3785802078 Intractable. 11996267 297
3785970255 IMP  5361496 56
3786118665 IMP  7218741 121
3786184574 IMP   942781 3
3786216717 IMP  4345533 35
3786692070 IMP  2287890 13
3787172044 IMP  2748978 43
3787244698 IMP  3050498 15
3787376283 IMP  1331878 4
3787380338 IMP  4204358 27
3787519008 IMP  3326278 25
3787632157 IMP  4445588 50
3787865896 IMP  1184253 3
3788107404 IMP  1633472 11
3788286742 Win  3469484 17
3788472704 IMP  1223312 4
3788648820 Intractable. 11788084 745
3788726382 IMP  5498606 179
3788839465 IMP  3546675 50
3788863192 IMP  3323650 19
3789185253 Intractable. 14941236 328
3789199959 IMP  3368048 37
3789435074 IMP  2913902 26
3789462398 IMP  9479607 166
3789535921 IMP   315314 1
3789991907 IMP  1562566 6
3790113198 Win   268162 0
3790216257 Intractable. 13234233 519
3790392981 IMP  5318051 69
3790645167 IMP  4344347 59
3790654898 IMP  6046472 94
3790776085 IMP  1986196 15
3790902718 IMP  2496788 20
3791082907 IMP  1358778 5
3791369595 IMP  3265212 23
3791702641 IMP  3004872 30
3791748624 Win  1441090 5
3791802228 Win   386105 0
3791816111 IMP  2690647 17
3792411267 IMP  1492293 7
3792678626 Intractable. 12418216 272
3793389583 Intractable. 13074551 299
3793426569 IMP 11181113 163
3793520151 IMP  2719028 19
3794015663 IMP   842422 3
3794280154 IMP  1847412 6
3794308265 IMP  1629500 13
3794490473 IMP   721597 3
3794642901 Win   510189 1
3794844317 IMP  1241344 6
3795300468 IMP   474165 1
3795496124 IMP  8526436 157
3795608531 IMP   671665 2
3795773462 IMP  5886904 57
3795776647 IMP  8849185 158
3795825018 IMP  4083249 43
3796249182 IMP   981659 2
3796321215 IMP  1959380 10
3796524169 IMP  3123032 30
3796647244 Intractable. 11603387 228
3796716323 IMP   296942 1
3797174806 IMP  9646452 268
3797400748 IMP  1531161 8
3797401013 Intractable. 13168925 772
3797429428 IMP  4431104 39
3797445576 IMP   783580 2
3797684410 IMP  6734809 90
3797811385 IMP   791793 2
3797911144 IMP  4105684 55
3798304920 IMP  1678661 7
3798386356 Intractable. 13758872 348
3798439032 IMP   999423 3
3798517428 IMP   821823 3
3798884747 IMP  2170060 12
3798896744 IMP  1545896 5
3798958023 Intractable. 11286542 416
3799276884 IMP  2400476 12
3799452917 IMP   624112 1
3799534167 IMP  1568070 5
3799703581 Intractable. 10833067 468
3799990873 IMP  3629407 39
3800091607 IMP  1254765 7
3800208419 IMP  5430448 71
3800867396 IMP  1148234 6
3801035206 IMP  4359236 76
3801082139 Win  2270229 12
3801330519 IMP  1464863 4
3801360450 IMP   703363 3
3801398097 IMP  7670340 125
3801734496 IMP   522317 2
3801868833 IMP   733351 2
3802276867 Intractable. 11840091 392
3802325337 IMP   528459 1
3802423443 IMP  4390565 31
3802481808 Win   713299 2
3802597961 IMP   702871 1
3802617331 IMP 10210497 199
3802704897 IMP  8650636 161
3803436059 IMP  1283381 7
3803506204 IMP  1727658 11
3803729460 IMP   989593 4
3803729480 IMP  7910455 213
3803762723 IMP  2787261 12
3803857570 IMP  3089139 27
3804284626 IMP  1988742 9
3804511765 IMP  2644935 27
3804653088 IMP  1629856 18
3804689238 IMP  1263045 5
3804849753 Intractable. 13776135 368
3805352918 IMP  6300203 81
3805584697 IMP  1477214 7
3805844034 IMP  2053555 8
3806037460 IMP 13139229 392
3806149051 Win   909246 3
3806311527 IMP  1592356 5
3806615523 IMP  3580555 42
3806665539 IMP  4201977 50
3806766341 Intractable. 13074950 323
3807023380 Win   747780 1
3807024697 Intractable. 13216189 328
3807097874 IMP  6867892 120
3807228088 IMP  3069726 57
3807272272 IMP  2708882 11
3807466042 IMP  1727000 9
3807468038 IMP  5016437 35
3807514924 IMP  1541711 10
3807644834 IMP  1861028 6
3807932827 IMP 11944218 273
3807992604 IMP   764230 3
3808010768 IMP  1375176 6
3808067336 IMP  2846637 17
3808160617 IMP 12175426 973
3808550854 IMP  6214916 77
3808895908 IMP   465579 0
3809046291 IMP  3059983 25
3809087819 IMP  1699672 6
3809172672 IMP  1274951 3
3809192836 IMP  3599800 48
3809275881 IMP 10537321 242
3809314500 IMP   584647 1
3809465167 IMP  2903979 25
3810029756 IMP  1321293 9
3810055739 IMP  3155275 17
3810198949 IMP 10653382 395
3810275001 IMP  4753002 47
3810392458 IMP  3688721 31
3810758835 IMP   341182 0
3811113456 IMP  3822636 50
3811129740 IMP  1838426 9
3811278254 IMP  6117386 114
3811382039 IMP 10812407 268
3811794639 IMP   564560 1
3812565616 IMP  5953675 61
3812683475 IMP   727049 1
3812880549 IMP  1715384 5
3812910454 Win  5057459 41
3812985712 IMP  3229520 47
3813000666 IMP  1529305 6
3813134114 IMP  2027735 6
3813566573 IMP  1752683 9
3813575396 IMP  3574398 67
3813731509 IMP  1100736 5
3813787783 IMP  5552706 156
3814046489 IMP   498656 1
3814141685 Win   894895 3
3814224762 IMP  2126068 17
3814262142 IMP   568553 2
3814545446 Win   249086 0
3814799583 IMP  1991168 12
3815171814 IMP  3369683 17
3815399656 IMP  1774589 17
3815483763 IMP  3906336 44
3815696521 IMP  6342620 145
3816037191 IMP   416689 1
3816052472 Intractable. 12966174 471
3816268751 IMP  1084173 3
3816377641 IMP  3292327 15
3816574520 IMP  1841730 5
3816621909 IMP  2010909 16
3816734683 IMP   143341 1
3816872576 IMP   602659 1
3816876704 Intractable. 13574418 378
3817303445 Win  1291511 4
3817635451 IMP  4281560 68
3818090585 Win  7483334 117
3818384874 IMP  3230737 24
3818588140 IMP   207408 0
3818909373 IMP  3403281 29
3818914164 IMP  1647863 8
3819943288 IMP  2489219 18
3820142859 Intractable. 13915982 449
3820155089 Intractable. 12466881 294
3820394520 IMP  6228190 87
3820455779 IMP  2950340 20
3820794412 IMP  4572238 24
3821050307 IMP  1726735 6
3821409412 IMP  1382618 7
3821469633 IMP  5628844 78
3821527044 IMP   689504 4
3821610967 IMP  1810635 7
3822013529 IMP   864795 2
3822203017 IMP  2260820 8
3822367426 IMP  3096191 20
3822556361 IMP  9456046 107
3822591054 IMP  2251473 12
3822685530 Intractable. 13234477 382
3822737039 Win  1089466 3
3823048131 IMP  1670967 7
3823680110 IMP  2167274 11
3824127621 IMP  3295128 32
3824310771 Win    77028 0
3824692368 Intractable. 12875614 385
3824968623 IMP  1024318 3
3825070593 IMP  2589392 18
3825094213 IMP 10063446 175
3825118181 IMP 10803721 151
3825369018 IMP  5503145 53
3825378520 IMP  1264586 6
3825572546 Intractable. 13171854 294
3825699100 IMP  1130220 5
3825773940 IMP   992253 2
3825892422 IMP  6461218 110
3825902323 IMP   644267 2
3825994157 IMP  8150021 219
3826162702 IMP   574117 1
3826442914 Win   246799 1
3826491214 IMP  2597619 15
3826685137 Intractable. 14938748 713
3827055573 IMP   326065 1
3827236155 IMP  1161628 2
3827426047 IMP  2666543 27
3827575639 IMP  1656239 4
3827776710 IMP  3182716 19
3827919640 IMP  2764628 13
3827973120 IMP  1868814 7
3828050511 IMP 12159886 447
3828256154 IMP  2794642 13
3828431057 IMP 11139743 252
3828699264 IMP   663751 2
3828709162 IMP 11231009 167
3828779633 IMP  4678870 48
3828869985 IMP  1941318 12
3828982472 IMP  2913286 25
3829254006 IMP  5137503 37
3829942368 IMP  5695737 119
3830016538 IMP  1080402 3
3830239803 IMP  3490369 35
3830266700 IMP   404179 0
3830378538 IMP   653568 2
3830598135 Intractable. 13037060 416
3830631302 IMP  1317241 10
3831071918 Intractable. 13401004 391
3831317742 IMP  3194100 20
3831583204 IMP  1772804 7
3832055277 IMP  5842398 159
3832056720 IMP  3889585 58
3832088109 IMP  2457779 21
3832452670 IMP  2783028 12
3832553459 IMP  2921678 25
3832577751 IMP  1170014 4
3832599585 IMP   498817 0
3832702033 IMP  4748772 29
3832773610 IMP  2690896 22
3832947421 IMP  1615826 11
3833046884 IMP  1314796 4
3833245037 IMP  2685873 20
3833603061 IMP  5496188 96
3833800658 Intractable. 15300062 425
3834030236 Intractable. 13040670 306
3834327447 IMP  1134682 4
3834346202 IMP  2737304 23
3834496399 IMP  2949589 61
3834763809 Intractable. 13718577 410
3834903130 IMP  2784339 19
3835050347 IMP  1703134 7
3835305685 IMP  3901434 30
3835420427 IMP  2353243 8
3835714937 IMP  3241287 17
3835777897 IMP  4159358 27
3836027533 IMP  4809314 54
3836029855 IMP  1671232 9
3836209603 IMP  2056548 7
3836398959 IMP  4330646 42
3836598983 IMP  2176795 23
3837076175 IMP  3384962 24
3837318502 IMP  3820035 26
3837610289 IMP  6607409 163
3837720046 IMP  1766913 7
3837887831 IMP   853826 3
3838231445 IMP  1853499 13
3838383209 IMP   775846 2
3838452500 IMP  1498000 21
3838616136 IMP  2005533 7
3838675372 IMP  4096245 30
3838777751 Win   543602 1
3838807448 IMP  4278144 66
3838933025 IMP  3131099 37
3839029948 IMP  3541637 22
3839364728 Intractable. 11719146 646
3839562623 IMP   983480 3
3839674820 IMP  3183161 24
3839732728 IMP 11241997 210
3839809618 IMP  3100033 30
3839937182 IMP   448740 1
3840322685 IMP  1129395 2
3840429134 IMP  2904078 19
3840430512 IMP   634346 1
3840441696 IMP   758186 3
3840515751 IMP  1241408 5
3840605763 Win   927905 2
3840863459 IMP  1548773 5
3840892100 IMP  9786165 153
3840959022 IMP  4177409 74
3841097929 IMP  6226829 70
3841598086 IMP 10457268 488
3841806449 IMP  3588246 63
3841970654 IMP   362282 1
3842120964 IMP  7147714 85
3842124214 IMP  4687788 57
3842456650 IMP  5655817 56
3842504605 Intractable. 11283715 470
3842598326 IMP  2196260 13
3842960483 Win   661315 2
3843079012 IMP  9265586 134
3843104027 IMP   994536 4
3843192314 Intractable. 12093015 441
3843550724 IMP  4631693 45
3843660466 IMP  1111822 4
3843800354 IMP  5148560 46
3843869878 IMP   868101 3
3843960728 IMP  4158744 51
3844881269 IMP  1253898 3
3845180057 IMP  3274696 20
3845610580 IMP   909726 3
3845691355 IMP  1973668 9
3845804018 IMP  1267120 4
3845861438 IMP  1162174 13
3845952076 IMP  8443516 275
3846174062 Intractable. 12788148 438
3846174282 Win  1031896 5
3846227350 IMP  2007135 10
3846268564 IMP   761219 2
3846283547 IMP  2948587 15
3846472217 IMP  2567088 18
3846652724 Intractable. 12906967 276
3846660589 IMP 11552538 339
3846689461 IMP   920759 2
3846857318 IMP 10612519 284
3846882173 IMP  7052863 183
3846913717 Win  1279759 4
3847115530 Win  2013800 8
3847282541 IMP  2713808 39
3847548842 IMP  3702821 25
3847756049 IMP   576472 1
3847785435 IMP   878722 4
3847946530 IMP  1006233 1
3848324143 Intractable. 14686661 329
3848439245 IMP  1473107 7
3848669469 IMP  6315372 115
3848692794 IMP  1533390 7
3848963790 IMP  9863539 330
3848974881 IMP  4381509 61
3848987763 IMP  2111789 9
3849871894 Intractable. 11564122 362
3850185188 IMP  3833252 32
3850279674 IMP  3129048 48
3850477205 IMP 10248588 181
3850593958 IMP  4133509 30
3851148696 IMP  3155598 55
3851444222 IMP  5438296 73
3851577562 IMP  7770616 112
3851605071 Intractable. 14159193 396
3851822211 IMP   525722 2
3852214168 IMP  1101887 4
3852341616 IMP  2596567 16
3852612905 Win  9373242 193
3852943680 IMP  4040374 47
3853149365 IMP  2355972 11
3853322095 IMP  3706591 27
3853416613 Intractable. 15114989 437
3853818222 IMP  1677468 5
3853867561 IMP  2848879 59
3854031808 Intractable. 12163773 421
3854134679 IMP  2374464 11
3854366041 IMP   766786 3
3854712183 IMP  1249807 2
3854747734 IMP  6526980 147
3855070602 IMP 11282562 222
3855121153 IMP  1488078 6
3855147237 IMP  9819455 180
3855548834 IMP  1053291 10
3855794242 IMP   576261 1
3856235056 IMP  1469179 9
3856350538 IMP  3154101 15
3856596218 Intractable. 10499212 246
3856651275 IMP   918114 2
3856688183 Intractable. 10992332 278
3856709230 IMP  7141227 73
3856709239 IMP  3047604 20
3856803946 IMP  5653547 84
3857145434 IMP   383078 1
3857155939 IMP  1495065 15
3857533140 IMP  2385927 35
3857681497 IMP  3593232 68
3857801121 IMP  3596745 40
3857815809 IMP  8067456 152
3858259765 IMP   778315 1
3858288395 IMP  1151955 6
3858397844 Intractable. 13920133 511
3858908728 IMP  2285718 26
3859321841 IMP  2679595 21
3859536268 IMP  4290627 56
3859775813 IMP  9075372 263
3859909912 Intractable. 13290324 319
3860004894 IMP  7461381 161
3860155254 IMP   700642 1
3860211580 IMP  7123643 167
3860230333 IMP  6214518 58
3860276890 IMP  6908649 92
3860372909 Intractable. 16555564 408
3860382007 IMP  2194331 25
3860640608 IMP  1202315 5
3860803764 Intractable. 13406408 335
3860870401 IMP   982569 3
3861033907 IMP  2651066 21
3861250449 IMP  3226500 19
3861284963 IMP  1970231 13
3861868862 IMP  2522722 17
3862027479 IMP   800778 2
3862215730 Intractable. 11908340 337
3862492226 Intractable. 11278810 329
3862543319 IMP 11051141 198
3862574811 IMP  1658650 7
3862642249 IMP   950621 3
3862710542 IMP  2621297 11
3862909013 IMP  2760715 15
3862940711 IMP   641423 2
3863036072 Intractable. 13330159 429
3863431874 IMP  2399077 14
3863560978 IMP  2107251 10
3864272738 Win  3341406 26
3864423333 IMP  2453520 13
3864438175 Win  2680701 16
3864711093 IMP  1459846 4
3864974168 IMP  1602118 7
3865338597 IMP  5211332 40
3865616728 IMP  1794675 5
3865732121 IMP   755004 2
3865761271 IMP  2248120 10
3865803004 IMP  2905776 17
3865919423 Intractable. 12971022 677
3866052290 IMP  1711435 14
3866112385 IMP  1427472 5
3866300368 IMP  2737184 28
3866438006 IMP  1777351 8
3866500234 IMP  1174493 4
3867227645 IMP  6506865 84
3867369915 Intractable. 14008175 287
3867405006 IMP   745255 1
3867438270 IMP  4286235 80
3867504768 Intractable. 12435914 313
3867563381 IMP  1060813 3
3867855112 Win    69344 0
3868048158 IMP   557623 1
3868089133 Win  5625034 57
3868127699 IMP  1636899 9
3868148215 IMP  5273943 51
3868194446 Intractable. 14652127 292
3868272122 IMP   864242 5
3868353958 IMP   528068 1
3868433518 IMP  2927499 50
3868589709 IMP  1940575 17
3868661373 IMP   758593 3
3868693328 IMP   858139 3
3868721457 IMP  1308477 3
3868850166 IMP  1822402 17
3869166084 IMP  5313014 106
3869354981 IMP  4091573 51
3869375899 IMP   658677 1
3869514531 IMP   385201 0
3869589519 IMP  3549334 25
3869648187 IMP  4603481 41
3869689406 IMP  4583706 55
3869774547 IMP  2260732 10
3869802377 IMP  6371815 151
3869803055 IMP  4690615 49
3869915389 IMP  2624841 16
3870449398 IMP  2300877 10
3870505309 IMP   614415 1
3870960334 IMP  7836764 153
3871060598 IMP  2399879 27
3871302771 IMP  4163928 29
3871328529 IMP  2110407 8
3871520152 IMP  3386203 19
3871617575 IMP  8647916 202
3871806521 IMP   849850 4
3871998243 IMP  2970788 15
3872588303 IMP  4196868 51
3872623321 IMP  4954702 59
3872749512 IMP   578739 5
3872812201 IMP  2700202 13
3872816782 IMP  2649315 19
3872896170 IMP  6176008 60
3872982105 IMP  1880352 13
3873114052 IMP  5660271 144
3873181140 IMP   328393 1
3873470416 IMP   971103 5
3873841430 IMP  1309485 3
3873853244 IMP   695253 2
3873953678 Intractable. 12561435 294
3874087382 IMP  3539150 24
3874127212 Intractable. 15482533 533
3874170106 IMP  5029673 51
3874416958 Win  3018552 14
3874740016 IMP  4522377 34
3874913185 IMP  1509941 7
3875243218 IMP  6064301 70
3875495231 IMP  1583520 6
3875819938 IMP  1382492 14
3876200577 IMP  1789100 8
3876737586 Intractable. 12932663 514
3876976186 Intractable. 16679566 344
3877241886 Win  5692313 91
3877286834 IMP  5471652 400
3877332001 IMP  2706509 29
3877339180 IMP   663655 1
3877457276 IMP 13304559 464
3877675445 IMP   857321 2
3878134193 IMP  1486621 5
3878146258 IMP   334938 1
3878155325 IMP   699752 1
3878250564 IMP   405167 1
3878268808 IMP  6184685 84
3878288391 IMP  3974170 52
3878289074 IMP  3575131 45
3878305885 IMP   292926 1
3878343223 IMP 10385965 202
3878387560 IMP   269992 0
3878508406 IMP  3801792 32
3878521320 Win  1565825 5
3879383351 IMP  9737494 140
3879525510 IMP  2844229 23
3879560069 Win  2079927 8
3879668201 IMP  4894731 40
3879735417 Intractable. 11170079 295
3879751260 IMP  3112805 25
3879782806 IMP  2932641 41
3880368460 Intractable. 13194674 311
3880397321 IMP  1929676 14
3880610542 IMP  4250009 41
3880645083 IMP  1738285 12
3881044674 Win  5203107 52
3881071058 Intractable. 12443010 371
3881439562 IMP  1149378 4
3881928050 IMP  2023296 18
3881980542 Intractable. 12472792 312
3882462893 IMP  5747243 54
3882550729 IMP  1030527 2
3882669494 IMP   408008 1
3883010234 IMP  1140621 4
3883106364 IMP  2258073 12
3883273922 IMP  2348191 9
3883463707 IMP   775168 4
3883503292 IMP  3041206 13
3883616739 IMP  1595312 6
3883730304 IMP  8439416 113
3883850685 IMP  3885599 31
3884027524 IMP   807633 3
3884077005 IMP  1248855 3
3884133451 IMP  1405695 7
3884168925 IMP  2224069 14
3884308301 IMP  2814197 25
3884600790 IMP  2087890 13
3884697840 Intractable. 12337070 347
3884798533 IMP  1119607 6
3884890363 IMP   935494 3
3884965558 IMP  5128267 62
3885332568 IMP  4710944 79
3885630587 IMP  2178940 12
3885689824 IMP  6575173 93
3885745494 Intractable. 14774664 294
3885934593 IMP 11972424 1040
3886077202 IMP  9684972 323
3886102561 Intractable. 12480915 344
3886211817 IMP  1094058 18
3886475733 Intractable. 12783359 330
3886733185 IMP  1034140 2
3886746545 IMP  4164518 82
3886766820 IMP  1354437 6
3886922914 IMP  1891648 13
3886967018 IMP  3685360 35
3887151592 IMP  4596397 48
3887404613 Win  4897882 64
3887526060 Intractable. 15137886 365
3887705754 IMP   440354 1
3887707905 IMP   957580 3
3887875868 IMP  2531031 17
3887966644 Intractable. 11966296 360
3887998474 IMP  2876296 24
3888081231 IMP   623296 2
3888337901 IMP  5421637 58
3888403779 IMP  7325579 131
3888446406 Intractable. 11401321 324
3888543256 IMP  2257983 10
3888614292 IMP  1364571 4
3888925510 IMP  4745488 36
3889928212 IMP   891990 4
3889981247 IMP  2490062 17
3890121258 IMP   582906 3
3890663319 IMP  4159781 46
3890777235 IMP  1525962 27
3891023376 Intractable. 13350840 275
3891048698 IMP  5005029 89
3891136153 IMP  2687074 15
3891658100 IMP  1810528 8
3892040420 IMP  4378123 46
3892324930 IMP  2717009 21
3892408807 IMP  3812999 42
3892658118 IMP  4142569 36
3892707911 IMP  4470156 78
3892714261 Intractable. 12969410 675
3892727167 IMP  3659849 22
3893273347 IMP  6753195 114
3893321928 IMP   744891 3
3893422395 IMP  3508403 24
3893430822 IMP  3680790 35
3893495284 IMP  2760584 14
3893826005 IMP  7623071 215
3893906094 IMP   373152 1
3893979407 IMP  3461982 32
3894182994 IMP   391997 1
3894409584 IMP  1461269 7
3894483480 IMP  1639894 6
3894533715 IMP 12720568 592
3894681350 IMP  1368547 4
3894906397 IMP   634557 1
3895000704 IMP  7624328 176
3895779496 Intractable. 12260156 557
3896072894 IMP  1387187 5
3896087756 IMP   927713 4
3896581233 IMP  1538085 7
3896645763 Intractable. 14503088 619
3896694605 IMP  8401042 195
3896816419 IMP   381675 2
3896972719 IMP  1143130 4
3897056816 IMP  1047951 3
3897163843 IMP  4992191 96
3897198996 IMP   329209 1
3897414527 Intractable. 12546487 445
3897417397 IMP  3836621 40
3897506949 Win  2576253 11
3897611406 IMP  3352020 55
3897738003 IMP  3978421 51
3898012164 IMP  1640531 5
3899137272 Intractable. 12677775 401
3899212267 IMP 12289464 225
3899422484 IMP   530509 1
3899511478 IMP   435127 1
3899530693 Win   348994 0
3899623042 IMP   947425 7
3899866952 IMP  2817746 19
3900102163 IMP  8006378 259
3900395704 IMP  5791545 62
3900426897 IMP  6287000 109
3901145143 IMP 10471510 138
3901386902 IMP  2679489 32
3901428353 IMP  2391267 13
3901736711 IMP   677952 1
3901876798 IMP  3452221 47
3902280618 IMP   650904 1
3902440512 IMP  8045234 200
3902473345 IMP  7084712 94
3902474487 IMP   528151 2
3902499335 Win   631630 1
3902936985 IMP  1390384 7
3903031784 IMP   892993 3
3903058305 IMP   675639 2
3903126960 Win  5800523 85
3903220938 IMP  1076340 4
3903286526 Intractable. 11617334 643
3903383981 IMP  4749526 50
3904457860 IMP  3608790 23
3904733392 Win  6116394 75
3905170727 Win  2286775 9
3905232576 IMP   893792 4
3905771824 IMP  2048745 11
3905887761 IMP  5490390 69
3906504832 IMP  3329150 40
3906615582 Intractable. 12223453 377
3906919313 IMP  1381484 10
3907180402 IMP  2367346 15
3907508656 IMP  3185334 15
3907766559 IMP  3135491 22
3907941818 IMP 10092645 147
3908098016 IMP  1744769 7
3908329729 IMP  1992163 11
3908396619 IMP  4781425 57
3908708480 IMP  3887420 20
3908844776 IMP  3713403 42
3908855493 IMP  9149977 147
3908950169 IMP 12814609 294
3909119310 IMP  2140716 11
3909435684 IMP  4514638 43
3909662384 Intractable. 12440200 357
3909719440 IMP   447707 1
3909809102 IMP  2175960 15
3910131157 Win  8330470 193
3910219177 IMP  3206057 18
3910508346 IMP  1166898 5
3910547541 IMP  2359028 16
3910596110 IMP  3884274 30
3911037168 IMP   264864 1
3911084113 Win  1605238 7
3911124476 Win  7382422 256
3911151809 IMP  1322959 5
3911416059 IMP  3382839 21
3911645906 IMP  2002801 7
3911719840 IMP   956356 3
3911797198 IMP  4715228 64
3912114926 IMP   531949 1
3912133270 IMP   756998 2
3912564737 IMP  1252191 5
3912643701 IMP  2299359 9
3912880368 IMP  1026213 4
3912898789 IMP  1466871 9
3912907420 IMP   739706 2
3912936625 IMP  2179551 38
3913615207 IMP  2783495 21
3913747376 IMP  5598795 208
3913775514 IMP  7235409 129
3914052752 IMP  9695629 390
3914056032 IMP  1824057 7
3914106741 Intractable. 13376687 416
3914330865 Win  1197547 7
3914551605 Win   799807 2
3914600152 IMP   842905 2
3914617929 IMP   467737 1
3914923124 IMP  2757896 10
3914940158 IMP  1451071 7
3915324698 IMP  1534298 14
3915347237 IMP  1375344 6
3915354483 IMP 13370346 336
3915406035 Win  1863626 6
3915458377 Intractable. 12865547 703
3917004263 IMP  2580878 23
3917085362 IMP  5762468 68
3917125455 IMP   553618 2
3917170907 IMP  1674256 5
3917173757 IMP  4847374 52
3917175554 IMP  4990166 54
3917331874 IMP 12514502 403
3917374974 IMP  6054158 145
3917413663 Intractable. 12566281 473
3917488297 IMP  1653767 9
3917562286 IMP  2271683 12
3917577991 IMP  2889765 23
3917643238 IMP  3325294 27
3917689723 IMP  1781601 17
3917757529 IMP 11521788 250
3918026051 IMP  2486842 11
3918290418 IMP  2761111 16
3918755130 IMP  2267927 14
3919258201 IMP  4290325 33
3919338064 IMP  1381372 6
3919366520 IMP  3439274 36
3919389610 IMP  8969982 226
3919428706 IMP   238423 0
3920101832 IMP  5283446 159
3920238139 IMP  1613307 9
3920269980 IMP  3608867 33
3920355431 IMP  3413153 37
3920527302 Intractable. 12066737 571
3920842095 IMP  2188467 14
3920931451 IMP 10665598 209
3920969749 Win  1858248 7
3921631584 IMP  3155533 22
3921949476 IMP  3084622 16
3921965607 IMP  1978725 18
3922125067 IMP  1762751 9
3922213536 IMP  4037797 27
3922238202 IMP   419206 1
3922303921 IMP 10470072 254
3922837438 IMP  1135088 3
3923839482 Win  1217968 3
3924238178 IMP  6490790 83
3924460697 IMP  1866636 37
3924857178 Intractable. 13214474 268
3924932879 IMP  2109103 10
3925019865 IMP  6837709 138
3925067688 IMP  3098645 31
3925245070 IMP   877376 4
3925383913 IMP  1156252 2
3925430618 IMP  7058462 115
3925867276 IMP  1175441 6
3926069909 IMP  2537738 17
3926081935 IMP  3640782 24
3926312094 IMP   892737 2
3926377138 IMP  3068579 20
3926503221 IMP  4662427 66
3926618690 IMP  2427540 13
3926809413 IMP  3623943 23
3926945601 Intractable. 12014629 349
3926984503 IMP 10651818 944
3927070448 IMP  3409137 77
3927114596 Intractable. 12886084 363
3927400938 Win  4902962 51
3927615977 IMP  6763420 118
3927714989 Intractable. 13395861 497
3927831302 IMP  1507929 6
3927871843 IMP  4765918 41
3927975908 IMP  2442439 11
3927986712 Win  4037465 37
3928456728 IMP 10374635 261
3928465769 IMP  6248886 54
3928744455 IMP  1666746 12
3928849498 IMP   639897 1
3928879872 IMP  1656984 6
3929012944 IMP  3349027 27
3929275644 Win  3177243 15
3929289852 IMP  3266464 28
3929393535 IMP  4786532 80
3929564950 IMP   877332 4
3929672906 IMP  2011528 7
3929718637 IMP   700484 2
3929922554 IMP  5353416 96
3930080915 IMP   940748 3
3930158695 IMP  3466316 48
3930205615 IMP  1577345 5
3930467477 IMP  1825329 8
3930688499 IMP  3839883 24
3930802099 IMP  6147646 85
3930819431 IMP  2129401 28
3931114830 Intractable. 13453680 490
3931496839 IMP   905383 4
3931640977 IMP   374631 0
3931784983 Win  1721535 8
3932089575 Intractable. 14733325 411
3932499207 Win   818083 1
3932836387 IMP   518229 1
3932961162 IMP 10758702 363
3933202292 IMP  1842375 10
3933323214 IMP  4574104 37
3933768726 IMP   552062 1
3933883137 Win  2731564 16
3934291254 IMP  3027994 22
3934301989 IMP  3410009 23
3934519724 IMP  7202629 103
3934627743 IMP   358923 1
3934765339 IMP  4747655 69
3935002474 IMP  1748578 10
3935103476 IMP  1828329 23
3935172353 IMP  1037861 5
3935189864 IMP  1253410 12
3935347604 IMP  4148308 84
3935561304 IMP  3892515 32
3935856716 Win  7379413 98
3935981188 IMP  3411799 31
3936205644 IMP  6254432 143
3936306604 IMP  5310078 59
3936533460 Win  3041795 13
3936576248 IMP  1702865 7
3936591226 IMP  3722734 64
3936746822 IMP  4100543 59
3937086236 IMP   418188 1
3937187763 IMP  1781697 10
3937202677 IMP  6874408 137
3937257138 IMP   645554 2
3937398109 IMP   831163 2
3937404345 IMP  2495681 31
3937537739 IMP   833318 4
3938204842 Win  2793075 13
3938251285 IMP  1598125 4
3938453471 Intractable. 13186141 492
3938473625 IMP   726671 3
3938477951 IMP  1407096 6
3938702776 IMP  3110855 22
3938726206 IMP  2284983 31
3938882477 Win  1575289 4
3939092874 IMP   895361 2
3939271004 IMP  2504440 18
3939359911 IMP  7055841 149
3939433395 IMP  3497741 27
3939513288 IMP   582848 1
3939749879 IMP   222669 0
3939830276 IMP  3204462 25
3940346356 IMP  1310211 6
3940489561 IMP  4481891 113
3940837168 IMP   833464 2
3941063858 IMP  3327936 29
3941186858 IMP  9619884 277
3941247901 IMP   486754 2
3941511328 IMP  1024565 3
3941723076 Intractable. 13273169 304
3941758398 Win   407714 1
3941828777 IMP  4215833 29
3942112401 IMP  2903931 35
3942221880 IMP  3719898 27
3942231924 IMP  1512304 8
3942289093 IMP  1474771 10
3942692543 IMP   588907 3
3942912979 IMP  1620568 10
3942930219 IMP  1875656 13
3942971246 IMP   808943 4
3943064844 Intractable. 12580798 370
3944004796 IMP  2948356 24
3944035405 IMP  3957904 37
3944482266 IMP  2785005 22
3944627243 IMP   276875 1
3944648945 IMP   583894 1
3944702431 IMP   381881 1
3945390257 IMP  3783312 41
3945416503 Win  3870948 22
3945449944 Win  1687414 5
3945566277 IMP  2242023 14
3945585916 IMP  3425633 15
3945604233 IMP  8401052 243
3945628059 IMP  3845081 60
3945728010 IMP  2155483 15
3945827116 IMP   281155 0
3945986653 Intractable. 13675763 596
3946086882 Intractable. 12469568 260
3946604682 IMP   365330 1
3947142115 IMP   365929 0
3947203505 IMP  1282705 5
3947205621 IMP  2644925 14
3947343426 IMP  1366250 5
3947640950 IMP  4253086 75
3947744143 Win   555726 1
3947858191 IMP  3690440 23
3947919958 IMP  5785984 48
3947962581 Win  1796926 15
3947964970 IMP  1049571 4
3948042677 IMP  3789117 24
3948315752 IMP  3790793 24
3948392327 IMP  1024355 5
3948470557 IMP  1678653 8
3948539912 IMP  4784099 52
3948601931 IMP  5523633 101
3948797785 IMP  5832051 109
3948935083 IMP  2444590 15
3948936796 IMP  1347053 5
3948972234 IMP  2818860 17
3949056494 IMP  7173970 90
3949064272 IMP 10221407 306
3949094976 IMP   421418 1
3949277377 IMP  1034534 2
3949596824 Intractable. 12938644 286
3949693989 IMP  3302818 19
3949883060 IMP  4110248 108
3949968455 IMP  4768846 58
3950100269 IMP  8041284 128
3950564367 Intractable. 13239120 304
3950662300 IMP  1080487 2
3950978802 IMP  4655040 42
3951049867 IMP   946781 4
3951224961 IMP 10868378 303
3951267227 IMP  1414959 18
3951300375 IMP  1176956 4
3951589077 IMP  1696030 7
3951631857 IMP  1354141 3
3952185440 IMP 11027141 271
3952197088 IMP 12127410 330
3952202875 IMP  7375213 201
3952349603 IMP  3936510 45
3952395041 IMP  3429680 19
3953106088 IMP  2096277 10
3953297457 IMP  1859733 9
3953460263 IMP 10035082 170
3953534355 IMP  2999515 9
3953830457 IMP 11710648 256
3953935543 IMP  3113065 26
3954015299 IMP   984771 4
3954150914 IMP  6348511 73
3954153975 IMP  6432184 64
3954273714 IMP   151680 1
3954486568 IMP  4432713 37
3954719850 IMP   218543 0
3954770329 Win  2393368 12
3954774894 IMP  3081231 20
3954887170 IMP  2267523 14
3954942113 IMP  2420860 8
3955034877 IMP  1660666 5
3955117797 IMP  1687373 11
3955275564 IMP  2515138 15
3955275750 IMP 10859800 203
3955279935 IMP  2986391 40
3955433077 IMP  2073052 9
3955454940 IMP  4613030 29
3955674079 Win   743210 2
3955778659 Intractable. 13490853 246
3955975684 Intractable. 12346827 310
3956214538 IMP  1267962 4
3956740775 IMP  1580836 4
3957129565 Win  4609581 26
3957610322 IMP   921982 3
3957663291 IMP  1123054 5
3958027365 IMP  2841548 23
3958079856 IMP  3224069 18
3958368388 Win  3149618 12
3958465910 IMP  4131226 26
3958471316 IMP   648311 2
3958638121 IMP   906643 1
3958822497 IMP  1639086 6
3959454342 IMP   240209 0
3959465855 IMP  1029967 2
3959665552 IMP  2946465 28
3959731964 IMP  6401944 70
3959743479 IMP  3459000 29
3959847929 Intractable. 13269335 280
3959903867 IMP  7024366 176
3960036088 IMP  9507808 144
3960047129 IMP   412300 1
3960499026 IMP  2313528 10
3960908167 IMP  9411988 155
3961004536 IMP  2902271 9
3961184414 IMP  3943517 27
3961357649 Win  3077525 18
3961393508 IMP  2702462 10
3961506457 IMP  3106449 22
3961653326 IMP 13107678 239
3962076313 IMP   776230 1
3962388317 IMP  3788875 39
3962598098 IMP  1856748 20
3962610783 IMP  6600980 69
3962907603 IMP  2301905 7
3963148286 IMP  8553146 202
3963226650 IMP  5733561 55
3963254565 IMP  1541539 3
3963318796 IMP  1044304 4
3963363345 IMP  6940461 105
3963744745 Win   273241 0
3963934930 IMP  1810309 8
3964301626 IMP  1671925 15
3964535564 IMP  4218253 37
3964931348 IMP  7525818 96
3965291387 IMP  1300398 3
3965448427 IMP  2055178 8
3965842344 IMP 10302297 152
3966077718 Intractable. 12693235 352
3966155757 IMP   753034 2
3966227304 IMP  4045041 24
3966387956 Intractable. 11926858 628
3966521540 IMP  3362645 22
3966710016 IMP  1140185 4
3966789599 IMP  7276842 104
3966965262 IMP  3605903 18
3967001386 IMP  4128441 30
3967168591 Intractable. 12126766 430
3967433044 IMP  2878796 20
3967820156 IMP   543952 1
3968170279 IMP   637956 2
3968369068 IMP   817756 3
3968387050 IMP   590599 2
3968626672 IMP  4205496 20
3969063814 IMP  8849720 259
3969197231 IMP   827548 2
3969393542 IMP   373054 1
3969394824 IMP  1800150 7
3969477153 IMP  1390295 3
3969794254 IMP   488186 1
3969812177 IMP  1694724 7
3969905749 IMP  1282405 4
3969932313 IMP  4044593 36
3970179989 IMP  2569939 42
3970372599 IMP  1036546 2
3970395040 IMP  1613184 6
3970930661 Intractable. 12855436 521
3971050765 IMP  5030158 64
3971351875 IMP  1836474 7
3971377082 IMP  1803633 7
3972011634 IMP  2898267 31
3972041205 IMP  1965790 12
3972390349 IMP   940194 5
3972602272 IMP  8975254 116
3972764635 IMP  3159905 16
3972767035 IMP   896365 4
3973061206 IMP  6905623 102
3973244492 IMP  2835967 14
3973366581 Intractable. 13572829 354
3973511572 IMP  2798678 14
3973553101 Intractable. 12352906 285
3973789738 Intractable. 12103618 284
3973978826 IMP  2268991 9
3974289818 IMP  2090609 14
3974307803 IMP  1242492 5
3975029647 IMP  8272669 250
3975446556 IMP  3331541 38
3975623750 IMP  5948992 60
3975879694 IMP  9605038 121
3975914248 IMP  2209059 19
3975931382 IMP 10998423 139
3976295024 Intractable. 12962560 418
3976379836 IMP  2460038 21
3976407425 IMP  1930411 6
3976464188 IMP  2360659 23
3976778720 IMP  3903299 42
3977009273 IMP  1897704 14
3977056760 IMP  1464079 6
3977197856 Win   989764 3
3977341422 IMP  2874909 27
3977563534 IMP  1345635 5
3977573740 IMP  2394327 17
3977795171 IMP  3694869 26
3977834769 IMP   778194 1
3977985282 IMP 10960164 282
3978031448 IMP  1716401 5
3978531556 IMP   156201 0
3978548002 IMP  2699672 20
3978617726 IMP   641149 10
3978804880 IMP  5339929 153
3978873054 IMP  2620065 8
3978998969 IMP  2595897 30
3979076920 IMP  9630821 212
3979085549 IMP  9232814 278
3979186814 IMP  1033199 2
3979226666 IMP  4401295 44
3979624203 IMP  2463505 11
3980380596 IMP  4957034 59
3980425207 Win   387214 0
3980789505 IMP  9959430 111
3980899213 IMP  1536739 3
3981035305 IMP  9633122 150
3981099843 Win  2950533 17
3981251080 IMP   659655 2
3981304565 IMP 12742254 333
3981593862 IMP   905055 3
3981599942 IMP  2330497 12
3981622233 IMP    90447 0
3981996481 IMP  1206807 4
3982550208 IMP  1351607 6
3982596095 IMP  2851662 18
3982653246 IMP  2204298 10
3982898040 Intractable. 13701287 246
3983417201 IMP  3159432 25
3983470390 IMP  2914911 17
3983774376 IMP  5324405 56
3983837029 Win   818707 2
3983982939 IMP  5406053 38
3984209954 IMP  1222209 5
3984471412 IMP   696553 2
3984599393 Win  1607333 6
3984861698 IMP  5322542 74
3985062743 IMP  6532023 114
3985133783 IMP   871427 4
3985194958 IMP  1688762 14
3985238798 IMP  5015685 49
3985459752 IMP  2158033 11
3985736994 IMP   730588 2
3985792023 IMP  8178790 148
3985893799 IMP  2159841 10
3986140472 Win  3588570 22
3986192859 IMP  5004251 58
3986251852 IMP  1415258 10
3986452387 IMP  5073732 52
3986511596 IMP 11672936 287
3986511750 Intractable. 14260777 431
3986614094 Intractable. 12623554 299
3986796661 Intractable. 13888157 463
3987004409 IMP  5966112 99
3987014441 Intractable. 14281927 488
3987015749 Intractable. 12630621 275
3987100638 IMP  4136376 25
3987307723 IMP  3953576 29
3987323262 IMP   228374 0
3987460328 IMP   539663 2
3987464582 IMP  3978142 65
3987519575 IMP   689524 2
3987835279 Intractable. 12596426 279
3987983497 IMP  2374545 13
3988266984 IMP  9417981 346
3988617492 Win   283114 0
3988738245 Intractable. 12322548 951
3989090548 IMP  1674895 6
3989343861 IMP 11067628 305
3989393658 IMP  9269200 158
3989432232 IMP   734220 3
3989718980 IMP  2754014 20
3989888896 IMP  4299248 36
3989980540 IMP  4053215 72
3990000294 IMP  1690493 13
3990299496 IMP  2868141 17
3990724078 IMP  8197870 149
3990773590 IMP   583940 4
3990868229 IMP  9037843 190
3990917362 IMP  1820316 6
3991027496 IMP  3800000 52
3991195815 Win  2185048 8
3991278952 IMP   505119 2
3991450080 IMP  1558268 5
3991499631 IMP   531379 2
3991939892 IMP  1384813 5
3992189853 IMP  3257287 31
3992217632 IMP  1413936 7
3992248309 IMP  9355943 167
3992491434 IMP   482814 1
3992615463 IMP  4912807 78
3992651703 IMP   754656 1
3992676966 IMP  3632704 24
3992779731 IMP  1993149 8
3992992015 IMP   623449 1
3993141504 IMP  9035070 179
3993248093 IMP  1983259 10
3993289665 IMP  6108777 249
3993554191 IMP  3164691 23
3993845775 IMP   842812 2
3994131800 IMP  4001415 37
3994201998 IMP  1307669 6
3994206824 IMP  1603835 4
3994215843 IMP  6028562 70
3994460720 IMP  1896360 8
3994600982 IMP  1168802 3
3994861245 Intractable. 11556720 357
3995175880 IMP  1102381 3
3995183571 Win  4079275 26
3995429937 IMP  7188355 84
3995572031 IMP  6977022 88
3995643890 IMP  1014387 3
3995723862 IMP  1805746 7
3996023864 IMP  4623138 38
3996488516 IMP   925792 4
3996628710 IMP  1293324 5
3996749873 IMP  7984084 161
3996807610 IMP  3239647 15
3997137838 IMP   887381 3
3997183149 IMP  1474249 4
3997258486 IMP  1731514 5
3997944586 IMP  3238098 21
3997982246 IMP  6530093 131
3998427842 IMP  1744187 12
3998799691 IMP  3074790 13
3998897446 IMP  2879978 37
3998957259 Intractable. 14373688 281
3999135057 IMP  2626519 17
3999259388 IMP   604575 3
3999547224 IMP   799586 4
3999736340 IMP  1494897 6
3999771249 Win  5892471 179
3999965022 IMP   565822 1
Number of Freecells: 3   Mode: 

Winnables: 92
Impossibles: 1230
Intractables: 140
Total time: 32 Hours, 47 Minutes, 4 Seconds
