5000056391 IMP  2449547 16
5001012574 Intractable. 12965850 373
5001132564 IMP   446575 0
5001268606 IMP  1530753 9
5001304486 IMP  4778712 78
5001500088 IMP  2648479 16
5001577632 IMP  4025139 156
5001891660 IMP  3363372 17
5002044562 Win  1151837 3
5002112647 Intractable. 13010264 388
5002394584 IMP  7146819 247
5003726209 IMP   710401 2
5003750974 IMP  2889059 32
5003771902 IMP  4428235 49
5003821498 IMP  2094187 6
5003895591 IMP  2926368 18
5003992306 IMP  1539054 5
5004673919 IMP  2101921 11
5004685699 IMP  2826915 25
5004868601 Intractable. 13007622 301
5005183415 IMP  2870349 17
5005342544 IMP  3585352 34
5005772791 IMP   918326 2
5005856472 IMP  2161486 17
5005926464 IMP  7319151 96
5006000260 IMP   578098 1
5006005893 IMP  7689802 138
5006118368 IMP  1439739 6
5006139375 IMP 10301593 180
5006168949 IMP  4398939 79
5006207863 IMP  1525503 5
5006247906 IMP  1834456 9
5006296841 Win  3655625 24
5006658119 IMP   707062 1
5006667086 IMP  8962709 177
5006673801 IMP  2172916 17
5006957197 IMP 10825890 470
5006976218 IMP  2907090 31
5006998851 IMP  2156618 14
5007105013 IMP  2165699 14
5007157155 IMP  1474386 5
5007162316 IMP  3849506 74
5007561606 IMP  3802347 26
5007596816 IMP  1551111 9
5007871077 IMP  1096149 3
5007885059 IMP  9268251 317
5007914929 IMP 14710758 331
5008085425 IMP   510793 0
5008722107 IMP 12353159 645
5008753127 IMP   985379 2
5008811734 IMP  6331486 79
5008852804 IMP   956975 6
5008890412 Win  4695336 42
5008962084 IMP  1307884 3
5009037294 IMP  2610756 21
5009444568 Win  1649071 10
5009481014 Intractable. 13564582 554
5009553664 IMP  4424656 57
5009886545 IMP  2160311 36
5010213016 IMP  2285134 11
5010216329 IMP  3272942 26
5010567255 Win  2924944 15
5011006573 IMP  1055576 3
5011143594 IMP  5706154 58
5011621310 IMP  8095701 189
5011655259 IMP  9385428 217
5011713324 IMP   784446 2
5011773510 IMP  4260589 68
5011820675 IMP  7221293 176
5011907977 IMP  1674146 6
5012113506 IMP  5735803 96
5012229467 IMP 10555649 295
5012587052 IMP   229324 0
5012707601 IMP 11536766 202
5012825429 IMP  1575270 3
5013101763 Win  1382072 6
5013157357 IMP 10278551 203
5013278958 IMP   794211 2
5013303216 IMP  4545401 48
5013422347 IMP  1560150 8
5013440179 IMP  5525637 90
5013460811 IMP  7427583 81
5013504601 Win   688498 2
5013925809 IMP  5002789 87
5014071811 IMP  1774916 18
5014078203 IMP  1404923 8
5014431718 Win   449808 1
5014574005 IMP  2954416 27
5014688604 IMP  3286409 26
5014832383 Intractable. 10704132 306
5014872520 Intractable. 11346351 341
5015040095 IMP  2642346 22
5015432635 IMP  1894082 7
5015468576 IMP 12523922 294
5016234619 IMP  1796846 9
5016565509 IMP  2175641 11
5016648835 IMP   599117 1
5016708570 Win   665766 1
5016924740 Win   459401 1
5017039224 Intractable. 14558550 629
5017213119 IMP  7228080 279
5017288731 IMP  1786580 7
5017852820 IMP  2606146 24
5017993969 IMP   612047 1
5018042290 IMP  7753199 125
5018161652 IMP  1940750 12
5018234294 IMP  1070438 5
5018666304 Intractable. 12904077 501
5019329757 Win   846247 3
5019710054 IMP  1852156 10
5020071921 IMP   609941 2
5020188082 IMP  3585451 31
5020380277 IMP  2354975 10
5020620010 IMP  1321802 7
5020689379 IMP   685182 2
5020750776 IMP  1739056 7
5021671136 IMP  1305044 5
5022058614 IMP   887335 2
5022077450 IMP  5051370 56
5022177596 IMP  4743024 38
5022378535 IMP  1424131 13
5022397846 IMP  2495280 21
5022784997 IMP   761715 2
5023187716 IMP 12138483 297
5023197267 Intractable. 12123481 372
5023611691 IMP  1173259 5
5023676478 Intractable. 12930136 436
5023701458 IMP   788498 2
5023881686 Win  3245089 20
5023924543 IMP  3114989 86
5024294451 IMP  1172358 4
5024848048 IMP  6896190 151
5025608509 IMP  7550339 117
5026031911 Intractable. 12419525 381
5026107824 IMP  4525879 51
5026376486 IMP 11960121 304
5026605192 IMP   970045 2
5026712230 IMP  2891953 29
5026777636 IMP   451860 0
5027156992 IMP  9568148 285
5027222125 IMP   655732 2
5027933060 Win  1085421 3
5027937666 Intractable. 13265991 400
5028080258 IMP   828149 2
5028244113 IMP   550723 1
5028446909 IMP  1785302 18
5028595156 Intractable. 11436148 308
5028680258 Win  1366192 3
5028865438 IMP  3234544 27
5028954403 IMP  1675550 15
5029103649 Win  2944530 19
5029138929 IMP  1757748 18
5029235453 IMP  1191383 4
5029398724 Intractable. 10503659 402
5029972938 IMP   804883 1
5030094209 IMP  4307964 43
5030113664 IMP   925004 2
5030162349 IMP   809982 4
5030181316 IMP  3182065 24
5030193383 IMP  1215492 4
5030658711 IMP 10485607 170
5030837443 IMP  4364253 31
5030968650 IMP  1398353 4
5031078714 IMP    19621 0
5031168584 IMP   285106 0
5031214197 IMP  3128522 21
5031271618 IMP  1291733 5
5031641862 Win  3030105 14
5031915100 IMP   543170 4
5031969837 IMP  3553805 30
5031978632 IMP  4267544 49
5032091925 IMP  7658637 178
5032300263 IMP  2990036 49
5032302177 Win   116669 0
5032440799 IMP  1126816 3
5032485425 IMP  2530775 15
5032827414 IMP  2260006 25
5032880240 IMP  1506653 6
5032968963 Win  2602371 30
5033032254 IMP  5592958 105
5033120492 IMP 12362690 189
5033184532 IMP   679852 1
5033235624 IMP  3065235 28
5033315568 IMP  5869223 71
5033348836 IMP  3598281 19
5033574420 IMP  1917483 9
5034178921 IMP  1935170 7
5034249163 IMP  1141727 9
5034528836 IMP  5382053 58
5034568399 IMP  9785677 273
5034652868 Win  2105239 11
5034685607 IMP  2557824 16
5034725374 IMP   443200 1
5034958296 IMP 10757570 229
5035190973 IMP  2206929 10
5035304572 IMP   899223 2
5035355632 Intractable. 10914345 381
5035416319 IMP  9939686 261
5035614609 IMP  1256482 3
5035660339 IMP   953727 10
5035989638 IMP  1757271 7
5036112392 IMP  2693747 13
5036233133 IMP  2915658 24
5036682790 IMP  4802246 86
5036727961 IMP  1263833 4
5036752748 IMP  2076743 7
5036911423 IMP  6275541 100
5036960867 IMP  2028954 12
5037152249 Win  1394445 5
5037491648 IMP  1608547 5
5037583386 IMP  5653976 60
5037782949 Win   436115 1
5037914076 IMP   430303 0
5037961526 IMP  1787976 6
5038073695 IMP  4384435 41
5038623038 IMP  7673647 315
5038636560 IMP  5285385 123
5038772832 IMP  1589612 5
5038840105 Intractable. 11420203 382
5038982037 Win  2578069 11
5039022125 IMP  7257336 150
5039094511 IMP  1363490 10
5039323820 Intractable. 12845458 398
5039407336 IMP  1859888 6
5039411070 IMP  2954947 27
5039467136 IMP  1176668 3
5039535346 IMP  2199776 14
5039734983 Intractable. 14482484 326
5040161970 IMP  4985471 30
5040235370 Win  3583200 49
5040282470 Intractable. 13087378 371
5040303100 IMP  2593430 15
5040821820 IMP  1726932 7
5041048090 IMP   277834 0
5041305568 Win   506780 1
5041545877 IMP  4208534 31
5041617720 IMP  2462765 14
5041731308 Win   634714 1
5041855002 IMP  7152610 198
5042074881 IMP  2740877 28
5042298786 IMP  1403909 4
5042356081 IMP  1798663 8
5042958292 IMP  1121736 3
5042970509 IMP  2641077 31
5043202603 IMP  3326436 25
5043232934 Win  6447735 88
5043446909 IMP 11216618 290
5043688873 IMP  2663074 11
5044354023 IMP  6205897 120
5044467608 IMP  2918877 25
5044636336 IMP  3258052 28
5044823958 IMP  1582189 11
5045158450 IMP  1655529 18
5045288457 IMP  1990241 14
5045302672 IMP  3363765 34
5045346603 IMP  1126056 4
5045484197 IMP  4023608 46
5045499302 IMP   308491 0
5045561881 IMP   904143 2
5046065048 IMP  6721805 104
5046067329 IMP   235054 0
5046068924 IMP  3528696 27
5046071662 IMP  3078132 22
5046203683 IMP  1166318 3
5046499248 IMP  4663045 45
5046784039 IMP  5778331 64
5046809827 Win   865278 4
5047284316 IMP  1398013 8
5047321630 IMP  4406016 73
5047388489 IMP  2634887 15
5047395371 IMP  1453618 14
5047446241 Intractable. 13192855 451
5047579038 IMP  3161601 27
5047876110 Intractable. 11846767 283
5047944007 IMP  2933217 25
5048048892 IMP  2156958 12
5048151622 Intractable. 11105877 399
5048323051 IMP  9216778 124
5048357374 Win  1026156 8
5048384801 IMP  2775156 18
5048516454 IMP  4764698 31
5048525603 IMP   745682 5
5048558983 IMP   677248 2
5048769540 IMP   778400 2
5049702270 IMP  2037323 16
5049817888 IMP  5340055 92
5050057883 IMP  5984147 71
5050157778 IMP  1592294 6
5050276818 IMP  8112930 101
5050354425 IMP  1788989 5
5050433149 IMP  2889229 15
5050893129 IMP  2624833 29
5050897102 IMP  3582939 21
5051166504 IMP  4973346 60
5051259920 IMP  3180192 41
5051421961 Win  7468359 110
5052033118 IMP   864826 4
5052275816 IMP  2966759 111
5052354975 Intractable. 13971316 307
5052366323 IMP  7353685 357
5052723275 IMP  4631569 65
5052985966 IMP  2230330 19
5053332990 IMP   949139 2
5053394510 Intractable. 11761063 378
5053420574 Intractable. 12985840 460
5053716857 IMP  1518588 10
5053863223 IMP  2578071 12
5054385985 IMP  1531322 9
5054467389 IMP  5044498 38
5055339799 IMP  9987331 328
5055406727 IMP  1073352 3
5056004437 IMP  3757862 42
5056048675 IMP  3340450 16
5056154371 IMP  2902331 21
5056231159 IMP  1180675 5
5056822446 IMP   921760 2
5057051349 IMP  4808138 63
5057139375 IMP 10272719 277
5057401689 IMP  9171367 282
5057560270 IMP 12351541 273
5057634687 IMP   281501 0
5057815052 IMP  3006857 20
5057938019 Win  5737461 61
5058278491 Win   463454 1
5058280755 Win   351776 1
5058395356 IMP  4967215 70
5058429963 IMP  1720801 9
5058745346 IMP   685509 2
5058747322 IMP  3804326 148
5058989517 Intractable. 14712946 499
5058997782 IMP  1145728 6
5059177481 IMP   277365 1
5059221874 Win  1802330 7
5059244869 IMP  1080654 4
5059712844 Win  2172829 13
5059748436 IMP  4559248 55
5059773306 IMP  1843981 11
5059780237 IMP  1062551 3
5059936519 IMP  3300736 28
5059945478 IMP   642967 3
5060010861 IMP  3427969 23
5060010992 Win   416357 1
5060062026 Intractable. 11214097 264
5060122297 IMP  2689997 29
5060219393 IMP  4260726 83
5060409522 IMP  2022246 16
5060681785 IMP  1452425 7
5060978098 IMP  6979343 89
5061244607 IMP   839819 2
5061447076 IMP  6820937 210
5061515791 Intractable. 14281875 515
5061752465 IMP 12361461 353
5062092296 IMP  1306031 4
5062134206 IMP  1242442 5
5062361584 IMP  1234742 4
5062372040 IMP   978056 4
5062377073 IMP   841179 2
5062482183 IMP  2206907 12
5062992479 Win  2314712 11
5063228408 IMP  9415028 256
5063262987 IMP  8351397 97
5063347041 Intractable. 13119626 679
5063496388 IMP  3062920 27
5063522753 IMP   971605 5
5063607041 IMP  9455791 215
5063723498 IMP  2079759 15
5064079585 IMP   760531 2
5065064842 IMP  6555768 59
5065098171 IMP   836496 3
5065311054 IMP  2735348 17
5065430281 IMP  5217125 47
5065673121 IMP  2385429 17
5065751380 IMP  4422037 38
5066257310 IMP   663677 2
5066588503 IMP  4538125 51
5066614451 IMP   893340 3
5066791322 IMP  1183206 5
5067291490 Intractable. 13105133 313
5067585229 IMP  6794489 80
5067722463 IMP  9728319 243
5067838612 IMP   946721 2
5068389321 IMP  2463375 23
5068406841 IMP   840596 2
5068551504 IMP  1846128 6
5068638504 IMP  4974325 48
5068729444 IMP  1833892 8
5068824714 IMP  2612740 26
5068828196 IMP  5274759 70
5068928831 Win  6130402 86
5069098679 IMP  2589590 23
5069111542 IMP  6629223 88
5069362979 IMP  1295392 5
5069492438 Win   319322 1
5069531465 IMP  5174319 75
5069900871 IMP  3103785 15
5069935908 IMP  1713272 11
5069980397 IMP  1515910 11
5070099117 IMP  1362284 4
5070276008 IMP  6369557 49
5070284382 IMP  2792128 49
5070384935 IMP   629381 2
5070571374 IMP  6237042 125
5070668909 IMP   352306 1
5071099276 IMP  6005222 67
5071275590 Win  1388629 5
5071290919 IMP  5225331 70
5071619592 IMP  6001349 71
5071715556 IMP 11475040 239
5072036805 IMP  8904707 234
5072339590 IMP  1793333 8
5072555730 IMP  2968037 20
5073228730 IMP  4851810 96
5073385860 IMP  7623539 102
5073796206 IMP  1861450 6
5073879774 IMP  4144411 42
5074057910 IMP  2424202 22
5074088149 Intractable. 12583143 595
5074679912 IMP  7197161 166
5074686616 IMP  2778423 29
5074759301 IMP  8590202 286
5075036705 IMP  4335426 114
5075081743 IMP  1200745 3
5075267006 IMP  1832639 11
5075636438 Intractable. 13313954 308
5075964320 Intractable. 15219175 367
5076343920 IMP  4176755 57
5076367837 IMP  5419733 88
5076391194 IMP 10313626 227
5076615564 Win  1755508 6
5076834444 IMP  1674064 18
5076863598 IMP  1939623 17
5076958142 IMP 10716582 249
5077160478 Intractable. 13608174 464
5077462046 IMP  4226367 36
5077489211 IMP  1665432 7
5077587718 IMP   717610 3
5077796599 IMP  3357019 16
5077817668 IMP  2338983 21
5078356890 Intractable. 12802030 303
5078478243 IMP  5018290 37
5078495303 IMP  2530095 10
5078585580 IMP  1035594 5
5078625617 IMP  5171617 85
5079078799 IMP 13087536 206
5079113473 IMP  2731021 18
5079285270 IMP  6349071 161
5079789002 IMP   506675 0
5079810790 IMP  1133699 4
5079834823 IMP  3253713 39
5080054052 IMP  2989958 21
5080078550 IMP  2295973 9
5080125812 Win  3574306 46
5080163657 IMP  1231015 8
5080356753 IMP  1129519 3
5080505794 IMP  6183613 88
5081024016 IMP  1300516 10
5081044238 IMP  5555860 96
5081067229 IMP 10585356 268
5081157789 IMP  3557197 32
5081270064 Intractable. 11306920 394
5081281392 IMP  2528554 14
5081409389 IMP  7338442 135
5081446837 IMP  1630379 9
5081788849 IMP  9882585 318
5081851385 Intractable. 13172895 264
5082087583 IMP   769219 2
5082653454 IMP  2549093 13
5082682289 IMP  1432525 6
5082685458 IMP  2610030 25
5082939285 IMP  1303376 12
5083218468 IMP  1223100 3
5083231115 IMP  2292383 15
5083357566 Intractable. 11848466 259
5083594675 IMP   806257 3
5083954183 IMP  1804519 14
5083968982 IMP   522029 1
5084213114 IMP  2015778 12
5084333314 IMP  1310167 9
5084355563 IMP  7029418 92
5084511435 IMP  4756988 47
5084596032 IMP  2730510 16
5084708175 IMP 11669742 293
5084738743 IMP   539456 1
5084799580 IMP    62725 0
5084823053 Intractable. 12976274 295
5085138566 IMP  6597794 202
5085324090 IMP  3263580 17
5085677063 IMP  1554413 5
5085852982 IMP  4680205 41
5085888586 Win   918962 2
5086117656 IMP  5095208 78
5086170425 IMP   728527 2
5086295670 IMP   801132 17
5086324280 Intractable. 13041452 506
5086351226 IMP  1819099 21
5086760871 IMP  4684795 101
5086813599 IMP  6590660 102
5087102487 IMP  2109915 10
5087624407 IMP  7659550 77
5087946151 IMP  1389131 11
5088022497 IMP  2485028 12
5088057038 IMP  1682976 8
5088226985 IMP   644521 1
5088264562 IMP  3131879 21
5088447186 IMP  4062796 41
5088455937 IMP  4032069 41
5088516733 IMP  6950108 658
5088581343 IMP  1110112 3
5088702432 IMP  5101455 213
5089018403 IMP  1286799 5
5089132247 IMP  1773944 12
5089143664 IMP  4105144 38
5089146462 IMP  9710066 214
5089338954 IMP  4805228 44
5089499021 IMP  2870316 16
5089894335 IMP  1101605 7
5090054881 IMP  3296601 28
5090160531 IMP  3918884 49
5090314494 IMP  5734415 119
5090561342 IMP  2968254 33
5090750077 Intractable. 13900579 338
5090810067 IMP  3772950 34
5091001628 IMP  2595058 12
5091017850 IMP  6608957 196
5091026460 IMP   972173 6
5091391464 IMP 12882441 458
5091519018 IMP  3403609 26
5091627005 IMP  6154297 88
5091724669 IMP  8479167 125
5091889002 IMP  1789341 24
5091896566 IMP  1060649 3
5091970023 IMP  1462240 7
5092530214 IMP   922149 8
5092562865 IMP   395108 1
5092748314 Win   449707 1
5093232711 Win   106020 0
5093308394 IMP  1302498 5
5093555052 IMP  5954788 90
5093858970 IMP  8878677 148
5094079443 IMP  3775670 25
5094203324 IMP   897195 4
5094460548 IMP  7258659 113
5094585645 IMP  3919366 20
5094626735 Intractable. 13615614 589
5095179803 IMP  5269803 110
5095633838 IMP  2054334 10
5095708308 IMP  4136002 52
5095721056 Win 10518644 189
5095866334 IMP   532305 1
5096554802 Win  1723684 19
5096678260 IMP  3002193 25
5097059472 IMP  3978941 31
5097479360 IMP   632769 1
5097486871 IMP   449083 1
5097699076 IMP  2035603 10
5097745239 IMP  3772290 38
5097971586 IMP  1099724 7
5098225181 IMP  1950302 12
5098589345 IMP  7607508 199
5098658765 IMP  1810296 10
5098741864 IMP  2261691 16
5098827173 IMP  4776344 59
5098832814 Win  2385523 18
5098915152 IMP  5166155 82
5098933407 IMP 13539431 294
5098979515 IMP  1789846 16
5098986036 IMP  2394908 13
5099240028 IMP   594854 2
5099513809 IMP   594690 1
5099654311 IMP  5193318 71
5099790020 IMP  4911573 40
5099949915 IMP  6929834 142
5099965304 Intractable. 14674810 610
5100189181 Win  4389504 51
5100866946 Win  9867580 188
5101231119 IMP 12541298 333
5101244026 IMP  7608209 176
5101328049 Intractable. 12350751 484
5101824410 Win  1428453 11
5102266384 IMP  6252729 96
5102371213 IMP  1856824 9
5102769845 IMP  2646054 23
5102873972 IMP  2550192 11
5102920887 IMP  1861446 9
5103045659 IMP   452177 1
5103086029 Intractable. 11283271 511
5103331698 IMP  8819893 208
5103550715 IMP  5208312 78
5103648148 IMP  2161728 17
5103707491 IMP  2067201 18
5103739776 IMP  1944339 17
5103809411 IMP  2156874 8
5103883879 IMP  2364224 12
5103898799 IMP  4485972 61
5104476318 IMP   443236 1
5104516342 IMP  1194047 4
5104581556 IMP  1359198 5
5104598041 IMP  1208548 3
5104829020 IMP  1458076 5
5104878210 IMP  4640396 50
5105054008 IMP   631069 1
5105182923 IMP  2593580 18
5105185161 Intractable. 13261941 415
5105209895 IMP  4668523 37
5105213485 IMP  1483241 8
5105269659 IMP 11248073 338
5105401816 IMP  1026654 3
5105611442 IMP  4233396 60
5105990242 Intractable. 13525859 315
5106417161 IMP   818679 2
5106472582 IMP  2672242 34
5106491908 IMP  3943455 74
5106525114 IMP  2011341 9
5106645272 IMP   597977 1
5106781983 IMP  6183081 74
5106849011 IMP  2671314 16
5106926468 IMP  3754809 23
5107782047 IMP  8612984 128
5107947025 IMP  3626925 25
5107988302 IMP   596646 2
5108107895 Intractable. 12975039 357
5108505080 IMP  8150527 172
5108624734 IMP   909518 2
5108696587 IMP  4381067 40
5108955663 IMP  1512578 4
5109197959 Win  4674791 31
5109367175 IMP   641233 1
5110328325 IMP  3234107 25
5110672262 IMP   753112 5
5111517643 IMP  5962877 75
5111866249 IMP  3703748 35
5112054837 Win  1498965 11
5112098040 Win  2855078 20
5112130360 IMP  2059865 10
5112302820 IMP  1560254 14
5112540720 IMP 10365793 235
5113333883 Intractable. 12205853 311
5113426478 Intractable. 11535690 663
5113830642 IMP  1383141 3
5113843601 IMP  1235993 4
5114228454 IMP  2277316 9
5114251604 Win   516364 1
5114354888 IMP  5225512 52
5114549626 IMP  4831077 55
5114732309 IMP   696908 2
5114934202 Win  6290380 84
5115025001 Win  3264352 20
5115727957 IMP   706091 2
5115827164 IMP  7231734 106
5116219389 IMP  1342901 3
5116406547 IMP  8748400 253
5116416629 IMP   589475 1
5116864202 IMP  1634840 5
5116887751 IMP  1222866 2
5117738175 IMP  1204610 5
5118388329 IMP  1667244 6
5118705285 IMP  1107684 2
5118871149 IMP  2715186 22
5118945462 IMP   818255 2
5119262846 IMP 11680455 544
5119720876 IMP 10076598 264
5119916231 IMP  1895340 29
5120074199 IMP  2497278 10
5120619907 IMP  4748377 43
5120637448 IMP  3151791 23
5121075942 IMP  2933801 15
5121211795 IMP  4900337 65
5121524443 IMP  2098642 9
5121858664 IMP  1138778 5
5121881007 IMP 11143758 252
5122336528 IMP  6262981 80
5122393079 IMP 11520263 248
5122558680 IMP  1067834 3
5122697074 IMP  2001489 13
5123022789 IMP  2383308 15
5123140901 IMP  5222643 50
5123258008 IMP   873477 3
5123280282 Win  4430802 43
5123383284 IMP  5610295 80
5123509240 Win  2799956 32
5123528801 IMP 11939692 381
5123764023 IMP  2945245 23
5123776147 IMP  3213127 68
5123882138 IMP  8484285 225
5124372221 IMP  9008621 237
5124788781 IMP   402492 1
5125035825 IMP   572652 1
5125197547 IMP  8575302 187
5125491860 IMP   950757 5
5125534864 IMP  2732781 29
5125570650 Win 11750494 338
5125621589 IMP  4269810 89
5125625619 IMP  1266304 6
5125736609 IMP  2964671 32
5125946675 Win   934331 2
5125960843 IMP  6664655 140
5126058705 IMP  4074542 64
5126172154 IMP  4397194 70
5126326145 IMP  6210984 78
5126329640 IMP 10305494 362
5126390454 Intractable. 13640456 421
5126490286 IMP  3369077 33
5126509049 IMP  8960582 228
5126520775 IMP  1987825 12
5126533134 Win  2011276 12
5126615263 IMP  2533338 12
5126615344 Win  1381986 7
5126700870 IMP  2900458 27
5126860503 Win   447163 2
5126876896 IMP  2399377 16
5126881746 IMP  9643868 418
5126932203 IMP  8327469 634
5127162280 IMP 12842834 347
5127620079 IMP  3523919 20
5127634134 IMP  1974844 13
5127739346 IMP   765114 2
5127860769 IMP  3934801 82
5127896191 IMP  4075994 54
5128349585 IMP  3986901 31
5128673065 IMP  1304579 7
5128907460 IMP  1490411 6
5129565109 IMP  4965720 62
5129761706 IMP  1418705 6
5129770404 IMP   955502 3
5129897827 IMP  1195145 4
5130148634 IMP   618295 1
5130162341 Win   873458 8
5130445643 Win  3573091 26
5130562202 IMP  7562659 78
5130653210 IMP  6214189 70
5130862434 IMP  1639975 7
5131020468 IMP  5045631 57
5131758938 Win   554480 1
5131829730 IMP  5619165 49
5132223681 IMP  8141287 119
5132266602 IMP  2866177 25
5132322371 Intractable. 12320707 296
5132389219 IMP  1586255 14
5132435469 IMP   247495 1
5132607603 IMP  9766265 214
5132794765 Intractable. 12123026 246
5133327388 IMP   791295 2
5133338141 Intractable. 10696243 396
5133363343 IMP  1273090 5
5133483747 IMP   859169 4
5133562241 IMP  5457278 73
5133620522 IMP  3318064 37
5134084717 IMP  2680485 21
5134114761 IMP  6187440 84
5134217638 IMP  4070340 46
5134371482 IMP  1185295 4
5134544526 Intractable. 12122530 309
5134680106 IMP  1974535 7
5134692656 IMP  3942976 26
5134793272 IMP  6058474 73
5134883307 IMP  7290859 1183
5134939972 IMP  2731967 33
5135090113 IMP  2617236 15
5135193505 IMP   433524 1
5135538802 IMP  1444188 5
5135557623 IMP  3457502 21
5135630833 IMP  2470860 18
5136448330 IMP  1856619 12
5136537157 IMP   493824 1
5136579350 IMP  8168394 128
5136719513 IMP  5079520 50
5136791402 IMP  8637634 244
5136998142 IMP  1697788 8
5137001689 IMP  1251640 9
5137036372 IMP  1088519 4
5137073631 IMP  1788329 16
5137098314 IMP  7170334 147
5137287129 IMP  2295247 14
5137315588 Intractable. 13655557 519
5137383059 IMP  2751873 55
5137411170 IMP  1300859 6
5137506786 IMP  1750867 7
5137968062 IMP  2103413 10
5138035862 IMP  7384982 98
5138926161 IMP  2158421 32
5139024148 IMP  2135216 13
5139575227 IMP   468047 0
5139730998 IMP  6221672 126
5139754587 IMP  2520362 19
5139837427 IMP  2951820 45
5139901007 Win  1282640 4
5139958426 Intractable. 15052870 335
5140662911 IMP  2195719 11
5140756891 IMP 10902991 318
5140780575 IMP   924623 4
5140816225 IMP  2344524 12
5140974327 IMP 11701828 236
5141506638 IMP  1211908 3
5141743009 IMP  3852140 20
5141792271 IMP 10772479 420
5141811524 IMP  1430817 6
5142403765 IMP  1303037 4
5142953745 Intractable. 12794061 361
5142999980 IMP  3486663 29
5143024643 Win   810557 2
5143025493 IMP  1744977 8
5143121855 IMP  1479214 9
5144026998 IMP  1023955 7
5144175702 IMP  3390493 54
5144251571 IMP  8934859 207
5144263216 IMP  3393227 55
5144315824 IMP  1250242 4
5145024666 IMP  2206626 10
5145112564 IMP  4067725 30
5145119039 IMP  3200482 27
5145332784 IMP   634460 2
5145339160 Win  2249579 12
5145478858 IMP   868246 3
5145681720 Intractable. 12330031 244
5145810690 Intractable. 14804020 415
5146021104 IMP   647804 1
5146325677 IMP  2230442 10
5146697240 IMP  4747610 142
5146782320 IMP  1899570 7
5146882539 IMP  4959249 61
5146980324 IMP  2331184 15
5147565116 IMP  4871100 53
5148068531 IMP  3770895 43
5148117447 IMP  2001306 20
5148119074 Intractable. 12642856 1326
5148155488 IMP   834585 2
5148212698 IMP   919543 3
5148282758 Win  3774466 24
5148378169 IMP  1344085 3
5148378590 IMP  4102991 87
5148640566 IMP  3280686 39
5148847969 IMP  4061382 34
5149444609 IMP  9132822 170
5150109779 IMP  1574187 5
5150152614 IMP  7236547 146
5150849365 Intractable. 13934430 678
5150869934 IMP  7073379 248
5151276491 IMP  5308309 55
5151924226 Win   347350 0
5152010682 IMP  4230454 50
5152082822 IMP  4605001 42
5152194348 Win  1189654 7
5152234446 IMP  1938254 15
5152556640 IMP  4850075 48
5152593832 IMP  3079741 19
5152683889 Win  1674864 5
5153270637 Win  4230055 36
5153295697 IMP  5256902 50
5153699008 Win    45040 0
5154062012 Intractable. 13460676 459
5154165062 IMP  4454303 35
5154205531 IMP  5209041 60
5154391638 IMP  2344278 16
5154427376 IMP   861064 3
5154950328 IMP  5592786 72
5154999580 IMP  1056897 13
5155083800 IMP  2352948 24
5155272216 IMP  4456741 170
5155409855 IMP  3539923 55
5155496348 IMP  8489064 132
5155640265 IMP  2401192 14
5155814335 IMP   476304 2
5155817240 IMP  1779411 16
5155862664 IMP   525400 1
5155989036 Intractable. 12618406 387
5156107015 Intractable. 11888335 302
5156242012 IMP   765229 1
5156422557 IMP  2041284 22
5156514733 IMP  4864954 45
5157419203 IMP  3514883 44
5157687096 IMP  5182565 73
5158088123 IMP   675059 3
5158181667 IMP  4496224 45
5159003327 IMP  2722084 27
5159353295 IMP  1235835 3
5159414596 IMP  1816745 5
5159514835 Win  2351180 24
5159817806 IMP 10870576 541
5159898786 Win  1171910 4
5160032727 IMP  2096622 10
5160246720 IMP  2005866 22
5160438620 IMP  5832643 97
5160605146 IMP  1042616 4
5160695553 IMP  1387965 6
5161248414 IMP   797257 5
5161299519 IMP  3798781 71
5161495143 IMP  2264296 26
5161605058 IMP  3363017 33
5161667193 IMP  8815314 280
5161678206 IMP  2387253 15
5161711551 Win  1122139 10
5161863156 IMP  5266721 57
5162165398 Intractable. 11626754 437
5162235558 IMP  1732816 10
5162316588 IMP  4701681 45
5162984655 IMP   842116 5
5163032990 Intractable. 12827980 289
5163119812 Intractable. 13289583 622
5163131786 Win  2589359 15
5163236424 IMP  1441882 11
5163300557 Intractable. 12495924 283
5163553549 IMP  6860134 127
5163843042 IMP  2005591 14
5164161429 IMP  2326698 10
5164192505 Win  1544948 4
5164316760 Win  9763996 154
5164348485 IMP  2181482 13
5164432059 IMP  2248976 10
5164705343 IMP   241649 0
5164711228 IMP  2982531 19
5164718833 IMP   982773 5
5164919425 Intractable. 12042978 263
5164954895 IMP  4242359 41
5165004570 IMP  3570910 31
5165230477 IMP  3078849 19
5165435568 Win   736996 2
5165763034 IMP  2395567 19
5166155283 Win   847953 2
5166241207 IMP  1628916 7
5166450780 IMP  3059369 27
5166607020 IMP  7446785 147
5166793771 IMP  5134518 57
5166911398 IMP  4412064 41
5167084605 IMP  5665651 140
5167087333 IMP  3992139 34
5167255278 IMP   533693 1
5167263639 IMP   552109 1
5167605900 IMP  2142812 20
5167606306 Intractable. 12654819 411
5167960822 IMP  6992796 261
5168160499 IMP  1339203 5
5168265444 IMP  2115611 9
5168389779 IMP  6610865 104
5168753039 Win  2569678 14
5168885481 IMP  6021807 131
5168998896 IMP  5600172 118
5169025248 IMP  3828010 20
5169031234 Intractable. 12664380 407
5169260986 IMP   603364 3
5169346576 IMP  1551079 9
5169578832 IMP  1711492 14
5170007558 IMP  3481569 25
5170063553 IMP  4522665 46
5170648698 IMP   851122 7
5170651205 IMP  3394624 63
5170753474 IMP  1763017 7
5171048401 IMP  1387161 5
5171321682 IMP  1187970 11
5171337150 Win  8579353 159
5171383908 Win  1336828 5
5171488139 Win  4392802 48
5171928363 IMP  1556982 5
5172095975 IMP   762700 2
5172193156 Win   144337 0
5172216203 IMP  7481802 68
5172392392 IMP  1974615 15
5172545989 IMP  5177775 80
5172891776 Intractable. 12716333 348
5172908731 IMP  2099295 21
5173020728 IMP  8208329 119
5173156449 Win  5171474 82
5173166373 Intractable. 13777978 422
5173219646 IMP  1194797 5
5173289879 IMP  5397858 91
5173294901 IMP  1149118 3
5173299453 IMP  3540463 22
5173313623 Win  1008663 3
5173429320 IMP  1314173 3
5173575985 IMP  1072420 4
5173609134 IMP  1199633 5
5173722755 IMP  6053646 97
5174170472 IMP  7257041 114
5174174154 IMP  2598643 19
5174267669 IMP  5487958 52
5175069193 IMP   654600 2
5175321560 IMP  2495322 16
5175882408 IMP  3073682 34
5176228402 IMP  6522015 88
5176329880 IMP  2863757 22
5176397510 Intractable. 12374500 270
5176429200 IMP  1114353 3
5176503973 IMP  4171957 58
5176528391 IMP  4320031 51
5176634156 IMP   235330 1
5176859759 IMP  1930495 55
5176924606 IMP  3164099 27
5176979771 IMP  5986121 99
5177401237 IMP  4586773 41
5177508250 IMP   806541 4
5177700993 IMP   632826 1
5177975392 IMP  1374206 10
5178027517 Win  1907510 9
5178080298 IMP  1340674 4
5178147995 IMP  8504000 149
5178279534 IMP  3237096 50
5178293640 IMP   348019 2
5178368340 IMP  1591155 7
5178392595 Intractable. 10986504 358
5178415991 Win   584125 2
5178419473 IMP  1456575 15
5178540399 IMP  1126449 3
5178907258 IMP  1765992 8
5179722702 Intractable. 12100738 461
5179856272 IMP  1297037 6
5179870109 IMP  9654510 350
5179891405 IMP  4493864 51
5179898964 IMP  1337933 6
5180100387 IMP  1283451 5
5180108745 IMP  4263513 30
5180282686 Win  1149369 5
5180309296 Intractable. 11844666 288
5180485014 IMP  6910263 211
5180771316 IMP  3476471 63
5180831200 Win   693921 2
5180896533 IMP  2325196 14
5180921082 IMP 12338004 285
5181049115 IMP  3563618 25
5181132845 IMP   825233 5
5181184433 IMP  1442957 5
5181197448 IMP  6724012 188
5181287012 IMP  2329613 16
5181478697 IMP  3984490 167
5181880996 IMP  1014147 6
5182124459 IMP   333325 1
5182333647 IMP   801439 2
5182954321 IMP  1966934 15
5183133938 IMP  1033129 2
5183586936 Intractable. 11684135 359
5183771532 Win   734702 2
5183835519 IMP   953830 2
5184039203 IMP  1377257 7
5184240693 IMP   973786 2
5184701361 Intractable. 12540175 295
5184783117 IMP  6284901 67
5184847483 IMP  4701752 86
5185053963 IMP  6047504 96
5185577697 IMP   472050 1
5185626704 IMP  8178434 155
5186037886 IMP  4749545 60
5186362490 IMP  4949116 40
5186506025 IMP  4098159 39
5187238554 IMP  2323048 14
5187277812 IMP   763972 2
5187485723 Win  8522464 127
5187655750 IMP  4456846 64
5187688621 IMP  8530395 99
5188096045 IMP 12437217 361
5188291849 IMP  1377233 6
5188300744 IMP  1274540 6
5188351039 IMP  3212148 18
5188411532 IMP  2062024 6
5188464028 Win  6599436 84
5188548292 IMP 13610796 264
5188602432 IMP  2965472 25
5188602766 IMP  4668875 47
5188834478 Win   364932 1
5189172971 IMP  1101796 3
5189175572 IMP  7436261 99
5189221519 IMP 12074857 371
5189492836 IMP  3356518 31
5189570086 Intractable. 12157450 460
5189636287 IMP  2579873 18
5189957280 Win  5863522 80
5190063052 IMP  2029414 21
5190130906 IMP  5537435 43
5190138702 IMP  1327605 4
5190141834 Intractable. 13182787 438
5190198679 IMP  1123649 5
5190571166 IMP  3828374 32
5190604037 IMP  4580542 30
5190743984 IMP  1389037 6
5190775401 Win  2925923 19
5190824094 IMP  2342272 13
5190992668 IMP  6487541 91
5191114125 IMP   386175 0
5191176532 IMP   288451 1
5191420346 IMP  1775111 8
5191786091 IMP  1892990 7
5191952089 IMP  9950549 220
5191960883 IMP 12109116 290
5192398823 IMP   889141 2
5192958310 IMP 10042286 389
5193323817 IMP  2946099 26
5193372165 IMP  1303189 5
5193551934 IMP  1909868 11
5193599695 IMP   814292 3
5193948731 IMP  1651898 6
5193959682 IMP  1773078 25
5194295814 IMP  3514383 20
5194441386 IMP  8144358 171
5194521032 IMP   788373 2
5194603641 IMP  9479967 315
5194699323 IMP  8335434 158
5194820050 IMP   696734 2
5194883892 IMP   448413 2
5195260238 IMP  2474872 15
5195396314 IMP   234123 0
5195727123 Intractable. 12623397 241
5195791303 IMP  4537530 44
5196003735 IMP  6258740 126
5196277212 Intractable. 13222774 468
5196319043 IMP  2395526 17
5196428638 IMP  6670450 70
5196677192 IMP  3147147 29
5196837483 IMP   579422 1
5197074621 IMP  3011821 41
5197390020 IMP  2232192 11
5197451242 Win  3548113 38
5197562684 IMP   383770 1
5198068106 IMP  6257242 173
5198098713 IMP  4743789 99
5198473407 IMP  1787478 6
5198498911 IMP  2603137 16
5198887887 IMP   346869 0
5198901329 IMP  2456025 18
5199419659 IMP  1518008 6
5199569909 IMP  2406950 16
5199623985 IMP   634967 2
5199768747 IMP  5753890 74
5199821828 IMP  1984840 10
5200063849 IMP  1192989 3
5200080522 IMP  6901775 78
5200102426 IMP  2910190 35
5200141843 IMP  1908636 7
5200364302 IMP  3251542 23
5200525868 IMP  4866048 31
5200913229 IMP  1246224 3
5201228528 Win  1114404 5
5201230271 Intractable. 15794172 475
5201247888 IMP  3202046 22
5201389435 IMP  1456355 6
5201392565 IMP  3285057 54
5201415118 IMP   737699 4
5201472120 IMP  3849042 45
5201836626 IMP  6706836 292
5202485439 IMP   841149 2
5202721286 IMP   482745 0
5203166072 Intractable. 11916789 861
5203234977 IMP  2019641 16
5203381500 IMP   879864 4
5203494337 IMP  2005190 13
5203637526 IMP  1494253 6
5203754610 IMP  2573560 31
5203775516 Intractable. 15071257 490
5204128107 Win  6039965 49
5204490342 Win  7827735 196
5204634663 IMP  8051038 134
5204638126 IMP  3227575 25
5204764557 IMP  1323290 3
5205299415 IMP 13652549 366
5205374088 IMP  1087069 3
5205468652 IMP  1590286 9
5205480220 IMP   976547 4
5205817044 IMP  1232226 3
5206079718 IMP  6949540 145
5206336561 IMP  1520859 6
5206678728 IMP  2476144 19
5206931905 IMP  4230730 27
5206950523 IMP    29119 0
5207314150 IMP  7363760 105
5207342224 IMP  1957447 9
5207438209 IMP  2752685 16
5207865482 Intractable. 12627714 350
5208090743 IMP  3485894 24
5208286591 Win  3138502 41
5208387195 IMP  7707553 180
5208719352 IMP  3738687 49
5208753915 IMP  5992500 116
5208759799 IMP  2307094 19
5209132834 Win   904810 4
5209328054 IMP  1762796 8
5209470413 Win  3385175 23
5209552701 IMP   719420 2
5209898247 IMP  1207961 3
5210573107 Win   394422 1
5210611831 Intractable. 11907122 448
5210806863 IMP  3116130 43
5211305673 IMP  2542697 35
5211544146 IMP  1686063 7
5211674301 IMP  4417514 98
5211745724 IMP  3957888 63
5212064007 IMP  2150028 11
5212119133 IMP  3860610 46
5212142091 IMP  3799145 47
5212363500 IMP   968530 3
5212572390 IMP  3536735 31
5212683949 IMP   861020 3
5212940597 Intractable. 13535924 284
5213137187 IMP  1757389 11
5213378949 Win   319505 0
5213626510 IMP  2745460 18
5213877578 IMP  1301303 4
5214006999 Intractable. 11369891 294
5214163448 IMP  2235960 18
5214373138 IMP   597440 1
5214425937 IMP  1160959 5
5214939575 IMP   221585 1
5215432149 Intractable. 14422225 484
5215612778 IMP  1520183 10
5216620126 Win    16363 0
5216664598 IMP  5348908 104
5216849849 IMP  2426192 17
5216995151 IMP  6386824 82
5217015194 IMP  4871897 78
5217048193 IMP  5214073 66
5217337224 Intractable. 11202957 369
5217363605 Intractable. 16289456 371
5217743525 IMP   613743 2
5217890977 IMP 12109847 278
5217925164 IMP  2641498 25
5217938099 IMP  1593124 7
5218037664 IMP   349960 1
5218092769 IMP   715527 1
5218128360 IMP   884848 3
5218197513 IMP  3277058 17
5218332681 IMP  2159199 8
5219137713 IMP   728891 2
5219415917 IMP  1926691 7
5219457609 IMP  2826321 22
5219524601 Win   309598 1
5219637671 IMP  5632758 92
5220141335 IMP  4206827 20
5220142647 IMP   793629 1
5220202046 IMP  6913989 75
5220325821 IMP  1853264 8
5220418068 IMP  1249339 5
5220685607 IMP  5271720 105
5221024049 IMP  1158376 3
5221294762 IMP  1011878 3
5221383387 IMP   683406 2
5221386315 Intractable. 14845864 471
5221790636 IMP  7244878 113
5221807225 IMP  2156835 10
5221867054 IMP  3369598 31
5221895655 Intractable. 13566010 441
5222057398 Win   265223 1
5222058584 IMP  2912572 25
5222340130 IMP  1380553 3
5222504771 Intractable. 12103777 294
5222507506 IMP  1267180 4
5222841832 IMP  4757888 60
5222910432 Intractable. 13678916 689
5223066849 IMP  2016034 10
5223118304 IMP   894086 3
5223390380 Intractable. 14147977 325
5223419742 IMP  5616452 63
5223468103 IMP  1580260 7
5223501429 Win   305719 1
5223676877 IMP   995960 4
5223747879 IMP  3052559 20
5223762586 Intractable. 12424911 522
5223901514 IMP  4157223 31
5224250620 IMP  1375361 4
5224473370 IMP   557884 1
5224495000 IMP  1008860 4
5224533117 IMP  8128039 172
5224557654 IMP   885997 2
5224729719 IMP  1543724 10
5225198189 IMP  5310321 254
5225252175 IMP  2176758 11
5225306997 IMP   427409 1
5225369583 Win  5758405 97
5225456452 IMP    12720 0
5225652839 IMP  3551023 34
5225737561 IMP  1828428 7
5225855250 IMP   675676 2
5225867062 IMP  1535997 20
5225880019 IMP  3431865 35
5226209009 IMP  2629831 28
5226292495 IMP  2402790 22
5226562514 IMP   869735 2
5226663521 IMP 10750164 275
5226806036 IMP   804566 3
5227131266 IMP  2478238 20
5227144537 Intractable. 11312964 290
5227157026 IMP  7558361 116
5227268713 IMP  3962955 29
5227801116 IMP   774931 4
5227998670 IMP  7157804 93
5228104438 IMP  2324240 16
5228104973 IMP   467813 2
5228203962 IMP  1738630 8
5228205086 IMP  5283709 82
5228363830 IMP  3314824 31
5228388097 Win  2000073 6
5228471027 IMP  2140348 19
5228581687 Intractable. 11376644 247
5228671231 IMP  1235768 4
5228686561 IMP  2373868 21
5228818485 IMP  2012591 8
5228842555 IMP  3724421 24
5229015749 IMP   690387 3
5229051722 Intractable. 13057057 289
5229141044 Win 12748076 343
5229386690 Win   132022 0
5229474722 IMP  1490985 3
5229507130 IMP  5044948 88
5229533544 Win  5398834 57
5229780124 IMP  1060219 4
5229942599 IMP  1046196 3
5230260803 IMP 12276518 257
5230303308 IMP  2430286 18
5230352094 IMP  2785694 14
5230412044 IMP  1391748 4
5230542404 IMP  5987014 51
5230552015 IMP   642444 3
5230604299 IMP  2549651 11
5230613699 IMP  1261188 4
5230789237 IMP  2155170 10
5230806730 IMP   706097 1
5231176694 IMP  1075693 4
5231276098 IMP  1221714 4
5231341767 IMP  8664039 339
5231443432 IMP  1360228 5
5231788962 Win   344030 0
5231956201 IMP  1304851 6
5232013265 IMP  3692410 38
5232306882 IMP  1951350 12
5232434758 IMP  2063192 9
5232648944 IMP 11604567 305
5232776680 IMP   835301 3
5233112285 IMP  2802922 27
5233114936 Intractable. 11794085 245
5233281866 IMP  1409454 6
5233302497 Win  2989800 23
5233342120 IMP  8021473 128
5233615071 IMP  5936279 62
5233628923 IMP  1685343 13
5233655860 IMP  1434891 11
5233700212 IMP  2283901 32
5233746888 IMP  1389701 3
5233755476 IMP  4692292 48
5233796886 IMP  1891833 19
5233922432 IMP   419391 4
5234408480 Win  1267139 4
5234802878 Win  2702475 18
5234898131 IMP   760494 3
5234898433 IMP  9376809 295
5235327871 Win  2480597 16
5235656643 IMP  2410207 20
5236050880 IMP  1532528 16
5236055125 IMP  1179546 4
5236386757 IMP  4420500 55
5236392798 IMP 14402111 560
5236399583 IMP  2528400 16
5236885370 IMP   939450 2
5237170317 IMP   267498 0
5237575040 IMP   714485 2
5237586331 IMP  1448302 3
5237657029 IMP  2199685 9
5237856782 IMP   581746 1
5237887417 IMP  1903587 9
5238138029 IMP  3471371 32
5238174020 IMP  1569304 26
5238179877 IMP   378745 0
5238441360 Win  2788037 13
5238688794 IMP  4877706 67
5239006756 IMP  1103039 5
5239189395 Intractable. 12064391 256
5239330179 IMP  3068378 14
5239502982 IMP  1298790 3
5239618448 IMP  1218008 10
5239784887 IMP  2634566 9
5239815041 IMP  5395291 109
5239822843 IMP  2049184 6
5239999708 Win  2034198 7
5240015772 IMP  5647714 53
5240078083 IMP   960414 2
5240345967 IMP  1161260 19
5240547121 IMP  1975297 8
5240999780 IMP   441907 0
5241066557 IMP  2112214 11
5241076359 IMP  1547881 6
5241227830 IMP  1774925 11
5241505507 IMP   484152 1
5241770453 IMP   886211 2
5242196876 Win  6743984 65
5242289715 IMP  3573374 31
5242301654 IMP  2045282 6
5242336703 IMP  7224352 83
5242358095 IMP   208123 0
5242587051 IMP  5508047 101
5242793767 IMP  1247461 4
5242982655 IMP  1466678 3
5243007903 IMP   570496 1
5243235084 IMP  5717908 45
5243295738 Win   736092 1
5243342499 Intractable. 13779315 391
5243462336 IMP  1475892 7
5243603510 IMP 10084553 206
5243971133 IMP  1920657 6
5244104113 IMP  2609090 10
5244143486 IMP  2300188 10
5244279077 IMP  2341767 11
5244441089 Intractable. 13702207 320
5244449116 IMP  2863341 21
5244513355 IMP   573520 1
5244520011 IMP  1813066 9
5244898356 IMP  1146926 3
5244939988 IMP  3701103 18
5245221503 IMP  3274438 63
5245228220 Intractable. 12769767 280
5245284215 Win  2723404 14
5245414277 IMP  2106793 9
5245500007 IMP   945078 2
5245610811 IMP  1367439 4
5245637649 IMP   750343 4
5245645330 IMP   500416 1
5245742033 IMP   429968 1
5245953479 Intractable. 12316888 702
5246043112 IMP   922508 3
5246074653 IMP  2980145 24
5246395594 IMP  1291226 3
5246837349 IMP   312642 1
5247035171 Intractable. 14286274 352
5247223681 IMP  2982105 20
5247576663 IMP  3696695 26
5247588180 IMP   622537 1
5247656017 IMP  8906136 173
5247974183 IMP   597539 1
5248022393 IMP  5762892 60
5248188500 IMP   561249 1
5248304036 IMP   679043 5
5248311731 IMP 14157533 246
5248346054 IMP  7454938 101
5248451301 IMP  1395108 4
5248470939 IMP  6370036 58
5248528937 IMP 14892053 633
5248791821 Win   607001 2
5248858050 IMP   816105 2
5249412437 IMP  1743262 9
5249505179 IMP  3515992 19
5249587273 IMP  7609786 233
5249638681 Intractable. 10376499 450
5249739433 IMP  1404212 7
5249979498 IMP  3693101 41
Number of Freecells: 3   Mode: 

Winnables: 129
Impossibles: 1196
Intractables: 111
Total time: 31 Hours, 29 Minutes, 35 Seconds
