5750376523 IMP  2284338 9
5750573387 IMP  2347634 19
5750794264 IMP  3489768 41
5750875536 IMP  1641394 8
5750888265 Intractable. 15049095 394
5750929835 IMP  1597748 6
5751318652 IMP   286892 0
5751412013 Intractable. 12621417 418
5751557942 IMP  1400550 3
5751643276 IMP   817793 2
5752004077 Intractable. 11386299 441
5752063749 IMP  2681039 24
5752106192 IMP   895591 4
5752258789 IMP  2267911 13
5752468589 IMP  1148734 3
5752514039 IMP   238443 0
5752537360 Intractable. 11237984 380
5752926413 IMP  8399223 364
5753008058 IMP  1996785 12
5753103679 IMP  1385712 10
5753240556 IMP  1201351 3
5753252233 IMP  6768773 110
5753469629 Intractable. 11694924 342
5753902583 IMP  3411729 78
5754209361 IMP  4875105 111
5754215318 IMP  4590738 66
5754537521 IMP  2769857 22
5754596354 IMP  7097873 117
5754665821 IMP  3778982 79
5754730259 Win   618163 2
5754835736 IMP  3754808 49
5754860825 Intractable. 13420478 367
5754932124 IMP   751412 4
5755221864 Intractable. 13014286 329
5755454520 IMP   671567 2
5755700248 IMP  3010174 20
5755871568 Intractable. 14238059 595
5755901358 IMP  4481013 47
5755926074 Intractable. 12777867 530
5755994824 IMP  2506658 21
5756662575 Win  1608044 5
5756667511 IMP   392544 1
5756818969 Win  7436520 126
5757338283 IMP  1855155 12
5757403483 IMP  3849144 34
5757598144 IMP  2132643 7
5757860163 Win   230068 0
5758635130 IMP  3096662 19
5758798999 IMP   548616 2
5759072720 IMP  2400123 15
5759107914 IMP  2519977 12
5759161159 Win  2528969 24
5759439371 IMP  7279046 120
5759489837 IMP  1283703 13
5759876602 Intractable. 13449593 303
5760220882 IMP   364766 1
5760416614 Win  7058722 161
5760635450 IMP  1926225 43
5760652471 IMP  5548045 143
5761105304 IMP  2732284 19
5761184323 IMP  3251448 35
5761201610 IMP   746018 2
5761259437 IMP   777416 2
5761354929 IMP  1316719 4
5761379082 IMP   887259 3
5761400418 IMP 10782949 409
5761581368 IMP   918784 3
5761878464 IMP   630998 1
5761905733 IMP   530853 1
5762107020 IMP   355553 1
5762206962 Intractable. 11936518 428
5762398985 IMP  2714253 17
5762712900 IMP  2709170 22
5762736984 IMP  1997545 14
5762746821 IMP  3908352 33
5762805528 IMP  4353514 98
5763217055 Win   614413 2
5763219730 IMP 10247237 308
5763430507 IMP   431936 0
5763435333 IMP  1094085 7
5763447924 IMP  1322765 5
5763731239 IMP  2504508 8
5763997602 IMP  1935356 14
5764014206 IMP  5857205 100
5764593685 IMP   646776 3
5764607056 IMP  6606821 1103
5764688601 IMP   233469 0
5764849800 IMP   697454 2
5764961877 Win  1077686 4
5765269356 IMP   719292 2
5765519018 IMP  2175632 9
5765577613 IMP   749789 1
5765648143 IMP  4805648 109
5765752208 IMP   784547 3
5765928551 IMP  8230398 185
5766108180 IMP  1209667 13
5766469477 IMP  3611152 46
5766569563 IMP  7411328 221
5766654934 Win  1355886 8
5766834891 Win  5710179 99
5766915186 Intractable. 12344206 309
5766922270 IMP  3198960 33
5767143187 IMP  1348574 5
5767313821 IMP  5206807 113
5767462876 IMP  6651645 80
5767907000 IMP  5559348 93
5768045304 IMP  1155155 3
5768419140 IMP  4620577 50
5768735499 Intractable. 13162968 560
5768847515 Win  2722236 32
5769069081 IMP  6641555 258
5769072068 IMP  7875665 185
5769301532 IMP  1891057 7
5769367719 IMP  5250330 50
5769436981 IMP  4255914 68
5769688929 IMP  7212310 105
5769725504 IMP  9917303 392
5769793566 IMP   748001 3
5769959975 IMP  1643070 7
5770040062 IMP  1095996 3
5770106008 Intractable. 14410808 444
5770111693 IMP  3694743 40
5770194360 IMP  3303999 23
5770312281 Intractable. 10274843 389
5770372273 IMP  2841079 22
5771520690 IMP  1663921 7
5771539766 Win  4871884 181
5771896426 IMP   255937 0
5772521568 IMP  1680972 6
5772668238 IMP  2940421 30
5772925366 IMP 12089090 352
5773036721 Intractable. 12821040 333
5773188764 IMP  3930928 34
5773235748 IMP  2223297 20
5773254061 IMP  1006819 9
5773697215 IMP  4770656 71
5773728541 IMP  1843457 55
5773800411 IMP   281627 1
5774152900 Intractable. 13801118 387
5774174099 IMP  2129033 11
5774184612 IMP  3412472 33
5774207335 IMP  1810004 8
5774347720 IMP  2401344 11
5774427529 IMP  3690442 27
5774560738 IMP   674188 2
5774727040 IMP  6723903 174
5775094863 IMP  2049177 7
5775213414 IMP  4919038 50
5775358341 IMP  1939142 12
5775521377 IMP  2419659 20
5775730731 IMP  1751682 6
5776077536 IMP  1583079 14
5776121852 IMP  1965004 35
5776194668 IMP  5070129 53
5776675909 IMP   861103 3
5776794461 IMP  3246642 26
5776865408 IMP  4888830 42
5776930347 IMP  1541984 10
5777145848 IMP  1391649 12
5777203169 IMP  9190472 168
5777517021 IMP   575620 1
5777566608 IMP  7326106 308
5777709156 IMP  6078356 67
5778023055 IMP  6303080 91
5778025511 IMP  4867235 52
5778030062 IMP  7586062 171
5778113880 IMP 14084934 430
5778257261 Win  4282070 49
5778432294 IMP  1597784 8
5778457043 Intractable. 12601794 479
5778533996 IMP  2042133 11
5779024875 Intractable. 12674174 449
5779156951 IMP  5509745 112
5779851302 IMP  1373394 5
5779928910 IMP  2415301 21
5780359284 IMP  2473901 43
5780517300 IMP  3518056 28
5780922803 IMP  7329378 87
5781131105 IMP  4033382 69
5781721344 IMP   940960 3
5781753290 Win   494543 2
5781801486 IMP  1066347 4
5781911962 Intractable. 12333642 445
5782043989 Win  1944014 11
5782044758 IMP  2104799 14
5782058129 IMP  7432674 158
5782154188 IMP   935321 2
5782156280 IMP  2106603 12
5782173958 IMP  9138273 223
5782462391 IMP  8573288 112
5782506075 IMP  2486551 12
5782511898 IMP  6245254 86
5782746103 IMP   614324 2
5783105550 IMP   607572 0
5783129274 IMP  2879730 15
5783246816 IMP  3087385 31
5783364974 IMP  3871086 19
5783616903 IMP   604702 1
5784469860 IMP  2061008 14
5784676823 IMP   239333 0
5784685091 IMP  7210979 130
5785089162 Intractable. 12858271 566
5785246539 IMP  2150173 8
5785398961 Intractable. 12317069 441
5785462314 IMP  2071414 19
5785610308 IMP  1906553 6
5785674411 IMP  1034332 3
5785718413 Intractable. 16001284 391
5785762352 IMP   728253 2
5786016352 IMP  2879024 32
5786039041 IMP   543735 3
5786166017 IMP  3183610 22
5786533078 IMP  2159381 17
5786786858 IMP  6073358 72
5786830135 IMP  4322507 33
5787023316 IMP   411239 1
5787150519 IMP  1039187 2
5787152701 IMP  1345447 5
5787480625 IMP  8288999 157
5787947237 IMP  2334740 10
5789012897 IMP  2603246 39
5789089455 IMP  5314518 52
5789356153 IMP   719105 2
5789380478 Intractable. 12661590 1068
5789452580 IMP  3421010 24
5789663762 IMP  6197103 133
5789857073 IMP   488912 1
5790170202 IMP  2246876 32
5790194228 IMP  3360888 28
5790202518 IMP  2959799 24
5790215374 IMP 12320612 379
5790301984 IMP  1270390 9
5790394243 IMP  1714972 18
5790430843 IMP   520713 3
5790506317 IMP  1049932 4
5790604376 IMP  3926509 80
5790657064 IMP  1530404 7
5790736152 IMP   949211 5
5791167239 IMP  8128674 152
5791573863 IMP  3674241 34
5791729922 IMP  5784760 68
5791824204 IMP  4414594 41
5791896862 IMP 11164090 516
5791912180 IMP  6101272 189
5791964196 IMP  6983700 107
5792067644 IMP  2405640 9
5792146711 Win  5952921 78
5792250856 IMP  3392122 25
5792300049 Intractable. 13011205 491
5792380242 Win  1614207 6
5792462174 IMP  1303006 4
5792600579 IMP  2540881 12
5792833115 IMP  2430567 12
5792892797 IMP  4563864 41
5793188303 IMP  2278370 33
5793269117 IMP  4706046 52
5793383568 IMP  5329202 49
5793386082 Win  2546264 13
5793521134 IMP  2045563 14
5793650999 IMP  7709331 137
5794253579 IMP  3719390 30
5794289523 IMP  3870211 43
5794412372 IMP  1123364 3
5794463111 IMP  1230628 5
5794945832 IMP  1844721 33
5795221654 IMP  4085974 25
5795588269 IMP   764301 2
5795663834 IMP  2583477 23
5795674133 Win  3470846 22
5796152948 IMP  5762437 95
5796278189 Intractable. 12780568 748
5796319016 IMP   969511 6
5796451303 Intractable. 12578641 807
5796675056 IMP  6331417 108
5796773485 Win  1817804 7
5796910944 IMP   464160 1
5797264999 IMP  1020796 3
5797352851 IMP  1920350 5
5797486223 IMP  3624425 49
5797597580 IMP  1529474 8
5797953117 IMP  3687831 27
5798020906 Intractable. 12638126 613
5798099299 IMP  1951618 14
5798100759 IMP  1188791 9
5798391963 IMP 12175466 212
5798412345 IMP     6179 0
5798415789 Intractable. 13233073 441
5798608740 IMP  2614128 15
5798657785 Intractable. 15044820 509
5798683438 IMP  2301306 8
5798936711 IMP  1431621 6
5798943575 IMP  2075851 12
5799037056 IMP  2605150 18
5799092071 IMP  1924688 33
5799139897 IMP   314083 0
5799391356 IMP  1569752 8
5799897141 IMP  7838151 108
5800390757 IMP    48518 0
5800402947 IMP   668681 5
5800661781 IMP   671818 1
5800724285 Win  3149589 17
5800749374 IMP  3097919 32
5800840937 Win  3005500 22
5801027252 Win  1975549 8
5801029697 IMP  1247796 5
5801075151 IMP  3895989 32
5801132733 IMP   708191 3
5801356803 Intractable. 11608440 243
5801371655 IMP   507050 1
5801435321 Win  3339691 20
5801502714 IMP   889255 2
5801630386 Intractable. 12790094 355
5801828318 IMP  5229513 46
5802000415 IMP  1905485 12
5802627181 IMP  5412674 59
5802801647 Win  2846375 19
5803241488 IMP  2265470 10
5803407362 IMP   892533 4
5803668069 IMP  1816557 7
5803683806 Intractable. 11624447 490
5803761464 IMP  1402879 4
5803863925 IMP  4358312 72
5803996736 IMP  3929349 32
5804679947 IMP  1180684 2
5804779968 IMP   825412 4
5804854839 IMP  1823257 6
5804903574 Intractable. 11323915 233
5805008189 IMP  6100928 62
5805781807 IMP  4745636 40
5806235235 IMP 11122696 131
5806338786 IMP 12025733 436
5806378885 IMP  3998913 74
5806703967 Win  1675156 8
5807070460 IMP  1864980 7
5807283618 IMP  2128835 15
5807561772 IMP   646991 1
5807669195 IMP  6246309 72
5807818395 Win  1340418 6
5807886805 IMP  5344992 93
5807985294 IMP  2130983 10
5808275887 IMP   653051 1
5808384246 IMP  1387743 5
5808657563 Win  2681780 11
5808894366 IMP  8024295 168
5809062979 IMP  4404062 32
5809451537 IMP  7573687 197
5809457814 IMP   922029 4
5809681140 IMP  6826284 141
5809928327 IMP   555723 2
5810293674 IMP   852585 5
5810516040 IMP  2347069 48
5810792690 IMP  5038072 140
5810851834 Win  3008883 13
5811035310 IMP  2783510 15
5811379754 IMP  2593154 22
5811627356 IMP  8641103 132
5811641928 IMP  6060470 67
5811703793 IMP  2610036 14
5811852545 Intractable. 13732688 415
5811904274 IMP  1222313 3
5812139144 IMP  2416521 12
5812200490 IMP  6649219 82
5812525565 IMP   776760 4
5812578305 IMP  5062355 81
5812593368 IMP  2699624 19
5812798395 IMP  1127075 7
5812977608 Win   761219 2
5813269677 IMP   456034 0
5813604546 IMP   711358 3
5814016078 IMP  1965023 10
5814338501 IMP   779962 3
5814589261 IMP  2669702 11
5814645149 IMP  3649666 31
5814687439 IMP   792670 2
5815031700 IMP  2911906 26
5815236075 IMP   776079 1
5815468164 IMP  4603799 42
5815488480 IMP  2057581 16
5815570150 IMP  2044182 31
5815791555 IMP   980630 3
5815862151 IMP  3527462 31
5816284998 Intractable. 12960420 375
5816599321 IMP  3930626 37
5816998137 IMP  1327184 4
5817060333 IMP  1585424 6
5817405309 IMP  2147160 13
5817584795 IMP   652582 2
5817664725 IMP  8929627 311
5817831804 IMP  1335278 4
5817888360 IMP   346725 1
5817890946 IMP  2570432 19
5818109017 IMP  2703903 23
5818331263 IMP   894401 2
5818484513 IMP  3410886 42
5818604153 IMP   803242 2
5818926815 IMP  2242677 23
5819097239 IMP  1145837 3
5819174993 Win  1000408 2
5819221701 IMP   605681 1
5820009550 IMP  2923355 17
5820162056 IMP   616029 1
5820383680 IMP  3036960 39
5820501574 IMP  1893878 18
5820625031 IMP  1263881 5
5820708559 IMP  1942959 14
5820775251 Win  6458461 74
5820960289 IMP  2135776 17
5820988007 IMP  2763216 46
5821772137 IMP   522705 1
5821793797 IMP 10318866 216
5821809307 Win  7906121 113
5822108519 IMP  3063038 17
5822196414 IMP  1438048 4
5822458682 IMP  1268899 12
5822889451 IMP  6856489 127
5822898595 IMP  2632735 16
5823025856 IMP  2756643 16
5823052146 IMP  4142861 74
5823106856 IMP  2726389 19
5823220691 IMP  3506254 58
5823504368 IMP  1089421 6
5823522835 IMP  3066246 34
5823627000 IMP  3882455 35
5823733768 IMP   809720 2
5823911095 IMP 11557323 277
5823971054 IMP  1823854 11
5824039558 IMP  3891517 34
5824185206 IMP  1557912 8
5824295858 IMP  8109506 134
5824301580 IMP  1103950 8
5824628162 IMP  4621942 53
5824783797 IMP  2324802 14
5824822537 IMP  1308195 7
5825048263 IMP  2354401 13
5825158961 IMP   202082 0
5825389607 Win  1382776 9
5825673948 IMP  1958360 14
5825701860 IMP  1133479 9
5825825930 IMP  2606110 37
5825931903 IMP  3828241 72
5826065402 Win   211302 0
5826085467 IMP   921873 3
5826455700 IMP  3397890 24
5826535914 Win  1314290 3
5826735866 IMP  4242231 119
5827013946 IMP  5257272 67
5827443213 IMP  5743870 60
5827493719 IMP  6026255 103
5827734629 Intractable. 11185615 281
5827793988 IMP   931165 3
5827934514 IMP  5008801 53
5827998487 Win  1267840 4
5828003181 IMP  8042066 126
5828166459 IMP  3457863 27
5828385715 IMP   127315 0
5828420593 IMP  3423028 31
5828619393 IMP  1370916 5
5829204384 IMP  6632984 242
5829452581 IMP  1186300 4
5829508341 Win  1522246 3
5829578243 IMP   737229 2
5829587926 IMP   769871 2
5829764605 IMP   358431 0
5830009393 IMP  6733027 151
5830239603 IMP  5088785 87
5830303631 IMP 11640483 256
5830458833 IMP   667251 2
5830814094 Intractable. 13730058 804
5831061259 Intractable. 12461758 259
5831179200 IMP  3190249 20
5831300847 IMP  3745971 28
5831306138 IMP 10101300 399
5831317978 IMP  2150713 42
5831619788 IMP  7784678 253
5831701459 IMP   964118 8
5831797709 Intractable. 12834969 319
5831865383 IMP  1581405 7
5831932463 IMP  1670062 25
5831969083 IMP  2110175 7
5832101691 IMP  9638501 273
5832279017 IMP  1719188 8
5832477947 Intractable. 14931209 470
5832997357 IMP   513188 3
5833028078 IMP 10827034 285
5833148858 IMP   500200 1
5833183310 IMP  5919423 157
5833441352 IMP  1791174 15
5833619333 IMP 10992900 278
5833644459 IMP  3841030 39
5833699634 IMP   803947 3
5833743948 Win    73832 0
5834041905 IMP  1177692 5
5834047128 Intractable. 13373078 326
5834090263 IMP   541130 2
5834108639 IMP  5233038 87
5834151658 IMP  2184910 16
5834461510 IMP  8431745 142
5834545580 IMP   284338 1
5834687316 IMP  6453379 137
5834881430 IMP  2106345 15
5834922149 IMP   213725 0
5834962888 IMP   827562 3
5835137320 IMP   957282 2
5835256159 Win  1046144 3
5835379658 IMP  1325087 8
5835462767 IMP  4746973 38
5835540343 IMP  2552267 27
5835550814 IMP   820839 2
5835694872 IMP   820184 1
5835724351 IMP  6836146 103
5835742249 IMP  2546532 19
5836554753 IMP  2437400 13
5836560883 Intractable. 15337816 451
5836638968 Intractable. 13627397 431
5836743658 IMP  1385974 10
5836779154 IMP  8067341 142
5836962597 IMP  5260675 109
5836974347 IMP  3606818 29
5837035636 IMP  2536094 13
5837111307 IMP  1835061 13
5837165609 IMP  3032554 25
5837318810 IMP  1634114 4
5837367241 IMP   510774 2
5837467349 IMP 12752631 392
5837783122 Intractable. 12587305 606
5837932656 IMP   946968 5
5838021639 Win   979972 3
5838101484 IMP  5242317 49
5838137941 IMP  1000517 7
5838218709 IMP  6554241 63
5838552191 IMP   131424 0
5838586000 IMP  6367835 81
5838667612 IMP   617062 4
5838703853 Win   579196 2
5838845833 IMP  2137588 22
5838943091 IMP   887177 6
5839078925 IMP  1248210 4
5839119558 IMP  2992550 14
5839392339 IMP  1148317 8
5839394946 IMP   686225 2
5839432571 IMP  3005207 23
5839631993 IMP  2505532 12
5839815306 IMP  5283481 81
5839933280 IMP  3117384 21
5840251098 IMP  2873531 18
5840254956 IMP 12786474 519
5840629378 IMP  1201648 11
5840726892 IMP  1815722 9
5840785909 IMP 13402328 462
5840828048 IMP  2144593 18
5840931070 IMP  1452178 5
5841008195 IMP  1121360 7
5841069873 IMP  9682320 176
5841168909 Intractable. 12195878 438
5841224381 IMP  1025080 4
5841309503 IMP  2894101 13
5841519020 IMP   701407 2
5841712459 Win  9854540 155
5841772271 IMP  1089450 3
5842136909 IMP  3901204 40
5842458277 IMP  4726762 59
5842471795 IMP  8968983 311
5842704316 Win  3019854 23
5842878201 IMP  9474917 139
5843060281 IMP  2998406 31
5843240183 IMP  5985460 116
5843371196 IMP  2004661 13
5843491761 Intractable. 12767593 392
5843701354 IMP  2479659 13
5844169313 IMP  1329420 5
5844426817 IMP  3129827 16
5844536962 IMP  1365631 5
5844588914 IMP  3116945 20
5844681355 IMP  7995457 312
5844795024 IMP   653496 1
5844857096 IMP  4445353 57
5844871735 IMP  2234741 13
5845664008 IMP   837773 3
5845682593 IMP  1089599 3
5845755807 IMP  1354160 4
5845761036 Intractable. 13189747 359
5845775386 IMP   505760 1
5846767532 IMP  1020585 3
5846869871 IMP  9270299 214
5847008961 IMP  1142696 3
5847382869 IMP  2262010 17
5847499839 IMP  2564058 18
5847657096 IMP  1249951 3
5847712768 IMP  2188403 12
5847865773 Win  1313403 5
5847949117 IMP  1144444 3
5847985315 IMP  1621874 10
5848164187 IMP  1500176 12
5848340327 IMP  2134121 16
5848921758 IMP  2002810 19
5849049923 IMP  2591190 23
5849113791 IMP   122621 0
5849564777 IMP  5624004 55
5850267957 Win  4424703 33
5850653650 IMP  2977516 37
5850682189 Win  1068639 3
5850912448 Intractable. 13046235 550
5851010055 IMP  4515003 69
5851090590 IMP  1390295 7
5851114491 Win  1891080 15
5851171677 Win  2714950 24
5851442596 IMP  1901155 28
5851557674 IMP  5139480 47
5851686110 IMP  3735883 32
5851767412 IMP  6035886 66
5852376256 IMP  4976598 72
5852561898 IMP  3502789 21
5852728439 IMP  2245985 11
5852859784 IMP  4448118 53
5853011969 IMP  1582694 8
5853214986 IMP  1544922 5
5853287768 IMP   654987 2
5853344912 IMP  3024349 22
5853528445 IMP   562516 1
5853672470 IMP  2120584 10
5853814419 IMP  1519326 7
5853902500 IMP    66985 0
5853919614 IMP  3839113 61
5854164931 IMP  7888058 93
5854223225 IMP   347401 1
5854280013 IMP   652923 3
5854322810 IMP  1253802 10
5854369644 IMP  5149001 92
5854486075 IMP  4351727 64
5854495648 Intractable. 12932983 363
5854646405 IMP  1028095 4
5854826005 IMP  1218788 3
5855065997 IMP  1368057 9
5855240583 Intractable. 11851256 283
5855248596 IMP  1221027 5
5855290618 IMP  1284531 4
5855624138 IMP  1637153 7
5855871209 IMP   549743 1
5855872209 IMP  1830466 11
5855936459 IMP   108210 0
5856014247 IMP  1564880 10
5856107506 IMP  5121852 100
5856289717 Intractable. 12842475 272
5856497717 Intractable. 12151496 379
5856560205 IMP   731818 1
5856667556 IMP  1139879 12
5856908758 IMP   908332 4
5857007117 Win   389276 1
5857093862 IMP  2311993 25
5857673914 IMP   912620 2
5857848999 Intractable. 12509181 776
5857892410 IMP  2111754 10
5858206372 IMP  1137793 5
5858247645 IMP  3214076 26
5858414852 IMP  1141149 4
5858727877 Win   731235 1
5858877178 Win  1974257 10
5859084113 IMP  1945169 10
5859238961 Intractable. 11991262 406
5859460163 Win  3361578 20
5859522358 Intractable. 12502154 320
5859707101 IMP  2731378 27
5859709304 IMP  9685690 282
5859828557 IMP  8510533 136
5859900378 IMP  3210864 29
5859915545 IMP   525328 1
5859987570 IMP   815901 2
5860386525 Intractable. 13914068 468
5860527560 IMP   725470 2
5860863478 IMP  1290874 6
5860894932 IMP  2396497 16
5861195890 IMP  1012137 5
5861234946 IMP  1877841 12
5861650201 IMP   852159 4
5861967101 IMP  1062121 2
5862148037 IMP   655196 2
5862161301 IMP   775719 2
5862256267 IMP  4519570 33
5862325710 IMP  1963155 7
5862580163 IMP 12676284 390
5862663469 IMP  8564924 115
5862894384 IMP   552659 2
5863759164 IMP  8123773 107
5863870213 IMP  1448532 5
5863902486 IMP  5898690 57
5863924799 IMP  1180105 4
5864038131 IMP  1511926 10
5864242795 IMP  6506496 217
5864396692 Intractable. 12688047 379
5864425138 IMP  4112784 33
5865198416 IMP  1199514 7
5865266715 IMP  6058777 117
5865568001 IMP   606830 2
5865631207 Intractable. 12705959 293
5865974597 IMP  2342986 12
5866149306 IMP  4695931 70
5866164622 Intractable. 13614196 308
5866494871 IMP  6166535 259
5866719133 IMP  3770176 28
5866769993 IMP  1033172 4
5867035218 IMP  1011379 5
5867157483 IMP   511574 1
5867233827 Intractable. 13647118 340
5867260823 Win   968252 2
5867559169 IMP  1341292 9
5867688938 IMP  1343760 4
5867773670 IMP  3485249 41
5867775380 IMP  3770903 41
5868440431 IMP  6594912 77
5868461054 IMP   679441 3
5868465355 IMP   944869 2
5868596040 Intractable. 13171418 303
5868694312 IMP  1495952 10
5868731061 IMP  2553802 15
5868753193 IMP  1429071 6
5869030471 Win  3873801 25
5869131355 IMP  1716057 9
5869428718 Win   446639 1
5869611745 IMP   396914 1
5869917862 IMP  5102455 60
5870207578 IMP   296202 1
5870257833 Intractable. 14975444 676
5870259293 IMP  1406220 3
5870275173 IMP  3936393 56
5870339977 IMP  5012279 61
5870354948 IMP   685185 2
5870551055 IMP  3423179 26
5871349076 IMP  2599866 15
5871422957 IMP  2089472 7
5871957717 IMP  2265411 9
5872400524 IMP   883918 3
5872443210 IMP  2065276 34
5872577578 IMP 10851356 327
5873009818 IMP  4916897 64
5873150494 IMP  3659655 36
5873301379 IMP   525536 1
5873403833 Win 11258158 293
5873510647 IMP  4858921 62
5873679334 IMP  1057692 4
5873794950 IMP  5582711 122
5873902064 Win  3237064 17
5874060269 IMP  7026963 94
5874210895 IMP  6051055 62
5874294190 IMP   629357 2
5875083351 IMP   535549 1
5875285620 IMP  3022185 14
5875569901 IMP  6924769 93
5875570240 Win   367373 0
5875656292 IMP   808876 3
5876002452 Intractable. 12414951 662
5876152072 IMP  1200069 5
5876181353 IMP  3239580 41
5876289994 IMP  5941954 98
5876316031 IMP  2813147 18
5876428628 IMP  5961673 80
5876480383 IMP  1319177 11
5876659346 Win  1760961 7
5876811292 IMP  1186850 4
5876886571 Win  3049023 18
5876932271 IMP   695515 1
5877438828 IMP  3841886 39
5877526770 IMP  5155014 45
5877961815 Win  3235145 21
5878055716 IMP  4829532 64
5878066636 IMP  1610432 9
5878116946 Intractable. 11789020 439
5878143982 IMP   413892 1
5878160209 IMP   333750 0
5878332248 IMP 10326040 407
5878445989 IMP  2603677 19
5878765398 IMP   641183 1
5878818466 IMP  1159202 5
5878952769 IMP  4909303 119
5879004773 Intractable. 12266787 251
5879012079 IMP  2910747 30
5879290407 Win  2711368 16
5879824759 Win  4185871 34
5880025064 IMP  3986676 33
5880081951 IMP   768040 4
5880086845 IMP  3763628 66
5880381667 IMP   329995 1
5880667039 IMP  7393507 129
5880818087 IMP  3034478 56
5880871561 IMP  1666818 6
5881410423 IMP   728608 2
5881487520 IMP  2441881 16
5881653633 IMP   530441 2
5882338047 IMP  3118874 21
5882598568 Intractable. 13858298 658
5882631891 IMP  1909378 16
5882668567 IMP  4323836 51
5882823218 Win  3145968 32
5882953520 IMP  5274755 41
5882983217 IMP  5505705 66
5883001216 IMP  3267357 20
5883963155 IMP   600326 1
5884003667 IMP  2444110 34
5884092481 IMP   794359 3
5884174930 IMP   665056 2
5884286507 IMP  2138950 12
5884311089 IMP   298042 1
5884397070 IMP 11106404 361
5884415912 IMP  1690204 7
5884503373 IMP  2449134 10
5884608006 IMP  3109370 22
5884633166 IMP  2187904 10
5884655516 IMP 11029067 204
5884876468 IMP   600978 1
5884963746 IMP  4803402 98
5885021526 IMP  1177055 4
5885094626 Win  4252156 35
5885293299 IMP   305311 1
5885326196 IMP  2650370 17
5885364816 IMP  1975241 12
5885510414 IMP  2796393 18
5885516555 IMP  5038930 54
5885710422 IMP   810091 2
5885735096 Intractable. 14030434 274
5885778371 IMP  2635826 35
5885780049 IMP  4265048 37
5886110004 IMP  3486272 19
5886325150 Win  7018345 78
5886370972 IMP   920105 2
5886406029 IMP  1160778 10
5886406196 IMP   724334 2
5886451063 IMP  1390166 9
5886463669 IMP  1498506 17
5886807636 IMP 10256984 209
5887045889 IMP  2855599 20
5887171729 IMP    33233 0
5887200258 IMP  3106678 23
5887422002 IMP   789295 2
5887577459 Win  1254954 3
5887879539 IMP  2077181 11
5888055917 Win   715218 2
5888093148 IMP  1121075 3
5888122247 IMP  4123995 36
5888174554 IMP  3500784 22
5888269449 Win   517452 0
5888656898 IMP  5267434 42
5888788492 Intractable. 14930336 438
5888923636 Intractable. 14309834 528
5889337461 IMP  6836727 281
5889591519 IMP  1282613 5
5889662308 Win  4970826 39
5889819067 IMP   888579 5
5890116611 IMP  8631072 396
5890247159 IMP  1148186 5
5890319116 IMP  3472561 27
5890477241 IMP  1466589 7
5890517854 IMP  8510887 226
5890532683 IMP  4246097 63
5890535079 IMP  8552710 105
5890559183 Intractable. 12256977 349
5890599599 Win  1435170 6
5890645221 Intractable. 13589225 310
5890719218 IMP  3260975 19
5890809015 IMP  1883841 8
5891152947 IMP  1871872 9
5891495449 IMP  2750966 14
5891817592 IMP  2217588 14
5891891008 IMP    29814 0
5891973403 IMP  6249390 63
5892032970 IMP  9253412 295
5892054182 IMP  1209047 4
5892252083 IMP  7280407 83
5892659283 IMP  9947590 262
5892856216 IMP  1687279 11
5893416468 IMP   570414 1
5893429425 IMP  4353698 51
5893981126 IMP  2064942 18
5894113428 IMP  2512993 16
5894149889 IMP  1297013 5
5894213604 IMP  1002125 2
5894289374 IMP  1600575 6
5894431342 Win  1473385 5
5894608330 IMP  3423080 43
5894741162 IMP  2243894 10
5894911471 IMP  7910374 122
5895160121 IMP  4641953 37
5895161941 IMP   831585 4
5895253686 IMP  2961965 47
5895411504 Intractable. 14162131 409
5895425254 IMP   415444 1
5895783648 IMP  3595046 50
5896843249 IMP 14010239 533
5896866616 IMP  3211207 24
5897080955 IMP  2949530 36
5897083396 IMP   112936 0
5897244103 IMP  9614741 165
5897290437 IMP  7109463 64
5897451921 IMP  2917530 29
5897562105 IMP  1352409 5
5897586158 IMP  1707006 8
5897688027 IMP  1616481 5
5898215632 Intractable. 12701535 292
5898229558 IMP  2360383 20
5898324253 IMP  2087799 12
5898607540 IMP  4250043 64
5899024228 IMP  1142280 8
5899288666 IMP  2462014 21
5899375934 IMP  1351354 5
5899394242 IMP   460917 0
5899465700 IMP  2777982 33
5899567840 IMP 11225568 299
5899781476 Intractable. 15656461 375
5900038394 Intractable. 13089023 321
5900449395 IMP  4231778 39
5900564581 IMP  4139666 73
5900783848 Intractable. 14428297 1167
5900784693 IMP  3630310 35
5901456269 IMP  9467212 233
5901519070 IMP  3193749 27
5901840230 IMP   800204 1
5901955545 IMP  5603578 101
5901979781 IMP  6414801 119
5902398215 IMP  1114492 3
5902485584 Win  1350068 5
5902983211 IMP  4760372 37
5903062898 IMP  9774685 251
5903229190 IMP 11358166 314
5903981948 Win  8292897 101
5904052915 IMP 12482804 315
5904186922 IMP  3555201 28
5904262440 IMP  3944734 26
5904288676 IMP  1977614 21
5904668072 IMP  5057605 53
5904792642 IMP    40735 0
5905033011 IMP  1462920 14
5905139401 IMP   282880 1
5905647185 IMP  3735446 23
5905858373 Intractable. 14323794 554
5906014550 Win  4456397 74
5906039468 IMP  6788603 76
5906043519 Intractable. 15185096 342
5906093123 IMP  3819297 50
5906494946 IMP  8659858 177
5906577581 IMP  6345750 67
5906782306 IMP  7972954 219
5907459960 Win  4189952 27
5907527423 IMP  9624120 492
5907547591 IMP  2130719 12
5907550333 IMP  3277254 32
5907615569 IMP  9365227 265
5907668096 IMP  7228221 76
5907708017 IMP   905047 2
5907726575 IMP  1752747 5
5907888182 IMP  3745065 29
5907930477 Win    55454 0
5907972317 Intractable. 13076222 354
5908383532 IMP  8393439 131
5908693748 Win  1250553 5
5908999801 IMP  1262701 2
5909072471 Intractable. 13452735 299
5909123853 IMP   483219 1
5909380060 IMP  1814852 9
5909506409 IMP  7608378 82
5909604322 IMP  1288781 3
5909656091 Intractable. 12831913 330
5909748793 IMP  2779702 20
5909843009 IMP 10125779 212
5910063332 IMP  3247572 59
5910184150 Intractable. 15137199 374
5910426617 IMP   933052 3
5910695640 Intractable. 14346775 668
5910735170 IMP  2822705 25
5910800938 IMP  1937743 18
5911058183 Intractable. 14890416 384
5911102147 IMP  1067145 3
5911279835 Intractable. 13700010 436
5911551926 IMP  2452961 22
5911864636 Win  9943174 185
5911880960 IMP  5435898 158
5911895958 Win  2561168 19
5911904878 Win  2038630 17
5911929034 IMP   703510 4
5912324422 Win  2248560 8
5912486288 IMP  1964147 14
5912993535 IMP  3769717 50
5913034246 IMP  5244351 73
5913393114 IMP  2118136 10
5913794917 IMP  2413077 11
5913885159 IMP  5339649 72
5914322178 IMP  2600744 29
5914514680 IMP  1559738 10
5914661091 IMP   758826 2
5914768008 IMP  1492607 5
5914841014 IMP  1110205 3
5914911292 Win   457337 1
5915092218 IMP  1018155 3
5915331178 IMP  5253019 42
5915379457 IMP   973658 6
5915475319 IMP  2424510 27
5915630877 IMP  3296404 22
5915938671 IMP  2180822 14
5916235433 IMP 11391403 307
5916427938 IMP   871104 4
5916532849 IMP  4943638 49
5916588174 IMP  2265919 17
5916627588 IMP  5695752 131
5916726169 IMP  9589130 267
5916790937 IMP  4712797 75
5916967335 IMP   631109 1
5917301921 IMP  3085284 20
5917816802 IMP  3323634 43
5918588199 Win  1298505 4
5918668378 IMP   351934 0
5918895045 IMP  1207901 10
5919318102 IMP   262325 0
5919509120 IMP   318118 1
5920206850 IMP  1102491 3
5920682880 IMP  9280794 118
5920963120 IMP  2053256 7
5921127776 IMP  5831688 94
5921231393 IMP  1322042 16
5921288901 IMP  5652903 68
5921352930 IMP  5094753 59
5921527406 IMP  1932053 18
5921584807 IMP  1095833 4
5922145505 IMP  2356036 14
5922152584 IMP  1303544 3
5922258634 IMP  1805731 6
5922298620 IMP  1441123 10
5922380260 IMP  3155851 23
5922764219 IMP  1898047 19
5922986745 IMP  3120967 17
5923070423 IMP   316519 0
5923275151 IMP  2120421 11
5923372077 IMP  3210500 32
5923943871 IMP  1656081 6
5924147976 IMP  4277371 45
5924270199 IMP  2630864 30
5924381555 IMP 11571972 369
5924440798 IMP  2354096 7
5924580764 Win   295023 1
5924774147 IMP   218578 0
5924792685 IMP  7309090 94
5925041048 IMP  4689522 43
5925100616 IMP  1171765 5
5925270574 IMP  5839585 44
5925498640 IMP  2370642 10
5926364903 Win  4693296 102
5926534486 Win   395270 1
5926623371 IMP   848430 2
5926669288 Intractable. 12726761 304
5926728367 IMP  4043827 43
5926865662 Win  2230082 15
5926927033 IMP  3764340 118
5927215136 Win   505240 1
5927244426 IMP  2938399 38
5927504879 IMP   293746 2
5927799338 IMP  4387315 58
5928253556 IMP   722666 1
5928305711 IMP    70363 0
5928671504 IMP  1370986 4
5928687335 IMP 13476776 399
5928688929 IMP  1664094 7
5929040592 IMP  3408175 34
5929242124 Win   473939 1
5929437510 IMP   488628 1
5929512259 IMP   643218 2
5929726260 IMP  3246997 46
5929827170 IMP  1916732 13
5929989202 Intractable. 12922427 666
5930068611 IMP  3228275 37
5930252400 IMP  4638145 33
5930347601 Intractable. 14386591 314
5930375118 IMP  1606914 8
5930412531 Intractable. 12662452 376
5930516898 IMP   823780 1
5930552931 IMP  1065564 3
5930566242 IMP  6475387 126
5930731988 Win 11648050 240
5930800244 IMP  1284317 10
5930924791 IMP  4868855 99
5930965222 IMP   517080 1
5930970911 Win  7730043 123
5931043390 IMP  2739150 20
5931371724 IMP  5910824 54
5931468441 IMP  5262382 76
5931689670 IMP   861174 3
5931963132 Win  7142772 168
5932078414 Intractable. 13103091 296
5932538553 Win  1755159 10
5932709133 IMP  1508771 4
5932839866 IMP  7669555 142
5932849408 IMP   680224 4
5933189531 Win  8249478 119
5933272062 IMP  6733047 94
5933339420 IMP   821050 2
5933452363 IMP   708285 2
5933501525 IMP  4786377 58
5933704165 IMP 10258721 260
5933713310 IMP   936068 3
5933772215 IMP  3815487 32
5934075857 Win  3006432 39
5934092945 IMP   948429 5
5934096500 IMP   510043 1
5934141444 IMP   828942 5
5934272175 IMP  2303609 10
5934325643 IMP  1868977 17
5934496978 IMP  1860516 16
5934499534 IMP  1086863 4
5934564618 Win  1090175 3
5934603713 IMP  2188785 21
5934807421 IMP  2103653 12
5935162496 Win  2408174 15
5935196304 IMP 12127180 412
5935333510 IMP  1225655 12
5935475621 IMP 10374749 211
5935627164 IMP  1578820 7
5935881715 IMP  4167399 26
5936231405 IMP  1870450 21
5936354060 Win  1358702 3
5936666912 IMP  2027792 11
5936711192 IMP   529057 1
5936750047 IMP   532829 2
5936802620 IMP  5865159 48
5937149374 IMP   454308 0
5937249090 IMP   501557 1
5937377856 IMP  3572017 67
5937378904 Intractable. 12626446 386
5937472489 IMP  5973212 205
5937672247 IMP  4179917 81
5937689152 IMP   735764 2
5937710803 IMP  3475424 29
5937838147 IMP   239616 1
5937930469 Intractable. 12164398 298
5938046578 Win   492198 1
5938435155 IMP  3760772 42
5938540185 IMP  3386457 22
5938772162 IMP  2036598 8
5938862505 IMP   881548 2
5938899395 Win   699817 2
5938920869 IMP  3053432 30
5938927537 IMP  5850987 66
5938972593 IMP  4452890 54
5938975133 IMP  2483171 10
5939025081 IMP   526101 2
5939263661 IMP  7636738 111
5939318199 Intractable. 12720937 431
5939403365 IMP   989083 4
5939438072 IMP  2633708 17
5939566356 IMP  4506213 54
5939629556 IMP  9353827 227
5939807770 IMP  3776568 35
5939808180 Win   442837 0
5939991314 IMP  5277331 91
5940040428 IMP   909844 2
5940102275 IMP  2819081 29
5940300473 Intractable. 13271679 533
5940322694 IMP  6028751 126
5940331543 IMP  1711500 15
5940584465 IMP  2776827 16
5940747304 IMP  6956183 173
5940914435 IMP  2812008 18
5941076143 IMP  3045730 24
5941333188 IMP  1678829 14
5941479115 IMP 12169969 369
5941599960 IMP  1231312 3
5941703984 IMP  5341903 119
5942317784 IMP  3492600 42
5942373223 IMP  1861089 10
5942511563 IMP  7583705 106
5942600117 IMP   508197 2
5942699629 IMP   637944 1
5942884900 IMP  3194804 34
5942953034 IMP  8318717 129
5943593853 Intractable. 13079657 439
5943606605 Intractable. 11858161 326
5943895223 IMP  8141174 168
5943963664 IMP  3079604 32
5944226015 IMP   467786 0
5944351089 IMP  6578370 114
5944450058 IMP   517899 1
5944618470 Intractable. 12633955 1077
5944643813 IMP  1076350 4
5944748852 IMP   908341 2
5945166921 IMP  5884209 62
5945244821 IMP  1308782 4
5945762805 IMP  3191825 37
5946008157 IMP  4231163 26
5946120296 IMP  2425601 13
5946578862 IMP  3164871 33
5946621310 IMP  1323431 5
5946708438 IMP  1496179 12
5946884937 IMP  1417666 6
5947048789 IMP  4672262 51
5947058680 Intractable. 13220625 279
5947246214 IMP  7731353 149
5947471791 IMP  3547674 20
5947503265 IMP  4133558 67
5947874094 IMP  4444764 102
5947912176 Win  3068310 17
5948039875 IMP  1445400 7
5948110842 IMP  4086620 51
5948624865 IMP  1699219 15
5949081222 IMP   845855 3
5949151831 IMP  3339628 20
5949222596 IMP  5391710 76
5949381178 Win  2164459 11
5949386381 IMP  4487595 38
5949389866 IMP  4975183 91
5949616489 IMP  3813940 62
5949791028 Win  1465594 5
5949824402 IMP  1652323 14
5949927631 IMP  3535747 90
5949966671 Win  9424970 154
5950260858 IMP  2369359 11
5950409652 IMP   742028 2
5950712672 IMP  9219158 163
5950741325 IMP  3948803 48
5950915662 IMP   401746 1
5951146709 IMP  7508726 109
5951363996 IMP  1761917 7
5951567291 IMP  3603597 23
5951638375 IMP  4047681 117
5951649537 Intractable. 12551771 472
5951656897 IMP  6362107 135
5951871247 IMP 10087448 330
5951896281 Intractable. 13067299 306
5951943059 IMP  1748245 5
5951949852 Intractable. 13200858 518
5952152138 Win   610012 1
5952853077 Win  6754340 139
5956592169 IMP  7820934 137
5958170716 IMP  9236958 234
5958416789 IMP  2477854 16
5960345906 Win  7064806 73
5960372503 IMP  2119097 15
5960858144 Intractable. 12223342 338
5966503968 Intractable. 13956332 332
5974731802 IMP  4168618 43
5979402788 Intractable. 12927390 422
5982658131 IMP  7739277 133
5983005978 Intractable. 13578407 322
5984339782 IMP  3355578 18
5986459103 Intractable. 12928862 384
5987949666 IMP  2418640 18
5989566361 Win  9759626 384
5996580004 IMP  9883289 294
Number of Freecells: 3   Mode: 

Winnables: 111
Impossibles: 1023
Intractables: 107
Total time: 28 Hours, 29 Minutes, 12 Seconds
