300364062 IMP  3262202 62
300364921 IMP  1985713 10
300368355 IMP  1181788 7
300374952 IMP  5323774 74
300692442 Win  2740837 21
300693961 IMP    23999 0
300893660 IMP  5009815 84
301008091 Win  1434013 3
301030420 IMP  1113345 8
301092666 Win   931130 3
301178267 Intractable. 11599860 486
301451408 Win   964048 2
301579086 IMP   928083 7
301668817 IMP  4242565 53
301685720 Intractable. 12281051 255
301759308 Intractable. 15345342 347
301940128 IMP  3905940 33
302089597 Win  3585395 26
302126739 Intractable. 12583797 432
302241541 IMP   282121 0
302252478 Win  5861470 52
302254089 IMP  1747601 8
302281758 IMP  1800109 9
302368922 IMP  5512503 78
302426020 IMP 12416176 555
302534054 IMP   490437 1
302560182 IMP  5726522 74
302932513 Intractable. 13770111 240
303107143 IMP  9257684 266
303136561 Win   613275 1
303157542 IMP  8840844 182
303163583 IMP  3596063 29
303295208 IMP  1393556 7
303428195 IMP  1811250 10
303624549 Win    56542 0
303639957 Win    10043 0
303928268 Win  1832404 8
304175344 Win  4986944 51
304267869 IMP  1914680 9
304284695 Win  2376515 22
304387520 IMP  1031309 3
304408742 IMP  1759069 8
304534552 Intractable. 12613978 312
304603641 Win  4867459 38
304626814 IMP  1165990 4
305005501 Win  5164197 39
305016821 IMP  2013713 12
305087994 Win    10339 0
305152152 IMP 12121966 217
305369055 Win   270480 0
305416404 IMP  8032878 337
305428349 IMP  6585663 94
305486020 Win   222100 0
305789451 IMP 10630775 200
305880149 IMP   982321 3
305935923 Intractable. 12193471 270
306100652 IMP  4069567 164
306198670 IMP  4963794 49
306251828 Win  2111892 7
306292354 Win  2979813 36
306394818 IMP  1385262 6
306450092 Win  5685106 109
306658168 IMP  1042309 4
306759311 Intractable. 13760293 320
306941380 Win  1909186 6
307055696 IMP  2552284 17
307144577 IMP  1293555 17
307154233 IMP  4211963 41
307159984 Intractable. 11869617 378
307248814 Win  9278818 196
307432680 IMP  3052564 14
307481584 Win  2095908 12
307533736 IMP   713390 2
307584424 IMP  2706817 17
307787651 Win    44599 0
308104181 Win  7204741 128
308121890 Win  8212809 105
308288284 Win  4139885 42
308537344 IMP 10102807 139
308556909 IMP  2178451 11
308573521 IMP  3138739 22
308823417 Win  3366395 46
308982508 IMP  1254031 3
309037428 IMP  2027237 10
309153100 Win    80748 0
309276677 IMP   168229 1
309277263 Win  4686359 35
309284732 Intractable. 11767817 316
309327414 Win  2875015 15
309415194 IMP  1839695 8
309423216 Win  2317672 13
309485482 IMP 13097171 403
309529193 Win   480453 1
309538853 Intractable. 13901962 302
309577623 Win   179730 0
309847689 IMP   777231 2
309992175 IMP  4104497 58
310053459 IMP  2175819 13
310270399 Win  3069138 27
310460803 Win   607347 1
310539144 Win  3328152 19
310607962 Win  5166519 53
310752223 Win  3626929 22
310792065 Win  2010350 7
310972586 IMP  3822591 46
311484458 IMP  1287811 4
311634902 IMP  3839151 32
311731836 IMP  2187051 7
311968008 Win   243476 1
312065573 Win 10030842 146
312295035 Win  2653713 11
312304878 Win   883195 2
312402274 IMP  2218874 9
312458300 IMP  1453569 5
312672731 IMP  8781045 181
312771985 IMP  1334402 4
312786821 IMP  1823037 14
312812616 Win  3724347 25
312896362 Win  1273808 5
312975477 Intractable. 11969401 278
313043224 IMP  2956125 16
313259417 Win  1364486 6
313277490 IMP  1160293 3
313343260 Win   899478 2
313621774 Win  2754543 25
313715739 IMP   293178 0
313825945 IMP   744762 2
313861045 Win  2153440 9
313897084 Win  6500788 103
313964742 IMP  2135215 8
314053493 Win    19700 0
314101154 IMP  1478715 5
314121707 IMP  2371959 11
314127980 Win  1845925 7
314213222 IMP  1706997 6
314249837 IMP  2802134 32
314328250 IMP  1773180 11
314590731 Win  2029957 12
314663512 IMP   951128 4
314731540 IMP  2132582 27
314770862 IMP  1681873 9
314854091 Win  5360133 103
315045297 IMP   542178 0
315141902 IMP  1328966 6
315231619 IMP  1104180 3
315270296 Win  4553902 58
315482817 IMP 10899586 172
315487058 IMP  4321887 51
315800833 Win  1309107 5
316034550 IMP  9379688 250
316067497 IMP  6628826 82
316073573 Win  4975202 44
316157780 IMP  9411865 438
316210497 IMP   584036 2
316261776 Win  4761965 34
316304749 IMP  3324955 118
316588387 IMP  3893123 20
316603187 Win  2059245 6
316611446 IMP 10637908 212
316647700 Win  4646166 53
316660523 Win   532860 1
316701801 Win 10647910 240
316726674 IMP 11428810 268
316743265 Intractable. 12802032 270
316808438 IMP   313894 0
316848989 Win   193310 1
316939247 Intractable. 14277563 408
317036604 Win  1593312 9
317103986 IMP   118670 1
317181657 IMP  3824412 34
317239400 Win  1281212 5
317642424 IMP   111002 0
317849413 Win  1103192 4
317868118 Intractable. 13265628 300
318113437 IMP  1021037 3
318323089 Win   351397 1
318368889 IMP  2215083 9
318444912 IMP  2138762 11
318589999 IMP  3859088 17
318771418 Win     7943 0
318873691 Win    76465 0
318910499 Win  2085487 13
319003325 Win  9800047 303
319106739 Intractable. 12921212 507
319196632 Intractable. 14150476 324
319403652 Win   692340 2
319408064 IMP  3802160 33
319488398 IMP   729953 3
319513956 Intractable. 11448424 304
319533270 IMP   944581 3
319549503 IMP   954435 6
319854680 Win   771762 2
319869497 IMP  1578779 12
320208750 IMP   781520 2
320208871 Win  4567578 41
320257529 IMP  1579435 13
320465348 IMP  2192882 40
320633183 IMP  5203462 60
320711617 Intractable. 12184676 411
320829628 Win   746319 2
320908275 IMP  1952527 10
321120595 Win    31172 0
321178641 Win     4307 0
321416709 IMP   473285 1
321819072 Win  8708046 178
321876862 IMP  4682791 36
322098564 Intractable. 13525705 391
322139566 IMP  1056494 3
322148272 IMP  6686574 69
322157612 IMP  3176791 23
322319428 IMP   718817 2
322437948 Win  1744865 5
322459000 Win     7928 0
322571139 Win  3352752 21
322720573 IMP  3968901 55
322763487 IMP   673561 1
322895913 Win  2635060 12
322943114 IMP  1701941 11
323095841 IMP  1632011 20
323166947 Win   359108 1
323176931 Win  3016176 15
323196208 IMP  3051706 24
323202999 IMP  2841325 36
323517167 Win   457177 1
323824797 IMP  2534280 11
323902240 IMP  1868445 7
323991265 IMP  2221804 20
324013777 IMP  9203538 156
324074400 IMP  2016824 9
324300776 IMP  3325777 21
324325777 IMP  1733957 8
324361414 Intractable. 12798390 314
324415944 Win  2190869 11
324487309 IMP  5106606 83
324503260 IMP  1715492 15
324523256 Intractable. 12582827 236
324592391 IMP  1453933 5
324801434 IMP  2717190 20
324891205 IMP  1105275 5
325037313 IMP  6973852 198
325066683 IMP  3651351 40
325181198 Intractable. 11201129 395
325301789 IMP   497281 1
325305204 Win  5162369 41
325430977 IMP  4365053 31
325664281 Intractable. 12293987 374
325725452 IMP  4395120 243
325739389 IMP 11834529 390
325875818 Win  2675849 31
325885021 IMP  4534802 30
326251467 Win  2057713 14
326434912 IMP 10489347 148
326654162 Win  1124370 3
326754725 IMP   811302 2
327049047 Win  1611662 10
327062487 Win  7606017 88
327141099 IMP  1223562 5
327267605 IMP  1745956 7
327565203 IMP  7310320 88
327618069 IMP  3212063 25
327720489 IMP  5118016 68
327720736 Intractable. 12646930 263
328077076 Win  4103431 94
328266355 IMP  3328546 27
328383619 IMP  3470187 23
328542948 IMP  8031731 122
328544427 Win   234158 0
328740013 Win   131163 0
329102417 Win 10029356 215
329186978 IMP  1095710 4
329238191 IMP  3298295 38
329678609 IMP    70050 1
329749148 IMP  2519040 20
329927181 IMP  1052969 4
330017988 IMP  1601493 9
330148067 IMP  2154303 8
330165174 Intractable. 11736866 316
330208368 IMP  2629057 17
330637423 Intractable. 12675152 410
330788016 Win   256174 0
330794066 IMP  2548245 29
330828136 IMP  1191897 4
330854821 IMP  1963194 11
331076623 IMP   767106 1
331207061 Win  3614593 21
331213002 Intractable. 11814259 213
331294567 Win  5728011 191
331472486 Intractable. 13283439 370
331532214 IMP   471605 1
331639503 IMP  2918434 49
331703791 Win   907964 2
331718834 Win  3056615 15
331749935 IMP   687658 2
331854853 IMP  1830380 13
331895542 IMP  6831938 97
332219027 Win   375990 0
332624342 Win   253493 1
332680881 Win     9795 0
332824571 IMP  5317604 88
332868351 Win  5528000 61
332997492 Win  3957167 27
333049931 Win  1245658 3
333097843 IMP  1408920 19
333119761 Win  1285079 3
333266562 IMP  1054879 5
333512403 Intractable. 12856029 279
333518482 IMP   846604 1
333708047 IMP   770861 2
333731060 IMP   450490 1
333782860 Win  4132531 39
334028557 Intractable. 10860093 333
334034326 IMP  2272096 12
334075396 Win  2730555 13
334112529 IMP  1371889 4
334127117 Win  3536240 16
334390608 Win  6703160 84
334510089 Win  3603261 21
334534441 Intractable. 14689621 450
334864085 IMP  2439255 18
334985368 Intractable. 12506583 252
335003696 IMP  4641622 36
335053148 IMP  1860218 19
335097000 Win  5963185 92
335156481 IMP  1316049 4
335509440 IMP  7000624 74
335744780 Win  1647689 6
335820944 IMP  1140585 8
335992947 Win  1008335 4
336028025 Win 13111658 254
336283050 IMP  1341704 4
336564792 IMP  1325292 4
336713858 IMP  6812643 79
336807428 IMP 11510235 458
337001954 IMP  1645754 5
337197175 Intractable. 12385622 370
337330608 IMP  1553376 7
337676324 IMP  1954777 19
337883682 IMP  6661360 196
338054970 Win  2666115 30
338083677 IMP   611525 2
338137967 Win  1637748 5
338229986 Win  5483547 49
338516396 Win  7087628 95
338671881 IMP  2354957 16
338760047 IMP   598129 2
338827847 IMP    97940 0
339096608 IMP  7084135 110
339228381 Win  1664003 7
339254085 IMP  4448845 47
339317119 IMP 10690189 236
339542068 Win  5552786 90
339691256 IMP  7585989 158
339917977 Win  2356494 10
339941514 Win   810307 2
339987991 Win   532733 1
340222997 Win  3067591 12
340322024 Win   800052 2
340410596 IMP  3374123 16
340442419 IMP  2195401 19
340665092 IMP   871875 3
340855675 IMP  1722606 7
340968217 IMP  5054271 31
341049181 Win  5094179 73
341116737 Win    60576 0
341446507 Win  2721476 15
341486951 IMP  1641108 9
341495440 Intractable. 12602724 286
341672168 IMP  1756606 8
341687763 IMP  3506607 29
341733645 IMP   566296 2
341856511 Win  8725595 117
341973222 IMP   933784 3
342206082 IMP   588791 3
342250444 Win  2625981 16
342251505 IMP   554755 2
342302172 IMP  3243105 25
342313056 Win  8387972 111
342456470 Win  1397934 4
342459468 IMP  2843119 25
342749998 IMP  3011978 37
342772317 IMP  4306928 32
342836318 IMP  3782505 49
343012077 IMP  9586477 223
343028227 Win  2749776 13
343083347 Win   944439 3
343124381 IMP  2552008 34
343138031 IMP  3319558 16
343206478 IMP  5331653 63
343211947 IMP   491481 1
343282414 IMP  6247781 292
343406319 IMP  4445205 37
343438637 IMP  4726672 170
343484072 Win  2839146 12
343672855 IMP  1871628 85
343829386 Win  4004640 23
343936509 Win  3445902 16
343962510 Win  1593754 4
344107497 IMP  1334933 4
344392503 IMP  5449271 140
344395206 Win  2710881 11
344461130 Intractable. 12539746 337
344472740 Win    61596 0
344633198 IMP  1649310 8
344636508 Win   664201 2
344684830 Win  4378942 41
344740396 IMP  1737347 5
344884279 IMP   356702 2
344959461 IMP  1973469 8
345258153 IMP  1635613 7
345397841 IMP   637021 1
345462786 IMP  2614989 45
345497669 Win  1339247 5
345605510 IMP  5263777 69
345804213 IMP  6762602 102
346217410 IMP  2190371 14
346232503 IMP  1923295 9
346393295 Win  8001804 95
346429170 Win    10127 0
346716710 IMP  3697297 22
346761010 IMP 10563823 609
346771975 IMP  8739084 317
346899436 IMP   647312 2
347007594 IMP  1413696 4
347140045 Win  6496647 82
347149529 IMP  1161027 5
347324236 IMP  4051719 66
347390676 Win  2135270 12
347454661 IMP  1109692 5
347728572 Win  2290028 9
347759147 Win     6180 0
347774313 IMP  7894519 137
347961361 IMP  3290330 41
348074704 IMP  1461198 7
348317656 IMP  7752697 171
348494906 Win  7059047 69
348509213 IMP  3127837 17
348512289 Win   931537 3
348524661 IMP  2819136 19
348534547 Win  1880794 8
348541393 IMP  5095865 54
348569211 Win  1698831 13
348647018 IMP  1354661 3
348669853 Win   751700 2
348783657 Intractable. 11322852 281
348832906 Win  1889328 6
349008629 IMP  6715644 178
349112787 IMP  9445981 257
349284890 IMP  3958170 30
349377133 IMP   450179 1
349511336 Intractable. 13526502 324
Number of Freecells: 3   Mode: 

Winnables: 159
Impossibles: 253
Intractables: 38
Total time: 8 Hours, 38 Minutes, 52 Seconds
