30053971 Win   405853 1
30113831 IMP   891480 4
30114250 Intractable. 11937437 488
30123781 IMP  2504703 16
30251347 IMP  3289880 16
30260191 IMP  1181857 5
30272349 IMP  1165080 2
30281262 IMP   832027 2
30334128 IMP  2120224 19
30360779 IMP  1212416 4
30405400 IMP  1207876 2
30437485 IMP  4029590 27
30465232 IMP  4472815 36
30496726 IMP  1874082 11
30650305 IMP  3114610 24
30663318 IMP  2013762 25
30676532 IMP  2181419 12
30720933 IMP  2738244 30
30751445 Win  4188659 35
30774793 IMP  1416096 15
30841238 IMP   785937 2
30920963 IMP   943605 1
30926764 IMP  4801776 42
30976355 IMP  3053318 17
30995634 IMP  5501413 73
31134073 IMP  1503828 4
31142288 Intractable. 14847315 273
31212099 IMP  6530259 121
31375513 IMP   975098 3
31441457 IMP  1594143 8
31482799 Intractable. 12030362 193
31543240 IMP  1029288 7
31576129 IMP   258273 1
31673941 IMP  2719098 10
31729320 IMP  1701243 8
31952293 IMP  3113336 28
31979873 IMP  2259752 15
32001144 IMP  1154061 3
32025557 IMP  1650252 6
32122830 IMP  3339108 34
32587691 Win   436430 0
32616324 Intractable. 14009393 223
32628476 IMP 11153647 616
32640006 Win  1985477 9
32701165 IMP  1302979 5
32711781 IMP  2394005 23
32721366 IMP  1873021 13
32853708 Win  1685382 9
32856733 IMP  2499695 32
32871291 IMP  8830098 225
32884715 IMP 11524110 426
32893372 Win  3234402 16
32932906 Win  3806957 34
32933431 IMP  2616363 22
33026852 IMP  1458306 8
33150920 IMP  1157844 13
33249174 IMP  7645080 110
33368776 IMP  1376755 5
33370992 IMP   958498 3
33421795 IMP  2538276 14
33467109 IMP  1404240 4
33582322 IMP  1040803 4
33636360 IMP   260922 0
33693781 IMP   759073 6
33742183 Win  4814343 53
34161800 IMP  3116579 19
34211038 IMP   614156 3
34253299 Win   221915 1
34310262 IMP  1488576 10
34388220 Win  1370128 3
34410653 IMP 10737611 207
34471034 IMP  1920803 16
34615133 IMP   295126 0
34679665 IMP  8628049 135
34973197 Win   475376 1
35107443 IMP  2201202 31
35184573 IMP   447202 1
35381389 Intractable. 13937900 321
35390086 Win   213742 0
35405046 Win   168529 0
35464713 Win  2356802 13
35487038 IMP  3745047 75
35632965 IMP   892972 2
35687052 IMP  2024069 13
35716285 IMP  1138537 3
35823024 IMP  2638731 27
35934210 IMP  2049320 10
35984593 Intractable. 13099200 507
35997532 IMP   480121 1
36145593 IMP  2298371 21
36156914 Win   421170 0
36191523 IMP  2759978 13
36210777 Win   833408 3
36378646 IMP   858524 2
36605665 Intractable. 14338775 480
36632223 Win  5154719 75
36744622 IMP  2491948 11
36754923 Intractable. 12768905 259
36959376 Win  2592406 25
36972807 IMP   889468 3
37016921 IMP  1610909 9
37028848 IMP  8976160 190
37060659 IMP  3079529 22
37071934 Win   427112 0
37116868 IMP  1474780 9
37147934 IMP  1515148 5
37153681 Win  5415273 123
37356282 Win  4736706 52
37422399 Win  4306638 34
37472808 IMP  1715995 7
37491854 IMP  4324030 45
37659913 IMP  3164312 29
37660285 IMP   907984 3
37685322 IMP  3106154 28
37690159 IMP 12158146 416
37693201 IMP  4158815 137
37777093 IMP  1737907 9
37835812 IMP  2556057 32
37991526 Win  2529909 14
38005407 Intractable. 11752891 360
38011150 Intractable. 10714606 262
38033571 IMP   699701 7
38091732 IMP    89905 0
38109152 IMP  8974929 285
38137858 Win  1294764 3
38147049 Intractable. 12930838 278
38157865 Win  8053857 112
38279451 Intractable. 11213223 287
38590187 IMP  1266626 7
38601639 Win  5839881 66
38613587 IMP   577258 2
38740607 IMP  1017271 5
38750781 IMP  1012417 5
38802792 IMP  1528141 11
38986984 IMP  5219021 67
39031428 IMP   865337 2
39113159 IMP  1234463 8
39113940 IMP  5573379 48
39134235 Win  3252173 19
39156591 Win   850753 2
39294376 Win   754486 1
39300920 IMP  4467425 56
39305947 IMP   326153 1
39336975 IMP  1205044 4
39461686 IMP  3664493 37
39558385 Win   228730 0
39620338 IMP   813342 5
39644604 Intractable. 13204789 427
39646493 Win  5783173 81
39659591 IMP   549488 1
39681653 Win     5039 0
39706126 Win    25224 0
39723164 IMP  2049736 20
39744796 IMP  1739271 7
39748214 IMP   100358 0
39797355 Intractable. 11285505 284
39952535 IMP  2812279 37
39971769 IMP  8115200 104
40061674 Intractable. 12250095 252
40075026 IMP  1957349 19
40083548 IMP   566389 1
40196763 Win  1695125 18
40247136 IMP   851316 3
40249563 IMP  3221115 51
40270243 Win  1191679 3
40474458 Intractable. 11179485 369
40482335 IMP  2035117 13
40591363 IMP  1063963 6
40608284 IMP  1092318 3
40614745 IMP  2190746 14
40663606 IMP  3222213 32
40719597 IMP   760345 2
40734457 IMP   168639 0
40790386 IMP   470997 1
40826520 Win 11770197 473
40829716 IMP  4599426 51
40844532 IMP  3051840 23
40900025 IMP   233373 1
40930020 IMP  3322437 38
40970254 Intractable. 12349109 251
41030033 Intractable. 13166954 309
41115351 Win  8876899 98
41142726 Win  7367727 115
41220233 Win  4441188 41
41239424 IMP  2146725 6
41285699 IMP  2736917 10
41289173 Win   124696 0
41336473 IMP  2063937 15
41353337 IMP  4912221 41
41402236 IMP 10553014 240
41411233 IMP  3547147 154
41437371 Win  2706454 11
41454463 IMP  6880447 83
41460404 IMP   611557 6
41488249 IMP    16257 0
41498281 IMP  3499209 16
41521712 IMP  6110327 133
41605617 IMP   289203 0
41607774 IMP  2245193 9
41640848 IMP   114200 0
41696073 Win   912843 5
41754621 IMP  9891993 236
41778125 Win 10293449 175
41791800 IMP  3312461 33
41862773 IMP  1559655 9
41874721 IMP  1439655 7
42022211 IMP  1520811 7
42022981 IMP  8244257 175
42085719 IMP  5779477 93
42165402 IMP  2299805 11
42250319 IMP  4815429 45
42358800 Win 13560139 241
42389975 IMP   616838 2
42463134 IMP  5947478 117
42491115 Win   313402 0
42517375 IMP   401466 1
42614010 IMP  2075311 13
42808254 IMP  4288605 34
42814868 IMP  3812815 26
43019007 IMP  5111373 31
43068834 IMP  1706860 23
43121200 IMP  3372395 28
43154536 Win  2211670 11
43191015 IMP  2093697 9
43282613 IMP  3973433 33
43297725 Win  3845417 31
43351125 IMP  1374294 5
43410046 IMP   292629 0
43494005 IMP   632315 1
43521457 IMP  2995144 19
43564245 IMP  3102559 15
43575628 IMP  4064036 56
43599225 IMP  1872870 32
43611110 IMP  3869782 29
43795293 IMP  2689832 20
43885973 IMP  1003852 4
43931121 IMP  2259555 19
44027305 IMP   485418 1
44116591 Intractable. 13341018 218
44126594 IMP  6173314 99
44179934 IMP   693436 4
44231294 Win  2714467 12
44240323 IMP  3953069 35
44265387 IMP  2944789 10
44268927 IMP   879357 2
44319738 IMP   985383 3
44333407 IMP  3509549 40
44356664 IMP  3049544 16
44360031 Win   143773 0
44387624 IMP   456773 1
44486904 IMP  1706592 6
44509285 IMP  1823249 5
44603692 IMP   279451 0
44723610 IMP   422748 1
44786795 IMP  4481454 35
44859999 IMP  2177043 12
44947512 IMP  4464719 31
45088796 Win  1528259 3
45106367 IMP   555011 2
45427132 IMP  1952214 31
45433357 IMP  3481467 17
45436106 IMP   638547 2
45458334 IMP  2707890 11
45498170 IMP  2278046 10
45504915 Win   581572 0
45512018 Intractable. 12769012 222
45577863 IMP   744632 2
45587349 Intractable. 13618987 392
45607946 IMP  3007216 12
45728146 IMP  6977112 190
45838756 IMP  6478197 57
45860696 IMP  2552426 9
45863869 IMP  2382815 23
46116444 IMP   912345 2
46202593 IMP  2177157 16
46218942 Win  4845143 29
46275717 IMP   790976 1
46297758 IMP  2764530 33
46317436 IMP  3434363 81
46325243 IMP  2947145 16
46433005 IMP  2616634 19
46600208 IMP   365379 1
46623556 IMP  1640450 15
46694651 Win   696326 1
46712122 IMP  1068219 3
46745899 IMP   374871 1
46785594 Win  1148920 2
46812083 IMP  5506700 73
46836525 IMP   897780 2
46889090 IMP  1107622 3
46944035 Intractable. 12023244 401
46968358 Win  1977420 7
47184479 Win  8941131 251
47258472 Win 13576888 317
47291279 IMP  6387468 70
47307338 IMP  3497925 27
47347972 IMP   790597 2
47399064 Win  3121534 18
47417579 IMP  3058972 15
47527960 IMP  4473678 62
47607478 IMP  2012282 55
47676801 Win  3799674 21
47787029 Win  3832956 30
47807649 IMP  1614868 5
47814081 IMP   983024 2
47855457 Intractable. 13124163 252
47870885 IMP  1039350 7
47987040 IMP  1100954 5
48002064 Win  9777420 131
48030299 IMP  7560642 106
48043789 IMP   135120 0
48096109 IMP  1066268 4
48109152 IMP   436058 1
48152933 IMP   585964 1
48192362 Win   366188 1
48242873 Win   596723 1
48322437 Win   761905 2
48368009 IMP  6126863 58
48375714 IMP  2951782 16
48508891 Win 11015248 181
48545101 IMP  2035975 12
48607718 IMP  1309100 4
48635336 Intractable. 14483319 335
48660538 Intractable. 11680759 471
48721808 IMP   541374 2
48739821 IMP  1010394 4
48832763 IMP  3862112 24
48927508 Intractable. 12289841 214
49043013 Win   567625 1
49091019 Intractable. 12618335 203
49157118 IMP   625872 1
49190374 IMP   857830 2
49249932 Win   983647 3
49253466 Win  1947920 7
49257701 Win  3177620 11
49304867 IMP   853474 2
49361219 IMP   661552 1
49425346 IMP  1353350 4
49428563 Win  4174661 23
49584105 Win    23064 0
49593618 IMP  1040367 3
49621110 IMP   580385 2
49673063 Win    16096 0
49781854 IMP  3001730 14
49812545 IMP  1766025 8
49840947 IMP  2341166 26
49888710 IMP   814469 2
49986218 IMP  1125358 2
50022158 Win  3088476 17
50022930 IMP  2172911 16
50066016 IMP  2674916 18
50120254 Win     2784 0
50120589 Win  1212208 4
50216622 Win  2931377 17
50225260 IMP   537108 1
50267258 IMP  1886284 4
50406165 IMP  5825179 83
50614738 IMP  4761873 44
50743456 Win   516331 0
50750587 Win  8247640 105
50780909 Win   942938 1
51027482 Win  1103302 2
51162005 IMP   583896 2
51322873 IMP  3680413 66
51345430 Intractable. 12243304 233
51484565 IMP  3507202 19
51557113 IMP  5635650 43
51703421 Intractable. 11212079 350
51858497 Win   748161 2
51900202 IMP  4844674 57
52026405 IMP  2043553 10
52053728 Win  6927390 82
52071513 IMP  2124778 11
52122887 IMP  2149315 16
52178930 Win  4295367 49
52332405 Intractable. 11992259 426
52335242 IMP  1898226 5
52517478 Intractable. 14695418 264
52525648 Win  4217303 21
52599256 IMP   188249 0
52777120 Win    22181 0
52795046 IMP   768193 3
52847015 IMP   782824 1
52864282 Win  4096638 59
52875454 IMP   721174 1
52897265 Win  1013396 2
52988354 Win   489049 1
53018543 Intractable. 12409569 313
53137880 Intractable. 11895058 227
53154808 IMP  3442050 32
53304059 Win  5311112 114
53318572 Win   984680 3
53544829 IMP  2455420 11
53621963 IMP   367517 1
53831308 Win 11444842 189
53884901 Intractable. 13476406 1303
53928648 Win  1723396 6
53947200 IMP   693153 2
53957584 IMP   184263 0
53959537 IMP   965096 3
53978968 Intractable. 12686453 493
53994022 IMP  1049212 3
54174566 IMP   953921 3
54209024 Win  2331413 7
54209552 IMP  2444079 17
54262538 IMP  5678683 50
54297040 IMP   936916 3
54305383 Win  2894569 13
54306625 IMP  1878437 11
54471652 IMP  1144900 6
54738259 Win  1808648 6
54792592 Win    15751 0
54818545 IMP  1270684 3
54926239 IMP  1405779 4
54979875 IMP  8767516 102
54984609 IMP   504458 2
55122216 IMP  9254351 141
55162694 IMP  3010258 22
55235568 IMP  3866908 58
55611160 Win  5378214 68
55651076 IMP  1996845 8
55657024 IMP   408554 1
55774093 IMP 12090008 288
55824819 IMP   494547 2
55928222 Win  8087220 114
56157937 IMP  1939076 9
56177651 IMP   315194 0
56181503 Win   683984 1
56193077 Win    98514 1
56203717 Win   751567 1
56217159 Win 11428365 192
56234590 Win   229015 0
56292013 IMP   169172 0
56395763 Win  8322303 84
56519294 IMP  1649192 8
56615781 IMP  1974256 8
56634399 Win  2701195 12
56685997 Win  6149354 67
56723973 IMP  1368550 6
56860831 IMP  2416873 14
56938097 Win     3386 0
56996802 IMP  2851485 13
57091207 Intractable. 11079843 210
57102435 Win  4877443 37
57114533 IMP   592184 2
57284373 Win 11509216 197
57358345 Intractable. 14123120 388
57446736 IMP    40585 0
57473295 IMP  1252246 5
57521469 IMP  4346130 44
57548541 Win    77852 0
57590481 IMP 13137869 565
57654008 Win  1806097 5
57704345 IMP  1772245 5
57753582 Intractable. 13151482 222
57806867 IMP   970103 2
57812928 Win   307212 1
57826062 IMP  1927441 15
57904415 IMP    78897 0
57913668 IMP   425123 2
57926273 IMP  7515503 186
57977968 IMP  3240595 26
58052795 Win   998583 4
58098368 IMP  3137558 20
58149217 IMP  3907796 24
58273966 IMP  3098083 15
58282468 Win 10722901 123
58285637 Intractable. 11299880 211
58319738 IMP   678002 2
58323391 IMP  3095314 22
58388514 IMP  3526628 37
58421291 IMP  1481774 3
58442252 IMP  8624103 201
58468737 IMP   505843 1
58469760 IMP  1401007 5
58505197 Win    55836 0
58516644 Intractable. 15665442 527
58708359 IMP   547802 2
58776463 IMP  1396557 13
58811995 IMP  4340008 24
58859186 IMP  4257693 35
58931387 IMP  8875873 199
58951999 IMP  5505393 64
58954879 IMP  2240599 8
59035167 IMP  1761106 5
59101097 IMP  2385448 16
59110217 IMP  1892549 7
59159720 Win  1565006 4
59173063 IMP  4162816 33
59248748 IMP  2042152 14
59268474 Win  3233871 15
59269345 IMP 10240448 171
59369536 IMP   914758 3
59382016 Win  5502934 36
59406002 IMP   601958 1
59438477 IMP   764250 3
59479780 IMP 12369598 668
59757115 Intractable. 13327582 261
59772054 Win  1211864 2
59836519 IMP  1256038 4
59875605 Intractable. 12515020 256
59904416 IMP  1284560 9
59958961 IMP  4287301 30
59971116 Win  1849375 8
60020313 Win  2274962 8
60028498 IMP 11263668 218
60030107 IMP  3833612 19
60141667 IMP  1031618 4
60162922 IMP   702894 2
60202819 Win  5289342 54
60220297 IMP  1567290 9
60456049 IMP   928095 11
60580739 Win  6512275 92
60596692 IMP   997066 3
60651492 IMP  1558649 6
60716960 IMP  1840188 5
60852849 IMP  1562735 5
60858110 IMP   767855 5
60907470 IMP  1422218 4
60924850 IMP  4932377 47
61090563 IMP   458538 1
61149106 Win  4563791 23
61400940 IMP   692184 1
61440905 IMP   158052 1
61528266 IMP  1301681 7
61553868 Win   268350 0
61762267 Win  4223854 100
61827020 IMP  5394865 72
61833351 IMP   794601 2
61871530 IMP   772570 3
62087115 IMP  2853365 23
62116193 Win   115142 0
62165583 Win   253526 1
62220801 IMP  1211826 3
62330403 Win  3080836 69
62391595 IMP  3155832 14
62458736 Win   466554 2
62463787 IMP  5708881 71
62549780 IMP  1368015 13
62592498 IMP  3058770 44
62635100 IMP  1708133 9
62657402 IMP  1763044 16
62669949 Win   894666 2
62679021 Win  1635568 4
62731784 IMP   264143 1
62744236 Intractable. 11690109 325
62824595 IMP  2817772 21
63025945 IMP  2242078 14
63080106 IMP  4256160 65
63276050 IMP  1549341 5
63513407 Win  2189631 9
63520093 IMP  3960588 139
63831108 IMP   666937 2
63867535 IMP  1958379 8
63903597 IMP  1604221 7
63912480 IMP  5041519 89
63978433 Intractable. 10657645 614
64038149 Win  4631090 46
64086033 IMP  2041651 7
64199257 IMP  3526604 19
64294696 IMP   594360 1
64362374 IMP  1188800 5
64455132 IMP  6481689 101
64473265 IMP   981492 7
64595982 IMP  1482627 5
64605076 IMP  1766283 8
64625533 IMP  3065614 24
64697899 IMP  1574607 7
64710070 IMP   235159 0
64883566 IMP   566932 2
64899322 IMP  1259791 5
64915378 IMP  2944550 13
64965675 IMP  2453254 13
65045801 Win  2364374 10
65051268 IMP  2098541 6
65059285 IMP  3615910 20
65143210 IMP   430841 3
65251146 Intractable. 11436781 318
65261483 Win  1718773 25
65266138 Intractable. 14423383 301
65280449 Win   495728 1
65320697 IMP   217956 0
65470077 IMP  2507378 12
65520473 IMP  4740467 27
65637570 Win  2555839 37
65679444 IMP  4456216 71
65752916 IMP  1676484 22
65813316 IMP  1948257 7
65897093 Win   620581 1
66020352 IMP  3764829 36
66132522 IMP   831931 2
66138630 IMP  1273055 7
66156562 IMP  1537560 5
66168205 IMP  1456779 15
66453785 IMP   534509 1
66511363 IMP  1043574 3
66528113 IMP   275276 1
66752607 Win  1097495 3
66780265 Win  1698610 8
66943659 IMP  5788129 118
66961094 IMP   977816 4
66990401 IMP  3598684 27
67190809 Win  3818594 22
67354194 IMP   335332 1
67369898 IMP   817680 3
67422371 Win   642130 1
67474199 IMP  1018291 5
67487530 Win    91812 0
67561515 IMP  6356243 76
67692485 IMP  1158016 3
67697053 IMP  7021090 66
67726495 Win  1160287 3
67787585 IMP   299356 1
67791600 IMP  1092511 2
67887774 Win  3948407 51
67964233 Win   354601 1
67971033 IMP  1319746 4
67972339 IMP  7787206 127
68045363 IMP  1245267 3
68049602 Win   134966 0
68103815 IMP  2794703 18
68119804 IMP   288019 0
68152590 IMP  5915850 56
68231936 IMP  1537648 11
68333720 IMP  2462297 18
68340532 IMP  5744930 43
68682353 IMP  4137701 29
68749553 IMP  1158169 6
68767167 IMP  1746454 7
68806047 IMP 11916946 224
68857190 IMP  1680670 5
68961000 IMP   823048 3
68963168 IMP  1705272 6
69021713 IMP  1281490 3
69022863 IMP  2441021 34
69093231 IMP   364907 2
69094006 IMP   240769 0
69133371 IMP   662407 2
69146661 IMP  2881644 11
69277204 Win   519088 1
69285904 IMP   404731 0
69305573 Win  1078596 3
69308843 IMP   830746 2
69368384 Win  1484616 5
69375869 IMP  4147972 118
69381947 IMP   255168 0
69395229 Win  3433942 16
69401407 IMP  1356574 3
69409761 IMP  2372368 19
69434612 IMP  4704464 45
69513802 Win  8347934 86
69531750 IMP   830335 4
69559326 IMP  2538896 15
69658953 IMP  1065056 3
69662207 IMP  3972107 32
69704511 Win  9332016 100
69782586 IMP  4074124 30
69799194 Win  7420970 117
69807009 Intractable. 11655313 260
69919070 IMP  1736935 6
70068833 IMP  2067584 9
70126952 IMP   798074 1
70130848 Win  5964527 50
70188135 Intractable. 13937070 410
70366507 IMP  2606784 16
70478514 IMP  5184551 37
70874530 IMP   376872 0
70886599 IMP   900863 4
71195562 IMP   559996 1
71272423 Intractable. 13505029 259
71292817 IMP  2401951 12
71397970 IMP   352099 0
71425724 IMP  1436055 3
71440461 IMP   868635 2
71636854 IMP  4747791 43
71648678 IMP   751600 2
71715249 IMP  2376549 25
71787213 IMP  1945717 15
71864345 IMP  4324534 47
72045999 Intractable. 13082651 240
72058754 IMP  4706990 30
72132715 IMP   451368 1
72235080 IMP  1842362 6
72288837 Win    54703 0
72375561 IMP   770082 3
72379865 IMP  6912990 152
72448039 IMP   690642 1
72478147 IMP  1334170 6
72570239 Win  1170427 2
72606776 IMP  3025616 26
72658445 IMP  1147597 3
72831808 Intractable. 11008407 279
72846452 IMP   208637 1
72871760 IMP   907381 1
72934537 Win   873650 4
72940219 IMP   883189 3
73094728 Win  1332723 5
73326786 IMP   438484 1
73332517 Intractable. 11852996 340
73332823 IMP  1577559 11
73360389 IMP  3901510 24
73438327 Win  6125119 108
73495211 Win  1369466 3
73505487 IMP   964623 4
73526900 Win  5313304 107
73568147 Win  4088772 25
73608534 IMP  2909936 89
73616178 IMP  1249625 4
73619179 Win  2661558 12
73690810 IMP  7005892 120
73852400 IMP   823910 4
74004115 IMP  2357200 11
74015290 IMP  5829786 47
74026619 IMP  1388868 12
74148467 IMP  8282214 180
74276101 IMP  1834363 11
74364121 IMP  1162651 3
74454833 Win  3673987 25
74475406 IMP   827005 2
74666965 Win  2506727 9
74746434 IMP  1525013 7
74820368 IMP   637866 2
75011156 Win  2103456 8
75021033 IMP  1663355 13
75051804 IMP   713906 2
75064444 Win   101666 0
75131976 Win  9805413 192
75196368 IMP  2587524 11
75261803 Win   949462 2
75280116 IMP  1020032 2
75289185 IMP  6033948 66
75511726 Intractable. 12065954 215
75516218 Win  1212322 3
75565204 Win   796506 3
75611381 Intractable. 11008555 241
75631385 IMP   472317 1
75640768 IMP  1764541 4
75687046 IMP  1542835 5
75942090 IMP  6174578 68
75947133 IMP  2188345 24
75970973 IMP   732016 2
75975572 Win  2117850 7
75979723 IMP  1874176 8
76185390 Win   225254 0
76213883 Intractable. 13314917 330
76263111 IMP  7828267 129
76305233 IMP   297268 0
76337568 IMP  2470795 13
76359176 Win  7299876 78
76406818 IMP  2354450 23
76524344 Win  4217680 26
76559193 IMP  4833300 41
76642750 IMP  1044605 3
76719144 Win    18345 0
76792928 IMP  5505844 133
76803206 IMP  1589183 7
76876397 Intractable. 13386257 307
76915107 Win  3940668 20
76940373 IMP  2595940 13
76947847 IMP   731867 2
76953591 Win  3478165 19
76987636 IMP  2977988 20
77079654 IMP  6193991 76
77082251 Win  7386902 223
77193377 IMP  1332190 5
77240694 IMP  3663629 78
77263937 Intractable. 13474679 480
77402796 IMP   803899 3
77440925 IMP  9184277 246
77507640 IMP  1698568 6
77547513 IMP  3504656 28
77591403 IMP  7515084 122
77627176 IMP  2352998 16
77722502 IMP  2616457 19
77734069 IMP  8010597 351
77844674 IMP  1201590 5
77964408 Win  1540873 4
78023296 IMP  1685928 8
78090081 IMP   950023 3
78090731 IMP   648327 2
78114608 IMP   326180 0
78125026 IMP  1965774 13
78190930 IMP  3940012 47
78279117 Win  5600973 60
78429073 IMP  2503368 7
78496696 IMP  5627328 79
78592681 IMP   322371 1
78622371 IMP  5575258 89
78649359 IMP   437336 1
78670902 Win  1942792 10
78704298 IMP  2036776 19
78914761 IMP  4218495 65
78921442 IMP  2899700 13
78979663 IMP  1365726 9
79027646 IMP  1709411 6
79102042 IMP  2777611 13
79110697 IMP   853552 2
79126512 IMP  5427709 38
79136243 IMP  8815250 407
79254786 IMP  1116322 4
79255897 Win   116512 0
79321353 Win  5443448 70
79334356 Win  5650775 115
79480386 Win   923124 1
79622461 IMP  1013384 2
79653965 IMP  1695402 5
79699162 IMP  2181627 11
79702541 Win  1350880 3
79774286 Intractable. 11610064 304
79849001 IMP  3378250 42
80089280 IMP   947592 2
80129870 Intractable. 12507911 284
80159895 IMP   907438 3
80235981 IMP   965565 4
80280623 IMP  3736190 49
80288698 IMP  1837248 13
80391511 IMP  1129420 4
80419039 IMP  2663144 12
80452203 Win  4269960 32
80498137 Win    77202 0
80521894 IMP   506459 1
80558997 IMP  5728397 78
80598927 IMP  2355638 7
80707322 Win  5042610 56
80833032 IMP  1027499 2
80853229 IMP   914281 2
80948547 IMP   281926 1
80970812 IMP  2234502 11
80990363 IMP  2362319 19
81053267 IMP   995021 5
81140148 IMP   566427 1
81217998 IMP  1736562 10
81321056 IMP  6327245 70
81365415 IMP  1095172 2
81371251 IMP   436475 1
81469470 Win   996574 2
81485332 IMP  1359554 5
81503175 IMP  1529668 7
81522758 IMP  1195332 4
81539072 IMP  3064946 47
81603733 IMP  5152272 96
81620755 Win  1333004 10
81772064 Win  1145511 4
81777256 Win  1112966 4
81804581 Win  8350678 132
81819200 IMP  1364285 5
81829610 IMP  1631324 5
81859226 IMP  1551649 12
81897121 IMP  1170514 8
81961418 IMP   247597 0
82126604 IMP     9127 0
82158363 IMP  1646983 6
82170835 IMP  3519638 18
82184874 IMP   798647 1
82596880 IMP   989902 4
82624501 Intractable. 12169983 207
82626772 Win   321608 0
82694233 IMP   803703 2
82748192 IMP  5794582 245
82763824 Win  1993517 14
82796079 Win  2953764 16
82827073 Win  1881475 8
82922113 IMP  1091772 3
83003781 Intractable. 13603825 221
83311192 IMP  1016434 1
83385341 Win   296935 1
83417073 Intractable. 12441143 319
83429539 IMP   597338 0
83447197 IMP  1194954 3
83488287 IMP  1268054 5
83496184 IMP  2084322 11
83650017 IMP  1050041 2
83700056 IMP  1077821 9
83701568 IMP  2221907 6
83733795 IMP  9568379 209
83838533 IMP  6069384 111
83931004 Win  4146886 26
84008029 Win  6367695 54
84038500 Win   554292 1
84093375 IMP  2286187 17
84162012 Win  3832611 38
84164817 IMP  2816383 29
84166435 IMP  1319587 3
84191479 IMP  9940021 205
84222831 IMP  1114265 2
84278705 Win   521202 1
84318182 IMP  5994393 70
84411135 IMP   766980 3
84498201 IMP  1307467 6
84658577 IMP  6879275 137
84694076 IMP   381275 1
84704929 IMP  1087456 2
84891195 IMP   618811 2
84920994 Win   440655 0
85062529 IMP  1480242 4
85080774 IMP   524626 2
85157060 Win 11130297 290
85163211 IMP   954992 3
85204336 IMP  2061995 16
85217517 IMP  2413939 12
85302169 IMP   576287 2
85340009 IMP   612969 1
85379037 IMP   529316 1
85393953 IMP   522970 1
85419717 Intractable. 12473291 523
85430413 IMP  1195391 8
85432514 IMP   679983 1
85483139 IMP  1386852 5
85493167 IMP   546492 2
85563282 IMP   360907 0
85618428 IMP   785389 1
85621324 IMP   613381 2
85629152 IMP  4422587 90
85664958 IMP  1162970 6
85703991 IMP   558209 2
85716397 Win   587104 1
85740280 IMP  1956266 15
85769440 IMP  1575577 8
85770611 IMP   651435 2
85775899 IMP   368654 1
85786669 IMP   529110 1
85800593 IMP   387706 1
85838979 IMP  4218659 227
85859020 IMP   708236 1
85948446 IMP  1165169 4
85951915 IMP   540000 2
86034230 IMP   931326 3
86036936 IMP  2013939 7
86050739 IMP   476262 2
86060544 IMP   649581 2
86072663 IMP   454307 1
86078989 IMP   223751 0
86102213 IMP  2089168 14
86145657 IMP   290598 1
86192924 IMP  1025543 1
86198858 IMP  2571852 7
86231447 IMP   837423 2
86355850 IMP   194343 0
86407923 IMP  1371213 4
86431549 IMP  1833199 20
86442245 IMP  4944736 174
86501008 IMP   846362 1
86570023 IMP   735960 10
86578114 Win  9761363 112
86588015 IMP  2358582 16
86602821 IMP   246055 1
86620538 IMP   350528 0
86661230 IMP  4595390 44
86694706 IMP   848741 2
86706375 IMP   757371 2
86715471 IMP   618391 2
86716609 IMP  1720524 6
86730657 IMP  1278272 4
86732386 IMP   861717 3
86872640 IMP  2787585 24
86892489 IMP  3831652 50
86916500 IMP   348519 1
86951597 IMP   513051 1
86958577 Intractable. 12771574 450
86964335 IMP  7895347 107
86978297 IMP  1161355 2
86986387 IMP  3307339 14
86988580 IMP   732366 2
86996765 Win  3045010 16
87015331 IMP 12285392 274
87036418 IMP    37155 0
87104878 IMP   185916 0
87118249 IMP   660080 2
87119047 IMP   328385 1
87126095 IMP   373375 0
87193079 IMP   702306 1
87198464 Intractable. 13196744 253
87204471 IMP   687701 2
87268044 IMP   413167 1
87333972 IMP  2373325 12
87365981 IMP   257299 0
87386644 IMP   570825 1
87400756 IMP   365976 0
87422812 IMP  1897209 8
87426362 IMP  3572935 51
87427506 IMP  7388814 127
87430336 IMP   263792 0
87444406 IMP  1215640 5
87454392 IMP   528165 1
87475218 Win  1440083 4
87515750 Win  3100412 13
87571635 IMP   580558 3
87635334 IMP  1676461 21
87641921 IMP  2036419 12
87644708 Win   547739 1
87695225 IMP  2296563 32
87723757 IMP   166904 0
87729170 IMP   338907 0
87765589 IMP   538187 2
87781295 IMP  1403263 4
87852150 IMP   599089 1
87870061 IMP  1535050 5
87882726 IMP   394229 1
87912758 IMP   725309 2
87937366 IMP  1588457 6
87948593 IMP  1065513 3
88040210 IMP  9546136 163
88086239 IMP   573725 3
88093668 IMP   813977 4
88095529 IMP  1320710 6
88099150 IMP  3163428 19
88123210 Win   563497 1
88231361 Win 11632434 208
88278106 IMP  1451089 6
88310225 IMP  3115741 15
88329076 IMP   787580 4
88329480 IMP   380138 0
88343161 IMP   430773 1
88349159 IMP   911307 4
88363031 IMP   589375 2
88366336 IMP   200344 0
88389979 IMP   293496 1
88407814 IMP   608776 1
88466699 Win 10203209 196
88474977 IMP   852761 5
88479497 IMP   862331 1
88486219 IMP  1022573 3
88503266 IMP  2091016 23
88508367 IMP  2156486 14
88515633 IMP   766246 3
88549050 IMP  8871675 217
88573136 IMP  2682026 17
88583392 IMP   770115 5
88604804 IMP   912511 3
88622923 IMP   333439 1
88636647 IMP  1119129 3
88648448 IMP   532780 2
88652042 IMP   368707 1
88675976 IMP  1060945 3
88735458 IMP   956524 2
88740375 IMP   493499 2
88759876 IMP  4778295 97
88768007 IMP   166060 1
88787175 IMP   493345 1
88842690 Win     6711 0
88856865 Win  2595269 9
88860655 IMP  2252323 20
88898494 IMP  1142930 3
88899922 IMP  3621590 86
88930169 IMP   718661 2
88936817 IMP   608259 2
88943716 IMP   756299 2
88961700 IMP   427966 1
89003762 IMP  3750739 45
89027147 IMP  8785030 145
89033607 IMP  1285079 6
89063377 Win  1140315 4
89118895 IMP   315756 0
89136243 IMP  2111823 11
89138606 IMP   692376 2
89160788 Intractable. 12245101 336
89168807 IMP   791086 1
89212047 IMP  2635540 21
89237690 IMP  1920564 5
89246952 IMP  4017644 69
89247297 IMP  7476123 153
89264189 IMP   663425 2
89282023 IMP  1116195 5
89367942 IMP   494292 2
89394473 IMP  6064332 121
89398184 IMP   893182 2
89420361 IMP   355290 1
89474572 IMP   267986 0
89498104 IMP  1813007 15
89515777 IMP   113161 1
89535797 IMP  7520098 126
89558563 Win  1596999 5
89609134 IMP   797214 1
89636103 IMP  1041641 5
89649109 IMP   619794 1
89663179 IMP   753908 1
89688639 IMP  1543561 12
89719683 Win   366225 1
89724606 IMP   249024 0
89739137 IMP   846475 4
89790310 IMP   511426 2
89792185 IMP  4818930 28
89815468 IMP  1501923 8
89820275 Win  9881291 191
89873958 IMP   704387 2
89893706 IMP   330251 1
89894133 IMP   771857 4
89928289 IMP   778186 2
89936263 Win  1144035 3
89969382 IMP   463601 0
90066209 IMP   866363 2
90094470 IMP  1693862 14
90123066 IMP   751174 4
90162108 IMP  2275508 30
90168411 Intractable. 11042504 282
90169514 IMP  1952067 15
90173410 IMP  1156053 5
90181207 IMP   493209 1
90196277 IMP 10630141 253
90251893 IMP  4386284 107
90284665 IMP  5670835 56
90335502 IMP 11301527 237
90368282 IMP   173852 0
90377051 IMP   660289 4
90402133 IMP  1180969 5
90426897 IMP   877541 2
90431049 IMP  1167221 3
90460940 IMP   916803 3
90464157 IMP   831353 4
90471200 Win  2479361 12
90494135 IMP   777394 2
90522495 IMP  2560020 48
90560923 IMP  2618564 13
90562579 Win   579949 2
90572303 IMP  1515646 15
90572859 IMP   423042 1
90584357 Win  1248362 4
90615539 IMP   477940 1
90648123 IMP  1798318 17
90649857 IMP   725440 3
90661057 IMP   735805 1
90694452 IMP    96518 0
90701816 IMP   381105 2
90705655 IMP   941850 2
90715735 IMP  3267845 26
90738226 IMP  1298326 6
90783899 IMP  1032968 4
90828164 IMP   376771 2
90839003 IMP   400440 1
90839351 IMP  4961239 91
90866720 IMP   469367 1
90883270 IMP   369553 1
90897867 IMP  1991510 36
90940294 Win   998040 4
90956253 IMP  2131537 10
91041674 IMP  2775406 12
91115117 IMP    88192 0
91172451 IMP  3861626 40
91173273 IMP   937424 2
91192729 Win  6340080 149
91200281 IMP   563695 0
91214630 IMP  1547634 7
91220118 IMP   535829 1
91255407 IMP   348453 1
91259299 IMP  6212057 93
91285802 IMP  1664884 7
91321505 Win     3004 0
91335075 IMP   619036 2
91388736 IMP  1989830 13
91399942 Win  8305303 146
91407109 IMP  1395342 4
91463166 IMP  5966583 83
91508119 IMP  2325600 14
91562394 IMP  1090042 2
91596399 Win  1751549 7
91600977 IMP   740414 1
91642241 IMP  2322470 13
91657590 IMP   428405 1
91677472 IMP  1405145 4
91693671 IMP   560805 2
91712950 IMP   708372 3
91758709 IMP  8023002 331
91792002 IMP   611309 3
91797619 IMP   498574 1
91891224 Win  2463254 14
91897640 IMP   529528 1
91905070 IMP  2872299 22
91953983 IMP  1015677 6
91957915 IMP  1393298 5
91964848 IMP  1345090 6
91969039 Win   877031 2
91980299 IMP   484664 1
92016335 Win  5754670 77
92039859 IMP  1794229 21
92065311 IMP  1457499 9
92177706 IMP  1750019 14
92206230 IMP   186445 1
92229755 IMP   296739 0
92234598 IMP   798182 4
92245472 Win  4526950 37
92251503 Win  1022571 4
92261749 IMP   345207 0
92275114 IMP   240920 1
92281436 IMP  1126867 4
92312338 IMP   542987 1
92321823 IMP  1508893 5
92338320 IMP   280715 1
92345407 IMP  1046446 3
92367114 IMP  7526509 134
92400635 IMP  1138873 4
92403161 IMP  7009984 109
92477094 IMP 11352755 332
92496506 IMP   873606 4
92507036 Win  1863659 18
92522895 IMP  2679399 15
92530431 IMP   528977 3
92558354 IMP  1649109 10
92649826 IMP  1347310 5
92681762 IMP   391038 1
92699730 Win   812127 2
92704214 IMP   959470 7
92709804 IMP   262355 0
92748916 IMP   524567 1
92766304 Win   637694 1
92784559 IMP  1749411 16
92870203 IMP  1323279 7
92892903 IMP   619133 2
92946160 IMP  6112875 110
93033090 IMP   427741 0
93099792 Win  2425259 18
93110093 IMP  1212323 4
93138095 IMP  5267756 65
93146803 IMP   440259 2
93188467 IMP   588354 1
93308160 IMP  2386770 17
93334703 IMP   171125 0
93349058 IMP  3127952 23
93351152 IMP   945334 2
93357858 IMP  1347453 5
93376025 IMP   275608 1
93393528 IMP   883011 13
93406256 IMP   412512 1
93422260 IMP  1928667 8
93425739 IMP   902532 3
93441023 IMP   568312 0
93466057 IMP  1844219 18
93469316 IMP   379916 0
93493972 Win  2423025 12
93504345 IMP   568906 4
93511823 IMP   987016 3
93513702 IMP   474892 1
93670748 IMP   903241 3
93700025 IMP  1493904 10
93747571 IMP   592753 1
93751961 IMP  1031283 7
93756515 IMP  1757323 7
93782724 IMP  6547071 68
93821076 IMP   164697 0
93824273 IMP  3216369 23
93846379 Win   328201 1
93874626 IMP   895848 5
93934628 IMP  1157569 6
93949840 IMP   731327 2
93957935 Win  2722770 13
93975354 IMP   666979 1
93986602 IMP   192029 1
94082010 IMP   315118 1
94082469 IMP   156239 0
94112758 IMP   540728 1
94125371 IMP  1567427 5
94128058 Win  1846168 6
94129517 IMP   381846 1
94154754 Win  1318374 3
94158927 IMP  3541167 109
94159880 Intractable. 13882388 400
94164912 IMP  4386540 63
94170297 IMP   919957 8
94177098 IMP  1528373 10
94199256 IMP   232882 0
94202415 IMP  1927652 7
94234353 IMP  1057752 4
94243448 IMP  1011461 2
94269477 IMP  1003289 4
94291094 IMP   783770 2
94296891 IMP   636724 1
94312370 IMP   199575 1
94341831 IMP   404362 1
94354410 IMP  1481932 6
94374279 IMP   653142 2
94403250 IMP    61505 0
94433565 IMP   582298 1
94441261 IMP   630891 4
94467181 IMP   524162 1
94508723 IMP   756074 2
94513495 IMP   368600 1
94565215 IMP  2308361 17
94567300 IMP   161260 0
94622276 IMP   306695 1
94654758 IMP   628459 2
94686790 IMP  8147382 172
94760214 Win   986525 4
94790916 IMP  1768045 8
94793007 IMP    81441 0
94800217 IMP  5098457 46
94845688 Win   538426 2
94870418 IMP   464052 1
94902270 Win   991537 3
94959191 Win    15653 0
94984032 IMP 10096966 367
94992064 IMP  7250173 109
95031630 IMP   813052 4
95050808 IMP 10057940 304
95080358 IMP   538648 3
95100383 Win  2805346 14
95101035 IMP   650487 1
95152348 IMP   458943 1
95172927 IMP  2330843 25
95206309 IMP  1055312 3
95210747 IMP   374909 1
95243697 IMP   961964 4
95247384 IMP  9081494 252
95301411 IMP  1065119 4
95309926 IMP   533842 1
95313401 IMP  3343524 33
95314390 IMP  5853384 71
95355053 IMP  7601725 160
95366219 IMP  1148447 3
95396479 IMP  2344633 13
95465058 IMP   544228 2
95505659 IMP   105326 0
95539203 Win  1066199 3
95551908 IMP  1524466 7
95572376 IMP   473125 1
95585098 IMP  1583712 7
95612150 IMP   465167 1
95660392 IMP   560317 2
95662683 IMP  1619861 11
95697050 IMP   677002 3
95736253 Intractable. 11172268 257
95748693 IMP  2338483 6
95749547 Win  9683716 221
95752314 IMP  6195860 158
95792283 IMP  1115402 3
95809040 Win  4284129 32
95820313 IMP  2317520 24
95830773 IMP    81195 0
95846342 IMP  1038763 3
95846990 IMP  1646444 17
95894193 IMP  1956542 21
95913510 IMP  1846605 8
95948229 IMP   339199 1
95949472 IMP   235631 1
96004362 IMP  3336605 25
96005202 IMP   413220 1
96013691 IMP  9241089 251
96052718 IMP  4009222 46
96054441 IMP  1452400 7
96077929 IMP  6982093 118
96077938 IMP   412260 1
96104255 IMP  2026738 18
96122707 IMP  2110508 14
96163309 IMP   242054 1
96247107 IMP   751730 3
96265379 IMP   465616 0
96281620 IMP  1901091 14
96302853 Win  3810356 28
96319549 IMP   120766 0
96330075 IMP   475544 1
96373792 IMP  2782364 22
96434514 IMP   370564 2
96440509 IMP   830907 3
96445241 IMP  3269183 18
96482236 IMP   259252 1
96504296 IMP   245049 0
96529264 IMP  1433510 7
96559972 IMP  2430919 12
96565540 IMP   618004 1
96581819 Win   108419 0
96598539 IMP  2441739 17
96624738 IMP   123674 0
96628241 IMP   708722 2
96643292 IMP  1866027 8
96663128 IMP  1147848 9
96664871 IMP   317765 1
96703281 IMP   502981 1
96725476 IMP   403509 2
96738952 Win   595394 1
96742339 IMP  4847350 87
96808073 IMP  2098932 11
96808133 IMP  4774626 45
96826227 IMP   999386 7
96962302 IMP   395483 2
97008865 IMP   582195 2
97026027 IMP   685937 2
97138577 IMP  1285069 3
97142554 IMP   862176 2
97196538 IMP  1678873 7
97203092 IMP  1051231 3
97208883 IMP   533999 2
97211517 IMP  1090892 3
97249863 IMP   699782 2
97251206 IMP  1258579 5
97252553 Intractable. 11003671 266
97272242 IMP  1311881 3
97292163 Intractable. 13518619 267
97307121 IMP  1607096 10
97381793 IMP    39949 0
97392805 IMP  1234458 6
97445859 Win  9679795 435
97446366 IMP   251182 0
97486300 IMP  3481309 28
97487160 IMP   506375 0
97516081 Win   792917 3
97556243 Intractable. 14071310 270
97574698 Win  4307072 30
97576579 IMP   459710 1
97584696 IMP   374822 0
97592668 Intractable. 13060084 377
97605240 IMP  1284529 6
97663987 IMP   365086 1
97755628 IMP  4716062 117
97759337 IMP   834726 4
97840938 IMP  1418830 5
97853785 IMP   211809 1
97885876 Intractable. 13058793 340
97891555 IMP   859347 3
97943041 IMP  1356074 4
97964684 IMP   312856 1
97965576 IMP  1491932 9
97969367 IMP   973941 2
98120221 Intractable. 12713956 395
98233971 IMP   979057 4
98241187 IMP   952411 3
98247290 IMP  1983100 15
98267494 IMP  1816708 7
98279194 IMP  1438013 4
98281493 IMP   285733 1
98337387 IMP  2786436 12
98342776 Win   275628 0
98346223 IMP   462785 2
98347554 IMP  1174328 5
98353058 IMP   552319 1
98356125 IMP   293591 0
98372206 IMP   622884 2
98383312 IMP  3107469 27
98421773 IMP   534535 2
98431651 IMP  3596422 28
98441847 IMP   372109 1
98446226 IMP   102965 0
98461849 IMP  2231957 12
98509825 IMP  1476803 6
98531517 IMP  3595692 22
98586732 IMP  1012379 3
98625530 IMP   657797 1
98632966 IMP   701160 2
98642500 IMP  1429808 10
98647493 IMP  1270557 4
98687532 IMP  4422722 48
98696457 IMP  5416818 78
98758656 IMP  2679650 22
98760149 Win  4393295 43
98774724 IMP   743129 2
98813098 IMP   709662 3
98868518 IMP  2136617 13
98871607 Win   316093 1
98882116 IMP  4869386 31
98914169 IMP  2683928 15
98932175 IMP   439328 1
98960686 IMP  2238961 15
98988492 IMP   478117 1
99004975 IMP   945043 1
99012972 IMP   661852 2
99014293 IMP  1124714 5
99079932 IMP   303298 1
99097923 IMP  1113447 4
99115843 IMP   787598 1
99134938 IMP   365142 1
99186608 IMP  8053251 256
99205207 IMP  1053050 5
99240613 IMP  8348961 160
99271671 Win  5151805 110
99320025 IMP  1517324 6
99331762 IMP   912268 4
99342948 IMP   473217 1
99352385 IMP  1234790 2
99438645 IMP   499510 2
99493567 IMP   393737 1
99541100 Win  3179327 23
99566156 Win   617436 2
99626301 IMP   167354 0
99653825 Intractable. 13944418 332
99681490 IMP   308524 1
99702280 IMP   811708 1
99726866 IMP   386943 2
99732750 IMP  1089344 6
99735847 Intractable. 12213682 226
99755789 IMP   787896 2
99821180 IMP   999410 2
99887392 IMP   907382 4
99890069 Win   687207 1
99899861 IMP   410655 1
99901413 IMP   723889 1
99901679 IMP  2953412 24
99915573 Win   744581 2
99925069 Win  8152336 99
99952499 Win  4053699 46
99970889 IMP   518560 2
99974758 IMP  3098821 32
9 Win    13417 0
Number of Freecells: 3   Mode: 

Winnables: 272
Impossibles: 1140
Intractables: 77
Total time: 17 Hours, 58 Minutes, 53 Seconds
