400015998 IMP  5782924 43
400035001 Intractable. 13433542 300
400056265 IMP  4581238 47
400122112 Win   688382 1
400169147 Win   993968 3
400231389 Win   191088 0
400333561 Win   146937 0
400338652 Win    36634 0
400371741 Win   315660 1
400455143 Win   981096 4
400554879 IMP  4525666 82
400557047 Win    50453 0
400560629 Win  7234465 118
400575516 IMP  1473277 5
400691975 IMP  2883910 18
400778583 Win  1877958 7
400804274 Win  9785575 238
400845897 Win    12423 0
400862780 Win   498062 1
400893757 IMP  5522431 129
400924546 Win  1141075 3
401036478 IMP  2078122 8
401107042 Win  3518729 44
401180819 Win  1215091 2
401181241 Win     7113 0
401190101 Win   260794 0
401520670 Win  1324733 4
401572462 Win  1101396 5
401616772 Win   393682 0
401739096 Win  9914478 161
401768985 Win  4691537 41
401831278 Win  4134456 26
401944496 Win    36909 0
402044755 IMP  2465072 17
402145893 IMP  1838108 9
402159790 Win  1942260 13
402180609 Win  3246935 18
402210224 IMP  5684169 141
402230522 Win  1206857 3
402259027 IMP  2050182 7
402494826 IMP   448870 1
402521527 Win   949121 2
402530919 Win  1824684 9
402531249 Win   371158 0
402593349 Win  3607387 20
402605353 Win  1094542 2
402612164 Win    53246 0
402623333 IMP  1314368 4
402625526 Win    28280 0
402680150 Win  4498651 33
402760291 IMP  3790429 25
402866090 Win  3363792 15
402884334 Win  3113355 17
402916125 IMP  3830017 40
402916418 Win  5746447 65
402919542 Win    50874 0
402959600 Win   618244 1
403026021 IMP   832705 2
403066927 Win  3113784 16
403148559 Win   922172 3
403246203 Win  5511720 89
403270114 IMP  1091363 3
403301637 Win  2875878 39
403302658 IMP  3339425 32
403451144 Win   765616 2
403458841 Win  9108061 144
403554506 Win  2687915 13
403567097 IMP   682241 2
403580407 Win   781785 3
403604758 IMP   955404 9
403712112 IMP  4325439 32
403830400 IMP   956703 2
403841953 Win 10057797 205
403883527 Win   422311 0
403886929 Win   502635 1
403928149 Win  4086212 52
404094467 Intractable. 11434815 451
404106227 IMP  9769590 146
404153583 Win    39817 0
404198578 Win  3352851 19
404236945 Win   275629 0
404253418 IMP   690495 2
404254731 Win  1152450 2
404317396 Win   306554 1
404334947 IMP  4563454 44
404343906 IMP  2145663 18
404377910 Win  2535340 14
404484957 IMP   339382 0
404526692 Win 11456793 374
404649251 Win   101457 1
404682019 IMP  3551858 18
404699696 IMP  9359404 196
404813646 IMP  5673792 86
404823966 IMP  2414323 15
404860515 Win  8470819 150
404884764 Win   125530 0
404957132 IMP  1147311 7
404978571 Win    40455 0
404985754 IMP  8751708 126
404986743 IMP  6161299 220
405018970 IMP  2577924 26
405063271 Win  1327489 4
405087834 Win  1202638 3
405111075 Win    22134 0
405176820 IMP  6910172 121
405232154 Win    69225 0
405269391 Win  8357018 119
405340879 IMP  5133536 44
405397194 IMP  2656713 14
405441970 Win   102122 0
405452791 IMP 10626459 294
405494057 Win  4282259 33
405502803 IMP  1921732 8
405507399 Win  1167453 3
405633887 Win   537744 1
405686115 Win   172485 0
405926889 Win  2585268 17
406034551 Win    15664 0
406087914 Win  1566316 7
406090114 Win  1650932 8
406100789 IMP  2848937 23
406137780 Win  1093240 3
406290127 Win    16670 0
406318896 IMP  3545846 19
406400898 Win   418753 0
406443094 Win  3862052 24
406497773 Win   494146 1
406590672 Intractable. 11436244 244
406676807 Win  4377992 42
406688902 Win  2942615 15
406713267 Win  2595478 15
406726606 IMP   664808 2
406813695 Win   340094 0
406899700 Win    34731 0
406918008 Intractable. 11914867 218
406996276 Win  1800884 11
407032279 IMP  1976581 12
407104208 Win  1141687 4
407136091 Win  2578508 11
407156421 Win     5494 0
407218613 IMP  2750212 26
407289260 IMP  1499059 10
407328136 IMP   831025 3
407368083 IMP  2078582 10
407387309 Win   685202 1
407505511 Win   641374 1
407543207 IMP  2545252 19
407573343 Intractable. 14641085 296
407664093 IMP   622613 1
407746670 IMP   788700 1
407754352 Win  1179637 3
407921532 Win  1386561 5
407983572 Win   104991 0
407997146 Win  1124791 3
408020189 Win    10773 0
408026881 Win  7675459 91
408053431 IMP   483929 1
408078177 Win  4961535 44
408102086 Intractable. 14808291 335
408130003 IMP   727585 2
408135955 Win   191992 0
408241944 Intractable. 13428655 433
408245316 Win   244880 1
408273793 Win  1230545 3
408302571 Win  1891353 12
408346620 IMP  2123313 12
408362311 Win  1317463 4
408491459 IMP  2238396 14
408530293 Win   571498 1
408549222 Win 11209146 191
408670340 Win  6924185 97
408793682 Win   244109 1
408820311 Win   361647 0
408824758 IMP   161015 1
408885350 Win   705946 0
408907468 Win  1560598 14
408965922 Win   814659 2
409070200 IMP  5295367 129
409130451 IMP  4404772 41
409199644 Win   804391 3
409204947 Win   389991 0
409260475 Win   733782 2
409289604 Win     5625 0
409349279 Win   143741 0
409448012 IMP   705301 1
409475519 Win  2751422 40
409517216 Win   410348 1
409561997 IMP  5491854 62
409636689 IMP  4292722 38
409676913 Win  2954695 17
409726073 Win  9455845 223
409788084 Intractable. 12388299 273
409795001 Intractable. 12616373 371
409853321 IMP  1461962 6
409871243 IMP   557040 2
409911100 Win    94307 0
409945514 Win 10427483 168
410063245 Win  1485948 5
410094948 Win    76606 0
410105973 Win   561217 1
410171851 Win   698370 1
410229201 IMP   544690 1
410369099 Win   273413 1
410394065 Win  2149252 6
410426950 Win  8183121 141
410490447 IMP  1610367 20
410510520 IMP  1121557 3
410569408 Win  2727431 15
410597605 IMP   990805 3
410599660 IMP 13334967 262
410668872 Win     3416 0
410766604 IMP  3228735 19
410900615 Win  1988092 7
410920645 Win  2897929 21
410947401 Intractable. 11593367 307
410969123 Win  9345252 144
410972412 Win  3852790 19
411110629 Win    22908 0
411177226 Win  1553139 5
411240157 Intractable. 13398303 359
411249937 Win  4780326 39
411289435 Win  4685484 32
411317140 IMP   285925 1
411356519 Win  1330691 4
411421827 Intractable. 11945032 375
411457383 Win    33183 0
411509124 Intractable. 11217142 231
411562100 IMP  9877466 319
411613782 IMP  1774002 7
411642818 IMP  3708625 46
411707329 IMP  1224150 3
411751842 Win   196714 0
411981377 IMP  3665176 41
412087883 Win   341793 1
412138735 IMP  1954752 37
412187421 IMP   743303 2
412315897 Win   414184 1
412345846 Win   153220 0
412426094 IMP  2770597 22
412438590 Win     3045 0
412438835 Intractable. 13273555 334
412443832 Win  1646084 10
412607580 Intractable. 11705481 256
412654761 Win  4198391 22
412874697 Win   225691 0
412917625 Win  4188550 43
412954454 Win  4130841 48
413018751 Win  1647565 4
413069530 IMP  1398843 4
413128364 Win  2240785 6
413276804 Win    57220 1
413303203 Win  2234320 8
413359990 Win   378203 1
413482603 Win    26480 0
413557549 Intractable. 12704497 459
413596917 Win    41766 0
413998259 Win   706159 1
414094080 Win  1371299 4
414189134 IMP   404518 1
414232265 Win  1116045 3
414294544 Intractable. 13223849 293
414559506 Intractable. 11795413 314
414560215 IMP  7244304 77
414591405 Win  1188127 5
414602806 IMP  2756429 12
414660401 Intractable. 11298288 211
414879271 Win   122728 1
414904533 Win    79230 0
414913670 Win   735171 2
414924378 Win   515603 0
415105235 IMP   891014 6
415155940 Win   249088 0
415284136 Win    46336 0
415297420 Win  5735803 39
415395129 IMP  4840141 48
415402902 IMP  2511959 9
415404895 Win   166664 0
415444006 IMP  3052383 15
415446736 IMP   599563 2
415470122 Win  3087045 33
415513837 Win  1692884 32
415519474 IMP  4304053 36
415547065 Win  4616665 41
415623393 Win  2252225 15
415672056 IMP  6409879 80
415698870 IMP  1319991 5
415711986 IMP  4661410 76
415758940 Win   157428 0
415767419 IMP   978300 3
415825518 Win  6841921 107
415956472 IMP  1672399 8
416059370 Win   678605 1
416126097 Intractable. 12830862 273
416177740 IMP  2142730 10
416249859 Win   201639 0
416261020 IMP  3875221 33
416370584 Win    33030 0
416375256 Intractable. 13330815 261
416396648 Win  6588128 75
416443335 IMP   853290 3
416500136 Win    54728 0
416510218 Win    66767 0
416575109 Win   798950 2
416615721 Win     9486 0
416632000 IMP   176907 0
416642377 IMP  1869350 7
416705664 Win   693289 1
416789328 IMP  4237545 41
416827268 Win  1890525 7
417021033 Win   359512 1
417037133 IMP   327873 0
417211945 IMP  2983616 23
417224888 IMP  2309617 15
417256923 IMP  5051527 66
417401814 Win   414578 1
417443673 Win    10038 0
417480734 Win  2211546 12
417619260 IMP 10356757 172
417620454 Win  2331358 10
417785748 Win  1050894 2
417792475 IMP  5778438 92
417831817 Win   506483 1
417946006 Win     7017 0
417976196 Win  2720220 16
418047061 Win   455666 1
418071948 IMP  3197616 25
418168101 IMP  1136277 7
418216267 Win     4769 0
418228660 Win  7251590 79
418246729 Win  1300439 4
418278575 IMP  1044729 2
418315475 Win  3523573 29
418426613 IMP  2167575 18
418429767 Win  1611038 7
418448599 Win   363265 0
418568836 Win   155707 1
418573409 IMP   850382 2
418579499 Win  3107894 25
418617425 Win  5028010 45
418695964 Win    23833 0
418839473 IMP  2940597 23
418901685 IMP  3536392 26
418924551 Win  7472359 70
419113547 Win   336670 1
419158882 Intractable. 11798325 311
419215013 IMP  5957115 94
419335579 IMP  4855219 65
419433598 Intractable. 11047241 281
419564295 Win  3987612 36
419618095 IMP  1740381 5
419621687 Win   563180 1
419652588 Intractable. 12254911 306
419705399 Win  7818848 119
419951945 Win    87971 0
420024531 Win  1280233 3
420040416 Win   538590 2
420116096 Win 10828632 199
420201498 IMP  7098525 76
420334731 Win   964468 2
420428746 Win   184763 0
420448560 Win     1180 0
420488972 Win  2470464 16
420493254 Win  3632966 30
420548801 Intractable. 13980246 533
420675158 Win   812339 1
420872569 IMP  2137304 11
420940525 IMP  4562873 84
420985928 Win  2741895 26
421021351 Intractable. 14124962 425
421124933 IMP  1807950 13
421182411 Win   387505 1
421235528 Intractable. 13017658 530
421290570 Win   539010 1
421429263 Win   129441 0
421469436 Win  2045367 8
421507300 Win   662618 1
421555921 IMP  1785709 9
421617729 Win  5461679 47
421861176 Win  1364837 9
421872773 IMP  2209219 13
422067570 Win  1820857 6
422090811 Win  2387459 17
422133419 IMP   781991 1
422186146 Win   104263 0
422203011 Win  7116424 152
422224783 IMP   729022 3
422326200 IMP  2190150 15
422329973 IMP  2028004 16
422340092 Win  2827423 23
422384518 IMP  2052483 36
422462356 IMP  2328417 16
422541183 Win    13108 0
422566011 Win     6788 0
422598262 IMP  2204855 9
422617928 Win  2348418 9
422665024 Win   495568 2
422672168 IMP  7967341 179
422741602 Win    47801 0
422744924 Win    41042 0
422801828 Win  5624299 99
422812904 IMP  1626273 4
422840143 IMP  2895270 51
422866009 Intractable. 11772021 319
422906936 Intractable. 13402702 252
422917626 Win   255882 0
422918869 Win    77395 0
422920158 Win   964052 3
422959189 Win  3671697 23
423017354 IMP  1275238 4
423018094 IMP  2396194 34
423043878 IMP  2869643 25
423082596 Win   141689 1
423128118 IMP   552647 1
423132999 Win   459648 0
423154921 Win   907834 2
423163128 Win  1566329 8
423212548 Win   292893 0
423217989 Intractable. 12134402 318
423234491 Win  9892221 142
423365359 IMP    32952 0
423383813 Win  2894634 15
423387315 IMP  1066579 3
423456577 IMP  1353729 3
423539410 Win  2072564 10
423572533 Win    79801 0
423622400 IMP  1527841 6
423662986 IMP   255164 0
423734306 Win   286199 0
423813573 Win   162020 0
423818187 Win     3909 0
423994849 IMP  2239474 18
424040848 IMP  2362343 13
424071337 Win   151056 0
424146531 Win   720413 2
424323058 Win    44441 0
424387646 Win  1024376 2
424411928 Win  7354906 234
424424710 Win  4527672 96
424830769 Win    77731 0
424855850 Win  1745611 10
424856874 Win  2000469 11
425025604 Win   973441 5
425078957 IMP  1771557 11
425108859 Win   248155 0
425127292 Win  1175078 4
425207568 IMP  1312972 8
425250517 Win   629999 1
425253982 Win  3911821 25
425266213 Win  8648878 156
425369092 Win  1422055 7
425374007 IMP  1449007 8
425443449 Win   341202 0
425491548 IMP  9588541 271
425576016 IMP  2787099 22
425634453 IMP  4817048 54
425753166 Win  3085231 22
425767820 Win  3185739 14
425887539 IMP  3129744 13
425902347 Win 12237337 196
426014514 Win     5761 0
426046630 Win    57490 0
426063145 Win  2364187 13
426270119 Win  2370920 9
426329252 IMP  2296468 14
426361858 Win    67084 0
426380614 IMP  4433797 68
426406899 IMP  5471869 65
426486183 IMP  5244820 36
426489718 Intractable. 12547528 350
426496634 Win  7432482 128
426518898 IMP  5178780 71
426522001 Win   974689 2
426540447 IMP  1838603 6
426617542 IMP  7523327 180
426774192 Win  2729837 14
426795305 Win   844439 2
426837078 IMP  1517672 7
426863726 Win  1286786 3
426869412 Win   355105 1
426872294 Win   322979 0
426877258 Win  3700970 21
426915441 Intractable. 10759716 379
426927293 Win  1934773 9
426932151 IMP  3941540 73
426951469 Win  5127980 67
426981097 Win   644471 2
427013745 Win   521653 1
427067489 Win   712827 2
427081439 Win     2986 0
427097336 Win   376813 0
427141468 Win  4176316 38
427273205 Intractable. 12946406 505
427276442 Win  2790352 27
427296422 IMP   555754 2
427318403 IMP  7615237 112
427343336 Win   349248 0
427391051 Win  2662224 21
427435968 Win  3807955 25
427487645 Win    77004 0
427615417 Intractable. 13235254 259
427633760 Win   764747 2
427657281 Win   789066 1
427676962 IMP   948467 4
427696641 Win   306028 1
427723639 IMP   407062 0
427787829 IMP  5073162 39
427793762 IMP   604686 1
427802209 Win  2741946 12
427895677 Win     4261 0
427920373 IMP  1056474 2
427952797 Win   556810 1
428110291 IMP  1613431 6
428129034 Win  1289804 3
428215669 Win    23007 0
428268340 Win   430497 1
428388543 Win    38672 0
428433530 Win  5083564 73
428466846 IMP  8343210 175
428561214 Intractable. 10916064 502
428669939 Win  1691229 8
428740103 Win   399227 0
428773110 IMP  6706228 82
428848018 Win  7723331 299
428860011 Intractable. 13442257 303
428880740 Win  2708842 12
428891015 Win    26858 0
428903734 Win   122808 0
428955355 Win  1070419 3
429092286 Win   254425 0
429145451 Win 11626930 194
429147769 Win  1685998 4
429169527 Win    12092 0
429222543 IMP  1546585 5
429288032 IMP  1915190 12
429291355 Win  7413532 183
429349124 IMP   819231 2
429387144 Win  5221427 66
429426546 Win  2554427 11
429446587 Win   691491 1
429453270 IMP  9688915 153
429510699 IMP  3842659 37
429523345 Win   104509 0
429596217 Win   207867 1
429722068 Win   590566 1
429801410 IMP  3528528 54
429824409 Win   250785 0
429834541 Win   973243 4
429838871 Win      497 0
429942578 Win  2485649 9
429949779 IMP  1392718 6
429984572 IMP  1334360 6
430052416 Win  1103534 2
430193099 Win   922420 2
430226948 Win  2026171 7
430394548 IMP  2550047 17
430430523 IMP  4705327 75
430462309 Win   353391 0
430501339 IMP  1824689 7
430553293 IMP  5234144 60
430576439 IMP  1496233 6
430578406 Win   205051 1
430606375 IMP  4819069 50
430764778 Intractable. 11744246 481
430764885 Win   795017 3
430864266 Win   661400 3
430877754 Win   187087 0
430889806 Win  1946333 8
430896193 Win  2205218 11
431091398 Intractable. 10798942 238
431147588 IMP  1734753 18
431231563 IMP  4484413 36
431279564 IMP  2203761 12
431334411 Win  3611071 20
431369628 IMP  5824410 122
431370155 IMP  4687335 77
431406935 Win  2233563 10
431427126 Intractable. 13156143 743
431459050 Win  8219426 154
431475270 Win   152709 0
431533588 IMP  2138221 11
431606720 Win 12592037 226
431609244 Win  2059943 7
431615762 IMP   604616 1
431657198 Win   760443 1
431796428 Win  2881916 13
431853932 Win   107090 0
431869621 IMP 11260883 219
431946402 Win  5921422 46
431997322 Win  1857897 9
432022462 Win   132644 0
432121485 IMP  1840156 18
432165892 Intractable. 11744217 247
432203614 Win  2076076 12
432216285 IMP  2358419 11
432241403 Win  1033919 2
432292314 Win  1174842 4
432316324 Win  3594399 40
432324928 IMP  1093341 5
432326788 Win  1012377 2
432367606 Win   942399 4
432534378 IMP  7368614 166
432558885 Intractable. 12199205 290
432569202 IMP   661914 1
432612566 Win   247014 0
432707299 IMP  8228053 291
432753744 Win  3670845 45
432756992 Win   318697 0
432803281 Win    55199 0
432803934 Win  5042041 80
432814666 Intractable. 15104928 454
432828130 IMP     6648 0
432849250 IMP  6614599 104
432942469 IMP  6079318 57
432978704 Win  3347007 26
433100518 IMP  2511637 15
433103696 Win   382081 1
433266660 Win   290787 0
433278567 Win  3622621 18
433313944 Win  2070100 10
433317299 Win   125056 1
433365982 Win  2145122 7
433419382 IMP  5175283 41
433424154 Win     2757 0
433533472 IMP   661538 1
433555996 Intractable. 11376494 447
433580341 IMP   801471 2
433581577 Win   376957 1
433709782 Win   121852 0
433742501 Win  1867071 6
433744254 Intractable. 12089676 323
433790119 Win  6109079 76
433867666 IMP  2201187 22
433940749 IMP  1683486 7
433978182 Intractable. 10357359 381
434022048 IMP  3126783 31
434072449 IMP  2506569 22
434123196 Win   989418 3
434168012 Win 13274797 228
434474113 Win   222344 0
434565503 IMP   421122 1
434571093 Win   774996 2
434696018 Win   475227 1
434700251 Win  2674206 10
434716333 IMP  1092867 5
434759645 Win  7089332 77
434900207 Win  1641767 5
435044060 Win  4671000 29
435100411 Win   440961 1
435216697 IMP  1112819 4
435345812 IMP   912050 2
435410205 Win  1816939 5
435433775 Win   510612 1
435489508 IMP  1927399 6
435526155 IMP  4236628 43
435637934 IMP  3283930 20
435647885 Win  3505312 34
435690711 IMP   782750 2
435698963 IMP  4092272 49
435760773 IMP  1859701 9
435796979 IMP   963427 2
435830342 IMP  4918934 54
435918618 IMP    54440 0
435950194 Win    54052 0
435954332 Win    44057 0
436065746 Win  8362219 140
436089314 IMP  3010048 28
436093996 Win  5071673 68
436110241 IMP  1150399 5
436342436 Intractable. 14432721 546
436366310 Win   178277 1
436388355 Win   208382 0
436414448 Win   766737 1
436429172 Win 10293777 201
436452913 Win   268627 0
436522564 Win 10208423 190
436598698 IMP  1886324 14
436736670 Win   683426 1
436799248 Win  1442930 4
436802656 Win  1339105 4
436830094 Win     4766 0
436860850 IMP   824054 2
436925432 Win   383498 0
436931404 IMP  5031968 99
436963396 Win   223474 0
437169651 Win     3855 0
437179490 Intractable. 11291117 382
437210194 IMP  3161241 32
437231239 Win    25645 0
437239210 Win  2799463 26
437246864 Win  1384932 4
437248792 Win 13013783 243
437265975 IMP  1351735 6
437326167 Win   932385 3
437386693 Win   208000 0
437514471 Win   103526 0
437531030 IMP  6390753 71
437562942 Win  8426385 169
437609064 Win  8242248 169
437611908 Win  1204906 3
437720444 Win  1376243 7
437722557 Win    92352 0
437777990 Win   425359 0
437807505 Intractable. 14058903 299
437819732 IMP   595155 1
437923524 IMP  3843066 46
437945643 Intractable. 12966375 609
438007194 Win    13051 0
438133149 Win  5058899 45
438159342 IMP  3619457 61
438217062 IMP  1048696 4
438223189 Win  5259531 42
438259341 Win   187895 0
438400662 IMP 10110108 217
438403160 Win   964393 2
438433566 IMP   644410 1
438441720 Win  2975672 23
438479267 Intractable. 11737213 383
438497592 Win   443820 0
438504082 Win   898811 2
438541255 Win    67423 0
438643331 IMP  3503837 45
438684293 Win  4760670 53
438803762 Win  4603947 76
438809674 Win  2205690 10
438823870 IMP  2201988 8
438866305 Win   629112 2
438928762 Win  1055728 1
438988898 Win    36034 0
439069815 Win   704696 2
439083284 Win   887800 2
439113370 IMP   458010 0
439122539 Win   999023 3
439143976 Win  1808004 6
439275513 Win   129640 1
439281057 IMP  3495287 23
439290048 Win   318403 1
439299653 Win  1218967 4
439421524 Win   475799 1
439439241 Win  1898747 7
439462393 Win    34783 0
439492653 Win   168517 0
439512421 Win   428695 1
439514149 Win  1656118 6
439818278 Win    56222 0
439868994 Win    61123 0
439885528 Win   275379 1
439901753 IMP  2068030 12
439961448 IMP   822563 3
440028084 IMP  1021340 3
440252468 Win  3007652 23
440276412 IMP  2083194 6
440290584 Win  2990939 20
440368259 Win  1840778 9
440400057 Win  3970156 29
440421524 Win  3323891 31
440499472 IMP  5193990 71
440521976 IMP  5680989 54
440684259 Win  3966377 32
440734410 IMP  2517183 25
440902947 IMP  1468789 5
440978512 IMP  2354968 22
441094883 Win   655284 2
441140947 Intractable. 12598805 436
441207839 Win  6696903 146
441227780 Win  6095269 60
441281574 Win  4050008 25
441303491 Win  1199498 5
441416240 Win   127980 0
441423923 IMP  1060446 2
441472130 Win    86453 0
441493368 Win  6702256 84
441565760 Win  3394212 15
441588392 Win  1694319 6
441728675 Win    19420 0
441902542 Win 12300258 288
441903059 Win  5131671 33
441960986 Win  6705876 66
442001970 Win   413156 1
442096566 Win  7138972 95
442108319 Win   503025 1
442151871 Win  2127973 9
442250950 Win   817035 2
442466166 Win   308357 1
442599645 Win   387880 0
442600978 IMP  2778603 22
442703596 Win  5948943 192
442733193 IMP  6324233 80
442801706 Win   622602 2
442851231 IMP  1446438 9
443120112 Win  2478777 10
443133853 Win   558079 1
443281469 Win   132535 0
443297402 Win 11934402 240
443330797 Win   628372 1
443334840 Win   402618 1
443366482 Win  5213528 43
443383979 Win    71401 0
443446173 Win   517214 2
443521398 IMP  4010745 31
443522217 Win    95612 1
443523924 Win  8463299 141
443552244 IMP 11556999 388
443606442 IMP  9613651 159
443659576 Intractable. 15061073 453
443698563 Win     1839 0
443725281 IMP  4542097 43
443727259 Win  5103898 59
443858704 Win  1267161 3
443914938 Win  3508951 23
443936962 Win   300840 1
443947592 Win   329869 0
443952760 Win   567213 1
443999218 Win 10650965 251
444027002 IMP   905896 2
444063575 Intractable. 12918199 330
444095722 IMP  3308166 22
444248855 Intractable. 12964250 486
444287396 IMP  2673641 15
444319767 IMP  1989448 15
444366013 Intractable. 12854662 385
444497512 Win  7666357 125
444557513 Win  1110482 5
444587593 Win    18350 0
444670480 Win  1428112 4
444684627 Win  2891045 13
444689308 Win   589676 1
444707386 Win  4215581 33
444717263 IMP  2600488 18
444725075 IMP  1088760 5
444844671 Win  1461389 4
444854391 IMP  2542558 14
444886538 Win   617858 1
444892163 Win  8692520 125
444955110 Win  4243867 20
445000816 Win   144027 1
445032777 Win     5078 0
445042515 IMP  5814803 93
445117506 Win   387782 1
445213312 Win   498801 1
445234390 Win  1185448 4
445278967 Win  5550139 41
445279419 IMP  2211756 22
445313922 IMP  1604984 4
445428577 IMP  1502762 7
445472233 IMP  2804436 25
445566585 Win   247423 0
445660830 Win   786024 2
445672875 Win  5290644 41
445697113 IMP  7738813 140
445744243 Win  4326155 32
445789499 Win   296093 0
445912248 Win   220540 0
445994620 Win  1084914 4
446044884 IMP  2143414 20
446065308 Win  1290416 3
446176387 Win    36663 0
446189306 Intractable. 15016601 473
446243404 Win   350970 0
446259157 Win    10178 0
446321439 Win   629468 2
446411425 Intractable. 14273300 462
446429086 Win  3683934 44
446429260 Win   893776 2
446445313 IMP  9733950 187
446502455 Win  9217574 160
446576117 Win    16413 0
446648951 Win  3135634 17
446686564 Win    52846 0
446805919 Win  9520108 225
446816365 Win   496758 1
446818498 Win   304689 1
446820410 IMP  2548908 13
446910438 Win    70985 0
446992751 Win  1506060 9
447020676 Win  1747015 9
447033008 Win  1215156 4
447041759 IMP   900852 5
447059154 Win  1168093 3
447097504 Win   202688 0
447140131 Win     3330 0
447161301 Win  3650656 34
447205374 Win   647387 1
447208710 Win  9830468 236
447348149 Win  2987484 23
447350429 IMP  2845992 26
447455327 Win  1579512 8
447586379 Intractable. 14105672 382
447667643 Win   941534 2
447680278 Win    29350 0
447684745 Win  1356205 3
447790011 Win  5431594 44
447826729 IMP  1390540 4
447846760 Win  6311238 109
447887281 Win  2311579 10
447897179 Win  7329653 104
448021740 Win   468177 1
448051070 Win  3356384 19
448134411 Intractable. 12042322 271
448147287 IMP  7588026 143
448174634 Win  1881512 8
448211961 IMP   885073 4
448325707 Intractable. 12287680 1853
448586911 Intractable. 12249085 356
448624280 IMP  2248451 29
448670492 Win   368224 1
448695121 Win    17600 0
448767005 Intractable. 12137419 270
448817287 IMP 10935095 169
448839982 Win  2459190 12
448921171 IMP  1711450 5
448925868 Win   499611 1
449015039 Win  3002890 12
449075105 Intractable. 12431331 238
449088526 Win  4570878 43
449195647 IMP  2086726 10
449221522 Win   492522 1
449307764 Win  1446078 4
449368725 Win  1163924 4
449384945 Intractable. 13348261 232
449468593 IMP  1309177 11
449480573 IMP  5502175 87
449494405 Win   297240 0
449620900 Win     4862 0
449628736 Win  5597956 57
449648264 Win   112290 0
449861553 Win  1323657 6
449989764 Win  2609103 14
Number of Freecells: 3   Mode: 

Winnables: 581
Impossibles: 282
Intractables: 64
Total time: 13 Hours, 47 Minutes, 47 Seconds
