6500076782 IMP  3092614 14
6500180887 IMP   430681 1
6500313748 Intractable. 11234961 692
6500756262 Intractable. 12108193 431
6500932004 IMP  1489378 4
6500970453 IMP  8827001 174
6501346897 IMP  2018212 8
6501371141 IMP  2878798 45
6501533322 Win   134481 0
6501604990 IMP  2050904 16
6501642738 IMP  7842950 361
6501647933 IMP   673108 2
6501733430 IMP  1403217 4
6501751654 IMP  2758804 26
6501949239 IMP   588912 2
6501967504 IMP  3860654 34
6502096785 Win  6281191 67
6502210607 IMP   744130 2
6502260046 IMP  2187367 11
6502271507 IMP  4197077 59
6502356227 IMP  6045774 64
6502376919 IMP  4075641 107
6502394620 IMP  5630270 44
6502487396 IMP 12716425 316
6502637829 IMP  3209800 40
6502842426 IMP   510644 3
6503107531 IMP  2501082 10
6503568030 IMP  2401497 17
6503608789 IMP  1531953 7
6503752371 IMP  1480243 8
6503968653 IMP  1328312 5
6504026650 IMP   875654 2
6504259407 IMP  6536836 93
6504299132 IMP  5703041 58
6504308785 IMP  2584422 12
6504640411 IMP   683026 2
6504761660 IMP  2903434 14
6504814833 IMP  3286972 31
6505036898 IMP  3648219 19
6505041174 IMP  2883983 23
6505190804 IMP  1212825 4
6505602982 IMP  2842296 26
6505639898 IMP  5517157 51
6505647520 IMP  6042252 72
6505704639 IMP  4262618 31
6505759464 IMP  1588996 6
6505782099 IMP   438659 1
6506075262 Win  6861651 67
6506172184 IMP  1829463 8
6506299330 Intractable. 13242913 301
6506801732 IMP  4118938 34
6506836767 IMP  6653367 295
6507122980 IMP  4269026 55
6507240017 Intractable. 11933224 348
6507256065 IMP  1180133 3
6507459951 IMP  2253795 31
6507534735 IMP   270618 0
6507579575 IMP  1019535 3
6507854647 IMP  6552042 188
6507910944 Intractable. 13311339 498
6508093652 IMP  4153700 59
6508097844 IMP   624527 1
6508450347 IMP  1832306 11
6508452624 IMP 10400801 463
6508733491 Intractable. 13899281 468
6508842637 Intractable. 13455685 561
6508884605 IMP  7388980 219
6509083512 IMP  2027774 23
6509339805 IMP  2538528 13
6509462337 IMP  1373617 9
6509482753 IMP  1822669 9
6509551125 IMP   759342 3
6509864037 IMP  4139443 45
6510021751 IMP   950155 3
6510102903 IMP  1294661 11
6510450094 IMP  4196881 42
6510624330 IMP  1933594 7
6510727150 IMP  2282194 12
6510764667 IMP  4888931 82
6510995616 IMP 12149499 1022
6511174040 Win   616546 4
6511201760 IMP  1691606 17
6511343492 IMP   904262 4
6511430326 Win  4882711 36
6511434101 IMP   852034 2
6511441558 IMP  4580346 59
6511648393 IMP  5944531 90
6511741037 IMP   743102 2
6511761019 IMP   844678 2
6511863654 Intractable. 14171859 522
6511876551 IMP  1923502 9
6511916653 IMP  1255851 5
6511932651 Intractable. 12329329 270
6512110914 IMP   333282 0
6512634347 IMP  1994833 14
6512669129 IMP  4342706 34
6512901478 IMP   437380 1
6512936664 IMP  1177130 3
6512956751 IMP  1365103 4
6512969046 IMP 10304791 366
6513203197 Intractable. 14167608 284
6513352973 IMP  5736697 101
6513418892 IMP  1708021 9
6513766007 Intractable. 12897510 405
6513781574 IMP  1759501 9
6513982207 Win   456783 1
6514186706 IMP  2839998 20
6514188105 IMP   815976 2
6514216161 IMP  4703101 37
6514490544 IMP  3919113 44
6514537882 IMP  4885808 77
6514919257 IMP  1344118 4
6515050925 IMP  3180225 16
6515178914 IMP   802317 2
6515217489 IMP  1494878 4
6515257171 IMP  1408067 5
6515407089 IMP  1075131 3
6515457425 Intractable. 12380820 297
6515476280 IMP   390890 1
6515949521 IMP  2074782 16
6516076748 Intractable. 13522857 418
6516230057 IMP  4159199 29
6516248521 IMP  2650554 26
6516422626 IMP  1271150 5
6516587602 IMP   456890 2
6517214732 IMP   339599 0
6517580240 IMP  1204052 6
6517640555 IMP 11977982 258
6518012580 IMP  3326093 40
6518446584 IMP  3284073 72
6518611585 IMP  2375108 16
6518654945 IMP  8560062 133
6519312344 IMP  1183723 6
6519787811 IMP  2625528 15
6520314600 IMP  7762359 123
6520336811 IMP  2823087 105
6520349901 Win   471621 0
6520474999 IMP   978243 2
6520553506 IMP  2746679 27
6520781566 IMP  2941891 22
6520984662 IMP  8347016 90
6521040120 IMP   559638 2
6521081384 IMP  8945575 179
6521322451 Win  8073255 209
6521350581 IMP 10154229 362
6521713357 IMP   916712 8
6521726618 IMP 11620974 554
6521732470 IMP  6131975 79
6522056069 IMP  6456156 115
6522332531 IMP  4375698 62
6522690500 IMP   855332 3
6522824633 IMP  7767914 105
6522868402 IMP  1828586 6
6522918840 Intractable. 10355931 389
6523171069 IMP  1060833 3
6524167836 IMP   300526 1
6524206302 Win    86251 0
6524319909 IMP  6399866 127
6524619347 IMP  4558775 36
6525033542 IMP  8850771 259
6525361035 IMP  4843986 66
6525537165 IMP  2921548 13
6526138281 IMP   742881 3
6526171604 Win   628892 1
6526236381 IMP  1947532 7
6526257399 IMP  8239148 143
6526288287 IMP   638370 1
6526305509 IMP  1097652 4
6526314347 IMP  6020040 77
6526436690 IMP  3202869 51
6526438140 IMP   219052 0
6526836092 IMP  7604981 131
6527298189 IMP 12385997 531
6527463059 IMP  3310293 30
6527724257 Win  2616246 12
6527873923 IMP  2343512 12
6528135331 IMP  2325442 10
6528234775 IMP  2156279 12
6528286043 IMP   370741 1
6528317492 IMP  2811825 23
6528928386 IMP   941078 4
6529131775 IMP  4100873 82
6529506884 Intractable. 12117434 658
6529598852 IMP  2305468 13
6529644023 IMP  1119833 8
6529922498 Intractable. 12651319 608
6530209969 IMP  2429174 14
6530437124 Intractable. 13364817 505
6530598140 Win  1317862 5
6530613179 IMP  1492009 5
6530912414 IMP  2472091 26
6531214997 IMP  1162719 4
6531272843 IMP   637080 2
6531371973 IMP  2267418 13
6531532026 IMP  1058073 3
6531656123 IMP  5624425 73
6531677634 Win  3832981 31
6532167926 IMP  1874669 20
6532590218 IMP   612441 2
6532593277 IMP  3101889 42
6532637548 IMP   661500 3
6533014137 IMP   349920 0
6533263668 IMP 10251967 265
6533351214 Win  7391388 90
6533513981 IMP   490045 0
6533550219 IMP  1828407 10
6533555393 IMP  3267283 30
6534025791 IMP   445190 2
6534107055 IMP  4062751 27
6534562728 Win  2728359 15
6534789799 IMP  7875482 194
6534793174 IMP  6054114 102
6535015004 IMP  3149533 56
6535021234 IMP  1305923 4
6535241441 IMP   788432 3
6535415251 IMP  6786602 125
6535679207 IMP  8151963 106
6535917390 IMP  1956201 13
6535973434 IMP  3805825 69
6536129908 IMP  5779255 49
6536321286 IMP 11988940 238
6536505621 IMP  3764283 17
6536589524 IMP  9732549 150
6537105567 IMP    10078 0
6537139052 IMP  2251506 11
6537364396 IMP   949563 2
6537372929 IMP   566673 1
6537972090 Win   192036 1
6538099347 IMP  1161490 3
6538325610 IMP  5242083 118
6538411644 Win  1760563 11
6538428350 IMP   726127 2
6538451845 IMP  1310352 5
6538809816 IMP  4847309 163
6538833721 IMP  2372547 17
6538960591 IMP   939505 3
6539039798 IMP  1112676 5
6539085556 IMP 11134518 403
6539188388 IMP  3434704 31
6539413893 IMP  1495141 5
6539642463 IMP  7373577 180
6539876221 IMP  2663634 14
6540038761 IMP  4039737 45
6540403321 IMP   494489 2
6540428746 Intractable. 12899108 318
6540913350 Intractable. 12370998 450
6541221288 IMP   797698 2
6541268130 IMP  3609725 31
6541294973 IMP  1353015 9
6541472321 IMP  1699202 11
6541602745 IMP  4454921 36
6541870568 IMP  2468081 13
6541930997 IMP   830915 3
6542076449 IMP 10514737 217
6542133404 IMP  1343195 4
6542237247 IMP  6472480 50
6542606553 IMP   905625 3
6542821718 IMP  7911719 191
6542916006 IMP  4012801 43
6542936571 Intractable. 12611252 542
6543084271 IMP  6820403 81
6543146454 IMP   504003 1
6543249301 IMP  1888495 9
6543493191 IMP  2872724 19
6543547047 IMP  1317519 6
6543729457 IMP  2614266 14
6543767385 IMP  1961443 9
6543789592 IMP  1849284 6
6543986716 IMP  2308248 15
6544029795 IMP   720153 2
6544095237 IMP  2835741 21
6544112770 IMP  1500413 8
6544207842 IMP  1503460 10
6544351522 IMP 12300182 296
6544421984 Win  1695260 4
6544475649 IMP  2644713 10
6544498972 IMP   194806 0
6544612719 IMP  1879137 7
6544757977 IMP  3965081 42
6544764247 IMP  1595119 6
6544900499 IMP  2998130 18
6544974568 IMP  2133690 8
6545460931 IMP   635122 1
6545656344 IMP   526199 1
6546067973 Intractable. 14067891 354
6546120697 IMP  2279542 12
6546156147 IMP  1363657 6
6546336350 IMP  3485222 32
6546354154 IMP  1178481 4
6546443621 IMP  2592025 13
6546755453 IMP  2134148 14
6547140208 IMP  2208470 29
6547255638 IMP   683829 1
6547475208 IMP   626163 1
6547556638 IMP   975981 3
6547842442 IMP  4465092 77
6548057360 Win  3761518 21
6548178303 IMP   562138 1
6548427758 IMP  2000948 10
6548584797 IMP  3952949 21
6548596545 Intractable. 13885077 249
6548715540 IMP  1332396 3
6548732126 IMP  5957819 261
6548823431 IMP  2387742 14
6549058968 IMP  2273956 13
6549171396 Win  5791504 60
6549171515 IMP   556583 1
6549229242 IMP  9087767 130
6549240977 IMP   447613 1
6549291075 IMP  1126939 2
6549372317 Win  1102451 3
6549479711 IMP  8272914 171
6549602826 IMP   380856 0
6549704898 IMP  1901007 15
6549877462 IMP  2345427 12
6549892912 IMP  4020327 35
6549901751 IMP  5517715 95
6549909483 IMP  1263312 6
6550082696 IMP  7250544 57
6550124924 Win 10745346 179
6550418814 IMP  8569489 327
6550434697 IMP  1780561 16
6550462020 IMP  6366045 53
6550603779 Intractable. 13072565 378
6550679862 IMP  1521970 8
6550847934 Win  1241457 3
6550891475 IMP  7815127 86
6550914803 IMP  2878303 10
6551049351 IMP  4514504 31
6551147757 IMP  2754104 11
6551297131 Intractable. 13096172 258
6551302894 IMP   612069 2
6551315737 IMP  5045559 62
6551376075 IMP   226340 1
6551694497 IMP  2305952 7
6551865885 IMP  5973479 89
6551935934 IMP  2603904 10
6552193679 IMP  2446524 13
6552207481 IMP  1962346 22
6552215133 IMP  1858064 8
6552273194 Win  2111994 13
6552474037 IMP  3499269 38
6552928978 IMP  5596393 92
6553400534 IMP  1292542 5
6553663368 IMP   624567 1
6554052195 IMP  3124924 18
6554214775 IMP  1108411 4
6554221422 IMP  1570786 11
6554366164 IMP  2048823 14
6554598270 IMP  2070672 60
6555146678 IMP   783911 2
6555252339 IMP  9676420 361
6555380620 IMP  2333562 22
6555428524 Intractable. 16074480 294
6555530740 IMP   896541 2
6555537576 IMP  4083823 23
6555730303 IMP   255792 1
6555987607 IMP   575259 1
6556092612 IMP  5338289 34
6556153100 IMP  1464917 4
6556287902 IMP  7140199 138
6556420328 IMP  1550184 7
6556479462 IMP  3061131 53
6556832472 IMP  1117498 2
6556962397 IMP  4304962 31
6557213261 Intractable. 12842152 319
6557240510 IMP  1490417 5
6557267135 Win   704584 1
6558236527 IMP   536192 2
6558333315 IMP  1404507 6
6558409498 Intractable. 11307728 387
6558635673 IMP   990228 6
6558739829 IMP   888791 2
6558747758 IMP  2731368 12
6558873756 IMP  2022400 13
6559053519 IMP 11295617 215
6559198525 IMP  3365344 28
6559324383 IMP   745394 2
6559528603 IMP  1014769 2
6559855329 IMP    57124 0
6559914562 IMP  3071579 98
6560134407 IMP  1618168 6
6560184438 Intractable. 13089908 468
6560241577 Intractable. 12399860 373
6560398852 Win 11005272 163
6560456477 IMP  5125022 58
6560582466 IMP  2320568 15
6560825208 IMP  6041366 101
6561062880 IMP  1864103 15
6561071413 IMP  3004429 13
6561398717 Intractable. 14038807 268
6561440548 IMP  1008246 7
6561545089 IMP  1330440 7
6561626500 IMP  1126799 7
6561654784 Win  1520964 7
6561934277 IMP  4781638 74
6562609306 Win   415496 1
6562780500 IMP  7267801 109
6563293513 IMP  1012107 5
6563325177 IMP  6913065 88
6563385054 Win  1275921 3
6563402864 IMP  4591106 46
6563536456 IMP  2279453 9
6563696307 IMP  1085254 3
6563778137 IMP  2274309 9
6563966998 IMP   552290 3
6564174917 IMP  1037615 10
6564287427 IMP  1785391 5
6564611368 IMP  1754144 15
6564984626 Win   496333 1
6565508893 IMP  7800565 123
6565518632 Win  2982658 15
6565565316 IMP   564969 0
6565602273 IMP  2930599 35
6565763637 IMP  5712109 167
6565779039 IMP  2131041 11
6566708815 IMP  2767261 17
6566984258 IMP   876670 3
6567325680 Win  1646571 4
6567337709 IMP  1420109 12
6567542062 IMP   400537 1
6567613598 Intractable. 13948609 282
6567658903 IMP  4662574 49
6567682692 IMP  5894329 66
6567994892 IMP  5406401 75
6568100110 IMP 10580023 182
6568203909 IMP  2728565 14
6568477789 IMP  4839246 53
6568934814 IMP   414174 0
6568952827 IMP 10512429 325
6569014735 IMP  2699820 16
6569186921 IMP   158571 0
6569279542 IMP  7695217 84
6569302961 IMP   406726 1
6569387970 IMP  1024043 7
6569490218 IMP  6582884 96
6569492485 Intractable. 11864135 326
6569669789 IMP   161719 1
6569884616 IMP  2546875 10
6569928818 IMP  6903627 80
6570165187 Win   358312 0
6570177330 Intractable. 13119255 265
6570481815 IMP  1041254 2
6570534477 Win   803746 2
6570545296 IMP   591195 1
6570572196 IMP  5798170 48
6570874587 IMP  9033020 349
6570960133 IMP  1397189 6
6571084140 IMP  2251476 9
6571100834 Intractable. 12398141 236
6571130939 IMP  1028026 5
6571463108 IMP  1405695 10
6571602191 IMP  4817128 34
6571851919 IMP   637169 1
6571868607 IMP  2107909 11
6572100408 Intractable. 13448510 538
6572142717 IMP  2315493 11
6572193829 IMP  2309763 24
6572257905 Win  3597379 25
6572374495 IMP  4565916 28
6572523106 IMP  3821559 29
6572702745 IMP  5919936 149
6573118915 Win  1008250 2
6573228397 IMP  1865254 8
6573354316 Win  6774703 48
6573371255 IMP  3707872 38
6573549532 IMP  5929429 74
6573900486 IMP   544719 1
6574047969 IMP   489974 2
6574088354 IMP  3090631 20
6574109203 IMP  6193390 50
6574350637 IMP  6391666 86
6574630150 IMP   314819 0
6574721718 Intractable. 11586307 315
6574873338 IMP  1253055 3
6575171372 Intractable. 11246039 245
6575345275 IMP   938484 3
6575391887 IMP   366959 0
6575442897 IMP  3097309 41
6575477587 IMP  2444882 12
6575541279 Intractable. 12831072 305
6575544367 IMP  4476851 45
6575817848 IMP  5157478 94
6576212992 IMP  1765131 9
6576282052 IMP  3491676 22
6576356118 IMP 10735233 269
6576790656 IMP  7674212 214
6576894490 IMP  2450099 16
6576984070 IMP   644460 1
6577019565 IMP  1379743 8
6577020937 IMP  7365438 165
6577187631 IMP  1954570 10
6577375893 IMP   636478 1
6577434565 IMP  2999741 17
6577517158 IMP   673561 2
6578345610 IMP  1138655 3
6578433866 IMP  2127277 14
6578446383 IMP  3430043 26
6578507141 IMP  5464886 105
6578523568 IMP  1011616 2
6578732634 Win   613876 1
6579096200 IMP   319847 1
6579140438 Intractable. 12475688 1595
6579530684 IMP  1407029 5
6579652968 IMP  2350704 17
6580296974 IMP  3903691 49
6580299190 IMP   547529 1
6580318394 IMP  4589720 55
6580454482 Win   737736 3
6580638297 IMP  2578886 12
6580654009 Win   801638 2
6580655716 IMP   762967 1
6580664514 IMP  4803422 40
6580679678 IMP  6178042 84
6580830879 IMP  8589064 98
6580991525 IMP  3628455 29
6581114815 IMP   462799 1
6581155807 IMP  4228394 34
6581299759 IMP  1039212 3
6581327872 IMP   802740 5
6581633285 IMP  1586754 9
6581786710 IMP  1023591 6
6581984284 IMP  1613619 7
6582189312 Win  3895519 27
6582365361 IMP  1529353 15
6582427892 IMP  1659205 7
6582577768 IMP  6452214 78
6582735449 IMP  2688296 18
6583239258 IMP  7185524 163
6583308071 IMP  7992971 103
6583343425 IMP   940928 2
6583464952 IMP  1065106 4
6583549268 IMP  1726528 10
6583586730 IMP  1221968 5
6584133970 Intractable. 14194787 303
6584154459 IMP  3364101 42
6584527021 IMP  3966783 73
6584895326 IMP  4626963 36
6584981672 IMP  3226580 64
6585083802 IMP  2161142 17
6585130229 IMP  1581139 9
6585160022 Intractable. 12256975 435
6585167043 IMP  1134989 3
6585233119 Win  3222200 24
6585271895 Win    32442 0
6585293613 IMP 11897321 235
6585618418 Intractable. 13014024 376
6585857643 IMP  1868415 8
6585943262 IMP  2302222 22
6585985373 IMP  2145331 8
6586582068 IMP  9894946 353
6586594581 IMP  1360016 8
6586653608 IMP  1072841 3
6586830044 Intractable. 11879813 381
6586925421 Win   994477 2
6586926444 IMP 12745287 547
6587017780 IMP  3018191 25
6587101753 Intractable. 12450004 539
6587313667 IMP  2442465 14
6587700734 IMP  1741224 6
6587845872 IMP   857473 2
6587943888 IMP  1992042 10
6588500810 IMP   390781 0
6588861898 IMP  7049078 140
6588943636 IMP 10098125 316
6589189460 Intractable. 11345386 336
6589549451 IMP   512108 0
6589704828 IMP  1333453 7
6589777662 IMP  3370953 44
6590122708 IMP  1919393 7
6590557907 IMP  2388352 19
6590684876 IMP   910142 2
6590702546 IMP  6616369 80
6590977237 IMP  1549511 9
6591141298 IMP   320090 0
6591253522 IMP  4408742 54
6591254799 IMP  6675494 87
6591293281 Win  1619363 5
6591491150 Intractable. 13419788 368
6591754854 IMP  4448030 31
6591767242 IMP  9006884 147
6592283321 IMP  1922486 11
6592286946 IMP  6631316 107
6592669969 IMP  3718001 45
6592793092 IMP  1996821 6
6593010343 IMP  3145098 27
6593423384 IMP  2795244 14
6593484195 Intractable. 14110440 398
6593499935 IMP  4940245 107
6593637018 IMP   799838 2
6593718976 IMP  5366275 93
6593719414 IMP  7451359 99
6593884089 IMP  4584715 31
6593901402 IMP   639743 2
6594004256 IMP  2371887 25
6594215993 IMP  3328077 37
6594216018 Intractable. 11262011 302
6594273898 IMP  1028071 4
6594467409 IMP  4751813 76
6594548001 IMP  3089580 23
6594750642 IMP  3602952 28
6595170257 IMP  2381945 27
6595172812 Intractable. 12212791 315
6595218315 IMP  5064071 68
6595245040 IMP  2285724 22
6595259126 IMP  3059437 28
6595362940 IMP   816494 2
6595724325 IMP  1121016 3
6595896884 Win  8119177 110
6596316247 IMP  1907899 9
6596421530 IMP  1268326 5
6596445605 IMP  4863753 66
6596488723 IMP   833078 3
6596670756 IMP  3468760 52
6596725802 IMP  9176088 183
6596894333 IMP   528859 2
6597189051 IMP   842694 3
6597198357 Win  3040076 17
6597345819 IMP   355140 1
6597396839 IMP   736376 2
6597431834 IMP  2374414 21
6597751447 IMP   883999 4
6597805414 IMP  1400992 6
6597886117 Intractable. 12289407 288
6597910912 Intractable. 12465428 561
6598160366 Win  1473678 4
6598362459 IMP  1247665 4
6598472051 IMP  1928307 7
6598832706 IMP  9051906 315
6599133104 IMP  1453856 17
6599216440 Win   576824 1
6599499880 IMP  2956759 18
6599583197 IMP  7767983 88
6599806075 IMP  2483063 47
6600582473 Win   826638 1
6600690649 IMP  2107814 13
6600792021 Intractable. 13334957 405
6600975670 IMP  1925193 7
6601032351 IMP   639804 1
6601291975 IMP  5623400 61
6601458770 IMP  5455988 75
6601555117 Win  3449120 45
6601594903 IMP  4946797 71
6601604613 IMP  4492199 56
6601617313 IMP 10218961 244
6601759324 IMP  9298290 267
6601789646 IMP  1635313 6
6602087797 IMP 12868946 293
6602691508 Win  1604486 6
6602852037 IMP 13268384 329
6603396216 IMP  3415168 31
6603472636 IMP  3369031 20
6603625573 IMP  3108645 32
6603865973 IMP  3387956 22
6604392827 IMP   344307 1
6604682652 IMP  2857266 21
6604712716 IMP  1845634 9
6604754756 Win  4114555 33
6604903545 IMP  5062117 44
6605250002 IMP  6377024 113
6605471111 IMP   864459 3
6605500587 IMP  5472980 63
6605511761 IMP 12377170 740
6605655026 IMP  2513358 17
6605828235 IMP  2319877 11
6606124710 IMP  3283486 24
6606210799 Intractable. 13465757 443
6606387365 IMP  1480609 9
6606619670 IMP  5521465 74
6607113581 Intractable. 10100423 491
6607164511 Win  1812173 6
6607490094 IMP   975020 3
6607580194 IMP  8895688 210
6607754002 IMP  3451116 47
6608925183 IMP   633532 1
6609136444 IMP  6561763 170
6609784536 IMP  6852341 79
6610752038 Win  5080154 62
6610824221 Win  1697190 4
6610839095 Intractable. 12240080 413
6611093632 IMP   661669 1
6611286091 IMP   634210 2
6611294015 IMP  4844994 55
6611606387 Intractable. 12082288 265
6611632195 IMP  3284681 41
6611701707 Intractable. 14752925 344
6611855224 IMP  8130695 170
6611938446 IMP  2169049 12
6612103470 IMP  2244130 12
6612229244 Win  1527950 3
6612693099 IMP  4592991 32
6612766818 IMP  5631518 72
6612981246 IMP  4623307 42
6613235711 IMP  1262201 5
6613635100 IMP  3166176 32
6614063907 IMP  3185750 24
6614413928 Win  1757026 5
6614418193 IMP  1174025 4
6614501027 IMP  1924493 10
6614726018 IMP  6886609 121
6615108906 IMP  4742330 81
6615169095 Intractable. 12736459 325
6615393576 IMP  4224370 51
6615606475 IMP  9916068 195
6615975469 IMP  3748589 24
6616630026 IMP  9954251 160
6616844313 IMP  3192127 16
6616860012 IMP 11046376 224
6616921067 IMP  9465475 281
6616956374 IMP  2780313 79
6617026697 IMP   880532 2
6617452961 Win  3092060 35
6617898950 IMP  5855543 93
6618103928 Intractable. 12867180 467
6619117643 IMP  7363807 106
6619421264 Win 13318432 438
6619737705 IMP  3125028 18
6619855827 IMP 11184900 980
6620140622 IMP  9333341 355
6620201859 IMP  2707171 13
6620662905 Intractable. 13077799 488
6620712118 IMP  1560024 9
6621475354 Intractable. 13599619 332
6622129687 IMP  5248551 58
6622381712 IMP  7440303 144
6623158530 IMP   259871 1
6623545141 Win  2733479 11
6623547141 IMP  1017004 5
6623910670 IMP  4940739 56
6623930881 IMP  2592623 27
6623963722 IMP  1510068 5
6624041273 IMP  6000347 116
6624671322 IMP 12248235 295
6625638254 IMP  3604223 25
6626254974 Win   275815 0
6626266218 Win  1858941 7
6626824981 IMP  1906130 11
6627321079 IMP  1489138 5
6627446882 IMP  1922330 8
6627582954 IMP  1441881 5
6627673842 IMP  2093970 8
6627747554 Win  8861079 123
6628278665 IMP  2628512 36
6628747079 Intractable. 11886865 410
6629057120 Win  7453121 99
6629114647 IMP  5226707 47
6629413768 IMP  2208174 7
6629547207 Intractable. 13708563 278
6629664200 Intractable. 13781771 419
6629681008 IMP  4215735 31
6629795488 Intractable. 14019445 392
6629837191 IMP  6526294 140
6630036466 IMP  1668226 8
6630242478 IMP  3130663 15
6630344333 Intractable. 12871864 392
6630462653 Win   840433 2
6630476631 IMP  6116148 73
6631099245 Intractable. 11806661 406
6631536238 Win  1250961 5
6631569858 IMP  2965058 24
6631612088 IMP  2310908 8
6632601732 IMP  7533129 193
6632771856 IMP  4171123 27
6632852775 IMP  6271444 59
6632894480 IMP  9126035 283
6633294901 IMP  1450755 5
6633461252 IMP  2626350 19
6633793809 IMP  1614727 8
6634358309 IMP  1749026 7
6634410650 IMP  8086798 127
6635271757 IMP  2867107 20
6635285802 IMP  1356438 4
6635873220 Win  3369903 22
6636384664 IMP  6870131 114
6636673788 Win  1839743 6
6637129730 Win  8269661 119
6637533239 IMP  1321980 6
6637571538 Win   290204 0
6637888581 IMP  3956750 32
6637976717 IMP   745030 2
6638197662 IMP  2226995 11
6638847515 IMP  3423504 20
6639757671 IMP  2790685 22
6639865506 IMP  1662876 7
6640100407 IMP  4009989 48
6640775455 Win  1969705 12
6640932817 IMP 13247732 319
6641340008 IMP  3556741 40
6641393274 IMP  3208547 20
6641538698 IMP  6249238 79
6641843959 IMP  2228738 8
6641874995 Intractable. 12707355 350
6641889398 IMP  4977062 69
6641951401 IMP  6941084 103
6643009233 IMP  8641936 251
6643051835 Intractable. 14133631 404
6643081601 IMP  6213459 135
6643247162 IMP  5818816 362
6643252380 IMP  3231031 23
6643322609 IMP  1593992 7
6643688295 IMP  2035247 11
6644290706 IMP  1592626 6
6644686113 IMP  8887167 163
6645060027 IMP   943095 3
6646161067 Win  5891816 107
6646353459 IMP 10004056 287
6646487148 IMP  1406424 6
6646863272 IMP  2772513 46
6647412206 IMP   653727 1
6647915361 Win  5387635 43
6647963328 IMP  4351218 38
6648744351 IMP   867860 3
6648753778 Intractable. 14040611 329
6648831399 IMP  3262148 35
6649410849 IMP  5009100 61
6650539758 Win  3380905 32
6650730977 IMP  3004595 42
6650762952 IMP  2275020 12
6650791975 IMP  3964594 30
6651043899 IMP  3617960 43
6652545334 IMP  8581333 153
6652700001 IMP  9946910 208
6652726237 IMP   855390 3
6652936213 Win   608217 1
6653123551 IMP  2022773 38
6653184339 IMP   906318 3
6653775746 IMP 12093189 310
6654332021 IMP  6258355 63
6654534350 IMP  4824873 85
6654975872 Intractable. 11287629 330
6655504201 IMP  2809796 42
6655551441 IMP   796909 2
6655624394 IMP  4566756 124
6655721130 Win   562377 1
6656488737 IMP 10842822 263
6656717564 IMP   631582 1
6656869172 IMP  2440706 35
6657110657 IMP  9702691 285
6657585768 Intractable. 11295036 339
6658030942 IMP  6796658 129
6658166415 IMP  2674090 20
6658423074 IMP  1675114 11
6658505390 Win   568265 1
6658548664 IMP  3480125 47
6659250905 Win  2978532 27
6659278604 IMP  5914308 68
6659279641 Intractable. 12214615 533
6659393918 IMP  6236000 71
6659565282 Win   263837 0
6660112123 IMP  5843136 53
6660361716 IMP  4362834 47
6660483419 Intractable. 13735304 433
6660503322 IMP  3250741 36
6660574889 IMP  2123500 15
6660738118 IMP   139169 0
6661067242 IMP  4440029 65
6661496689 Intractable. 12685265 383
6661606859 Intractable. 14343836 344
6661948742 IMP  3945944 32
6661969178 Win  1368120 4
6661985435 IMP  1672425 16
6662111947 IMP  1441790 7
6662665091 IMP  1388056 4
6663267924 IMP   828506 2
6663796876 IMP   565937 1
6664683930 IMP 10534257 214
6664837259 Win  3977033 29
6664924311 IMP  1090607 2
6664926785 Win  1132616 6
6664938196 IMP  9782938 299
6665184565 Intractable. 12552883 481
6665268887 IMP  3147580 18
6665374489 IMP  1411253 6
6665889921 IMP  1643811 5
6666000320 IMP  7982543 133
6666045058 Intractable. 12520241 567
6666055308 IMP   863756 3
6666111433 IMP  1260242 3
6666291866 IMP  4846088 132
6666420728 Intractable. 13446944 525
6666621930 Win  2194415 14
6666888337 IMP  3042206 18
6666961889 Intractable. 11089036 247
6667331889 Intractable. 14147882 448
6667814476 Intractable. 13882702 268
6668282204 IMP  1586193 7
6668693433 IMP  2808563 12
6669022267 IMP  2513409 19
6669544520 IMP  8215687 131
6670064770 IMP  4706158 100
6670401537 IMP  9157352 319
6670601124 Intractable. 14806164 345
6670602358 IMP  5017421 77
6670732160 IMP  5186509 55
6671345039 IMP  2709339 15
6671866431 IMP 11000758 226
6671975657 IMP   972321 5
6671992731 IMP  7574711 88
6672594512 IMP  8606687 214
6672742532 Win  6852382 76
6673050193 IMP  2031722 18
6673317560 IMP  6718782 99
6673470799 Win  3704586 21
6674035498 IMP   548361 1
6674564560 Intractable. 12065179 290
6675078259 Intractable. 15882847 382
6675293974 IMP   539721 1
6675839044 Win  3208923 14
6676422070 IMP  9064559 127
6677151061 IMP  2308047 10
6677244658 IMP  2216587 14
6677304573 IMP   843442 3
6677765938 Intractable. 15021928 495
6677834720 IMP  2606354 14
6678854396 IMP  7239685 85
6679272475 IMP  3368018 25
6679427475 IMP  4547600 43
6679550904 IMP  5115804 55
6680326056 IMP 10867494 270
6680455541 IMP    20215 0
6680498656 IMP  7480020 176
6680749771 IMP  1680731 4
6681598716 Intractable. 11561176 254
6681608225 Intractable. 14991930 382
6682031056 IMP  2558526 60
6682058936 IMP  4431688 88
6682451043 Intractable. 11358349 389
6682639981 Win  1369544 7
6683413614 Intractable. 13491066 424
6683986973 IMP  2083948 5
6684653618 Win  1194304 5
6685041162 Intractable. 12419816 548
6688911364 IMP 11245093 309
6689578026 Intractable. 11888956 348
6689922827 Intractable. 16042175 457
6691892753 Intractable. 12405565 438
6692115691 Intractable. 13675272 347
6692317086 Intractable. 11738765 346
6693083862 IMP  3030774 20
6695078153 IMP  4779365 39
6695296085 IMP  1936942 6
6695635184 IMP  3636838 42
6696517264 Intractable. 13154269 417
6698271180 IMP  5745056 97
6698279906 IMP 10955096 359
6698603788 IMP  2242427 9
6699507093 IMP  2948589 18
6699821468 IMP  4492203 36
6699841109 IMP  4594881 85
6700176243 Intractable. 13387076 309
6700425131 IMP  7371818 111
6700637263 Intractable. 11625120 311
6700731854 IMP   551373 1
6701161475 IMP  5822734 116
6701695178 IMP  1598021 5
6703259439 IMP  3052982 40
6703431215 IMP  6133607 160
6704079424 IMP  3234936 21
6704100348 Intractable. 14074324 343
6704180886 Win 10783750 254
6704558290 IMP  4270287 67
6705149022 Intractable. 12784652 320
6705234850 IMP   734067 3
6705393382 Win  6133138 90
6705558596 IMP  7148083 124
6705892400 IMP  6012927 92
6706808808 IMP  3896490 38
6707390086 Intractable. 13827621 324
6707642340 Intractable. 12983722 369
6707688067 IMP  5251266 50
6709184179 IMP  7890717 443
6709396512 IMP  6374698 73
6709703191 IMP  2041300 8
6709706811 IMP  1366391 4
6710350854 IMP  4221493 44
6710731915 IMP  7953899 112
6711031811 IMP    59289 0
6711231939 IMP  4870940 38
6711451804 IMP  4201268 44
6712213148 IMP  1605752 11
6712667737 IMP  6331779 80
6714169132 IMP  3640049 34
6714905550 IMP  7573040 98
6715529933 Intractable. 13736857 329
6715883705 IMP  1280663 6
6715974011 Intractable. 13568081 443
6716340446 IMP   870977 2
6716400429 IMP  3220553 22
6716448482 IMP  5830295 108
6718402930 IMP  2161589 8
6719208360 IMP  4468607 54
6719234359 IMP 12113734 364
6719456117 IMP  7345458 190
6719486675 IMP  7998773 113
6719695345 Intractable. 14739629 405
6719811448 IMP  1547896 5
6719817304 IMP  1940721 11
6719896039 IMP  6196160 64
6720075793 Intractable. 11905530 273
6720079960 IMP  3479641 22
6720253165 IMP   220241 0
6720583674 IMP  3218815 26
6721447827 IMP  8769325 125
6722069456 IMP  4692985 104
6722212971 Intractable. 11119768 368
6722222905 Win  1566771 9
6723122456 Win  9889174 232
6723132863 IMP 11427850 205
6723289936 IMP   668179 1
6723470149 Intractable. 13232044 338
6723603177 Intractable. 13197819 293
6724375801 IMP  2820847 34
6725271503 IMP  1625898 12
6725413304 Intractable. 13600664 474
6725475577 IMP   894340 4
6726200815 IMP 10869620 300
6726441444 IMP   269959 0
6726445928 IMP  6463442 192
6726801136 Intractable. 11928464 307
6726985095 IMP  2396146 14
6727015068 IMP  4415582 65
6727802754 IMP  8768440 165
6727819374 Intractable. 12196331 486
6727992287 IMP  3940149 42
6728212809 Intractable. 12094443 395
6728444571 IMP  5321927 70
6728534221 Intractable. 12471863 1002
6730310054 IMP  5649536 91
6731453575 IMP   618974 2
6731630931 IMP  1525182 5
6732624471 IMP  7623449 191
6732633342 IMP 11889351 512
6733331430 IMP  2018574 14
6733655358 IMP  3749283 33
6733772953 Intractable. 12770638 259
6735990071 IMP  1447310 7
6736280427 Intractable. 12562864 502
6736953868 IMP  7583739 176
6737086107 IMP  2370427 12
6737402198 IMP  2062271 7
6737880193 Win  2401278 14
6737898052 IMP  3399470 31
6738599764 IMP   877628 2
6738656979 Intractable. 11909676 295
6738999887 Intractable. 12932860 267
6739347437 IMP  2909186 20
6739347835 Intractable. 12968870 244
6739761857 IMP  4126269 72
6740083937 IMP  1619725 9
6740119397 IMP  4817963 47
6740421002 IMP  5495335 129
6740768518 IMP   636023 2
6740798998 IMP  5514107 52
6740908537 IMP 14142738 485
6741137371 IMP 10800837 205
6741608321 IMP  6126938 86
6741731698 Win  1604346 9
6741822196 IMP  7105581 74
6741878420 IMP   965930 2
6742462112 IMP   288913 1
6742771058 Intractable. 11693979 295
6743247767 IMP  2803000 21
6743570604 Intractable. 13312803 408
6743579493 IMP  8411771 305
6743651395 Win  2404248 10
6743764748 IMP  2975860 19
6743789234 IMP   477731 1
6744064821 Intractable. 14255235 314
6744802708 IMP  2944926 36
6744949254 IMP  6399013 88
6745620734 Intractable. 11064778 392
6745971137 IMP  6355439 58
6746099381 IMP  3092085 28
6746105389 IMP   795757 2
6746769907 IMP  8142685 112
6746838045 IMP  2325243 12
6746863987 IMP  2256533 9
6746997242 IMP  9733529 285
6747122074 IMP   869110 3
6747382584 IMP  4104008 47
6747420631 IMP  1840912 13
6747975642 Intractable. 13950460 331
6748458165 Win  2153654 9
6748598172 IMP  3133624 37
6748718586 Win  8046937 110
6748726306 IMP  1495382 7
6749379552 Intractable. 11424787 349
6749653444 IMP   183397 0
Number of Freecells: 3   Mode: 

Winnables: 98
Impossibles: 864
Intractables: 126
Total time: 28 Hours, 51 Minutes, 35 Seconds
