2400276240 Win  4128942 45
2400302824 Intractable. 14152042 330
2400323526 IMP 10996790 212
2400455620 IMP  2015970 7
2400501649 IMP  7985112 162
2400735083 IMP 11057701 234
2401168011 IMP  5310371 91
2401268854 IMP  1370340 7
2401600917 Intractable. 12134275 547
2401616372 Win  3470094 26
2401657066 IMP  1045646 3
2401823632 IMP  2544781 18
2401982928 IMP   795912 2
2402014912 IMP  2927950 18
2402019158 IMP   467228 1
2402189514 IMP  7012860 207
2402615716 IMP  8978938 174
2402711947 IMP  8255537 124
2402856001 IMP  5596139 75
2402857947 IMP  1232469 4
2403139637 IMP  1717399 6
2403575628 IMP  1700274 11
2403707102 IMP  3004046 86
2403780329 IMP  8094609 178
2403866016 IMP  1033841 12
2404138982 IMP   475244 1
2404171659 IMP  9432161 224
2404352078 IMP  5678245 86
2404502719 IMP  1699503 10
2404617099 Intractable. 12266131 340
2404864799 IMP   140339 1
2404880331 IMP  5665750 70
2405534521 IMP  1271781 3
2405596714 Intractable. 12559556 414
2405697290 IMP  2867356 18
2405769558 IMP  2452933 18
2405808265 Win  1372222 4
2406572249 IMP  2091336 13
2406750779 IMP  1487674 4
2407193852 IMP  6067174 68
2407199465 IMP  4827774 74
2407348397 IMP  1270281 3
2407442672 IMP  1401511 5
2407556168 IMP  1484931 5
2407639077 IMP  6248073 67
2407706315 IMP  6096565 95
2407764501 IMP   986790 3
2408054313 IMP   541918 1
2408188920 IMP  1780957 6
2409558131 Win  1819272 7
2409986354 IMP  1302828 10
2410153208 IMP  1285491 4
2410214157 IMP 11100167 414
2410532874 Win  4606883 36
2410836201 IMP  1415643 7
2411037946 Win   564338 3
2411158928 IMP  1850311 9
2411547865 IMP  1953443 11
2411729139 IMP  1334496 3
2411850676 IMP  6113689 77
2412095043 IMP   786762 7
2412722915 IMP  4724744 68
2412759726 IMP  7512912 98
2412789669 Win  1565755 7
2412841189 IMP   624164 3
2413406894 IMP  1941181 5
2413546857 IMP 12460855 437
2413802166 IMP  5918237 138
2414309472 IMP  2524202 10
2414415306 IMP  5631375 65
2414508353 IMP  2470449 27
2414848629 IMP  2536828 16
2414864183 Intractable. 13572979 405
2414929516 IMP   842039 2
2415119537 IMP  2310435 13
2415165415 IMP  1035101 4
2415528215 IMP  4984051 57
2415943429 IMP 10510126 180
2416268286 IMP  4900129 77
2416479528 IMP  3763562 27
2416603950 Intractable. 12778431 431
2416876335 Intractable. 14600421 477
2417049289 IMP  7209028 180
2417352828 Intractable. 12944185 366
2417797236 Win  6942310 87
2417866031 IMP   555138 2
2418204599 Intractable. 12304756 360
2418250889 Intractable. 12866030 378
2418488773 Intractable. 13046517 293
2418510652 IMP   758602 2
2418724528 Intractable. 14992459 535
2419129246 IMP  6896284 85
2419214792 IMP  1634276 9
2419330538 Win  1868750 7
2419815809 IMP  4795302 82
2419963270 IMP  3270109 25
2420288321 IMP  1713623 9
2420340877 IMP  6292312 240
2420352945 IMP  1087152 3
2420626590 IMP  2443926 14
2420732767 IMP  3354687 34
2421026732 IMP  1173866 5
2421287301 IMP  1449668 9
2421377870 IMP  3237845 24
2421607955 Win   991674 2
2421796043 IMP   530402 1
2422342896 Win  3516107 22
2422479749 IMP  1738127 7
2423009692 IMP  1179760 6
2423533582 IMP 11177268 296
2423619437 IMP  2559289 11
2423640628 IMP  4701620 76
2424012189 IMP  4289832 43
2424136968 IMP  1951668 14
2424235322 IMP   416093 0
2424489366 IMP  2014404 12
2424536762 IMP  1994751 14
2424738131 IMP  3183939 17
2424955038 IMP  2211748 7
2425141273 IMP  3992819 31
2425205374 IMP  7017201 125
2425347368 IMP   543009 2
2425423612 IMP  1195765 5
2425559546 Win   949098 3
2425574990 IMP  9931501 288
2425891788 Intractable. 12164120 366
2425989684 IMP   539942 1
2426348645 Win  1553480 10
2426387188 IMP  2113176 10
2426409740 IMP  1640193 7
2426640685 IMP  3271214 54
2427131911 IMP  5770855 63
2427319362 IMP  9269931 386
2427337446 IMP 10803417 278
2428220102 Intractable. 10381560 267
2428306295 IMP  1764310 13
2428483421 IMP   380891 1
2428658582 Intractable. 12116728 630
2428903519 IMP   459641 1
2428923228 Intractable. 13617566 337
2429382501 IMP   331470 0
2429502385 IMP  5030158 40
2429973520 Win  2719575 17
2430246453 Win  6602828 99
2430307121 IMP  5427608 87
2430521177 Intractable. 12663356 280
2430541831 IMP  1831055 7
2430899431 IMP  1110826 4
2430904854 Win  1715374 13
2431194026 Win  1337531 6
2431252226 IMP  1684416 3
2431332818 IMP 10129511 312
2431874026 IMP 10557402 177
2432202721 IMP  1822191 7
2432419777 IMP  5962132 129
2432950560 IMP   436173 1
2433006128 IMP  1284534 5
2433173549 IMP  6737243 101
2433636526 IMP   972205 5
2433639146 IMP  1287212 4
2433931659 Intractable. 14536785 417
2434101164 IMP  2209228 19
2434113643 IMP  1154257 4
2434578413 IMP  2865916 24
2434765308 IMP  1030884 3
2434933072 Intractable. 12981749 704
2434955677 IMP  2355520 24
2435184644 IMP   699346 2
2435446262 IMP  4336753 91
2435455638 IMP  4710125 45
2435787276 IMP 12201981 716
2435930135 IMP  9173815 141
2436215821 IMP  4481213 51
2436285174 Win   732658 2
2437073559 IMP  1418299 5
2437391765 IMP  2671141 58
2437612037 IMP  1147000 5
2437712315 Intractable. 14144064 379
2438122568 IMP  9181324 163
2438254465 IMP  7526086 121
2438372726 IMP  1450622 5
2438654879 Intractable. 12966960 550
2438677226 Intractable. 13396584 448
2438998358 IMP  1508417 6
2439134854 IMP  2567292 20
2439337625 Win  2777346 26
2439424250 Intractable. 12407942 417
2439975764 IMP  4521322 36
2440347471 IMP   554674 1
2440459335 Win 13397516 264
2440761608 IMP  6870146 95
2441037228 Win  5520899 45
2441086862 IMP  2371248 16
2441271816 IMP  5304370 44
2441272773 IMP  1166011 5
2441399723 IMP  1559560 6
2441617987 IMP  1526085 6
2441722480 IMP  2347265 48
2442155789 IMP  3439185 15
2442441325 IMP  1537316 7
2442586755 Intractable. 11883706 406
2442622804 IMP  5512439 64
2442752357 IMP  6915763 130
2442800790 Win  1079461 3
2442859472 IMP  4617795 56
2442887999 IMP  3029695 23
2442909403 IMP  1277409 7
2443134438 IMP  1989765 10
2443205791 Intractable. 12656218 464
2443262007 IMP  1879511 12
2443910525 Intractable. 13697746 346
2444447037 IMP  4188011 41
2444776424 IMP  2491238 22
2444784132 Win  3548121 20
2444865567 IMP  1725716 7
2445076264 IMP    64264 0
2445087641 IMP  3657711 20
2445109071 Intractable. 14531116 537
2445155263 IMP  5008401 40
2445227443 IMP   997679 3
2445429098 IMP  2152352 25
2445563690 IMP  8389162 131
2445650291 IMP  3207893 20
2445665221 IMP  4698391 60
2445818747 IMP  3884059 30
2445862119 IMP  7402055 80
2445870308 IMP  1357350 3
2445872215 IMP 11970139 283
2445895802 IMP  9174701 272
2445970332 IMP  1334154 3
2446003557 IMP  2162063 8
2446369972 IMP  1726813 13
2447203110 IMP  9300351 280
2447411244 IMP  1860425 7
2447531872 IMP  1735591 12
2447709589 IMP  1537624 10
2447724541 IMP  2737665 10
2448139997 IMP  3376456 24
2448171269 IMP  8064773 150
2448205566 IMP  2040205 9
2448417550 IMP  9368944 322
2448480798 IMP  2866884 25
2448777608 IMP  1178477 5
2448811182 IMP  1619318 5
2449058764 Intractable. 13768672 449
2449106821 IMP  4678286 83
2449129584 IMP  1195160 7
2449167098 IMP  5368022 37
2449280444 IMP   402099 0
2449406044 IMP  2678315 18
2449505311 IMP  8760893 255
2449546447 IMP  1659545 5
2449848691 IMP  1943610 12
2449984052 IMP  7718875 341
2450234953 IMP  6066372 165
2450413310 IMP  3973621 43
2450731039 Win  1771779 17
2451276343 IMP 10684606 259
2451566345 IMP  3363331 31
2451714286 IMP  9155200 126
2452403742 IMP  4517666 29
2452671370 Intractable. 13628738 400
2453092439 IMP  7345580 124
2453115656 Win  2479525 16
2453225913 Intractable. 13951849 233
2453602221 IMP  1379464 5
2453659967 IMP  3612885 61
2453820458 IMP   814529 2
2454234012 IMP   357869 1
2454339888 IMP  4797416 42
2454360653 IMP  2002357 18
2455010494 IMP   636073 1
2455828179 IMP  1249889 6
2455891881 IMP  1214240 5
2456152915 Intractable. 11090660 337
2456425302 IMP  1173453 4
2457350882 IMP  1154123 4
2457383570 IMP   120550 0
2457414505 Intractable. 14224916 338
2457551878 Intractable. 14348081 357
2457812162 Intractable. 13348767 332
2457898623 IMP   842307 6
2458076277 IMP  7426891 142
2458968438 Win  1331308 5
2458980177 IMP  3713660 31
2458986072 Intractable. 12654716 411
2459006531 IMP  6040859 49
2459381217 IMP  9902786 249
2459393106 IMP  2971128 35
2459795484 Intractable. 10996018 679
2459814720 IMP  1887137 15
2460042450 IMP   357432 1
2460133121 Win  5027534 59
2460143728 IMP  1826831 7
2461123642 Win   864068 3
2461163734 IMP  7778874 338
2461488585 IMP  1234853 4
2461735770 IMP   614127 1
2461909918 IMP  4433934 28
2461932303 Win   736700 1
2462698925 IMP  1583880 11
2462850400 IMP  4506856 34
2463009189 IMP  1800507 8
2463452670 IMP  3501929 43
2463477653 IMP   966657 4
2463500455 IMP 12739428 705
2464221208 IMP  2633368 25
2464719596 IMP  5821543 80
2464733978 IMP  2985205 19
2464824527 Win   816778 2
2464910713 Win  1428322 3
2465182194 Win  2089524 10
2465423811 IMP  9183535 574
2465968569 IMP  4523151 53
2466524744 Win  1153059 3
2466808180 IMP  2216528 13
2466845529 Win   931217 3
2466967520 IMP   740101 2
2467125123 IMP  2351516 28
2467493482 Intractable. 12397013 540
2467697095 IMP   651175 2
2467743373 IMP  1106177 5
2467744541 IMP 11007801 213
2468153252 Intractable. 14826051 388
2468344064 Intractable. 12176244 287
2468392438 IMP  1864306 9
2468408748 Win 12422137 234
2468663713 IMP  6720380 63
2468682846 IMP   533951 1
2468998479 IMP  9209646 177
2469056196 IMP   863316 3
2469151509 IMP  2702644 21
2469157362 IMP  1778536 11
2469941983 IMP  1642730 9
2470184481 Win   830287 2
2470199123 Intractable. 12004064 337
2470259402 IMP  2477124 26
2470374188 IMP   453091 1
2470807892 IMP  1475450 5
2470870767 IMP  1081079 4
2471430109 IMP  1836111 12
2471538960 IMP  3976325 41
2472042574 IMP  7871938 99
2472296772 IMP 12471002 235
2472317636 IMP  4105045 40
2472527289 IMP  2011111 11
2472669431 IMP  1337894 5
2473017190 Intractable. 12844611 308
2473337587 IMP  1658830 6
2473388858 IMP  1157634 4
2474012882 IMP  3699938 33
2474177579 IMP  5485075 41
2474251083 IMP  8842462 124
2474272527 IMP 12093914 332
2474275583 IMP   264425 0
2474317640 IMP  1924012 12
2474498465 Win   361153 0
2474715709 IMP  2096170 15
2474858599 IMP  8190991 322
2475112823 IMP  1166062 4
2475251229 IMP   673464 1
2475437109 IMP  1424305 4
2475512862 IMP   440127 1
2476069281 IMP  6959924 98
2476139871 Win   630731 1
2476172592 IMP 12274829 532
2477054603 IMP 11734155 202
2477079177 IMP  2737310 21
2477134233 IMP  1382700 7
2477860849 IMP   881874 3
2478551311 IMP  2903574 47
2478661357 IMP  2722149 16
2478697951 IMP  2917664 24
2479156910 IMP  6576665 445
2479275003 Win  1511796 8
2479298917 Win  4932714 80
2479340794 IMP  1347803 4
2479636892 IMP  8025496 120
2479643927 IMP   927317 3
2480042631 Intractable. 16356311 431
2480227441 IMP  2539273 14
2480356958 IMP  4720673 99
2480527422 IMP  1857897 10
2480551159 IMP   930619 3
2480904033 IMP  1720793 10
2481051410 IMP 12871244 313
2481148154 Intractable. 12381026 348
2481565942 IMP  3038842 21
2481729497 IMP  1261838 6
2481734581 IMP  3249259 35
2481752589 IMP  2164382 9
2481889727 IMP  2043905 6
2481903480 IMP  1643984 9
2481992554 IMP  4873344 307
2482098307 IMP   360096 1
2482314483 IMP  7391138 101
2482705557 IMP  1035445 8
2482707749 IMP  1783048 7
2482961064 IMP  4205078 59
2483040342 IMP  3372402 26
2483265721 IMP  4285284 30
2483812508 IMP  5230263 85
2483831454 Intractable. 14898126 373
2483952020 IMP 13214602 302
2484232076 IMP  2527286 15
2484435930 IMP  5752815 111
2484706932 IMP  1473200 8
2484762568 IMP 11867009 268
2485374859 IMP  7508438 144
2485396040 IMP  8203911 178
2485758100 IMP  7586903 177
2485953710 IMP  2665794 37
2485988593 IMP  1426954 4
2486214634 IMP  9973515 260
2486219081 IMP  3954631 65
2486676183 IMP  5939302 167
2486708667 IMP  3570466 28
2486943026 Win   920620 2
2487044289 IMP  6414756 77
2487069043 IMP  1600496 7
2487438470 IMP  1639511 6
2488038618 IMP  1048968 3
2488179293 IMP    26614 0
2488399727 IMP  4182276 33
2488470478 IMP 10233371 160
2488893754 Intractable. 11091360 330
2489431775 IMP  1482838 6
2489446352 IMP  2711946 30
2489687806 IMP  3152087 23
2489730598 Intractable. 14579562 329
2489863380 IMP  3244915 19
2490052578 Intractable. 12605259 375
2490107560 IMP  2702195 22
2490221215 IMP  2855551 49
2490298618 IMP  9990822 291
2490386856 IMP  2606694 13
2490394914 IMP 13167496 507
2490537100 IMP  2665367 16
2490638804 IMP  1304177 5
2490737704 IMP  4719380 106
2491376776 IMP  3065198 40
2491474606 IMP   273309 1
2491498447 IMP  3060579 20
2491601185 Intractable. 13006015 665
2491693175 IMP  5723437 44
2491745860 IMP  2176563 11
2491963208 IMP   508178 1
2492640621 Win 13895318 405
2492750050 IMP  1022535 3
2493051174 IMP  6996935 219
2493319234 IMP  4669041 27
2493419066 IMP  3799159 27
2493784946 IMP  1073678 2
2494096237 IMP   836685 4
2494146428 IMP  3498316 123
2494406128 IMP  4367221 38
2494534085 IMP  3210618 76
2494940758 Intractable. 14192451 312
2495095005 IMP  4895584 103
2495169049 Win  8034072 132
2495358335 IMP  5657829 82
2495969546 IMP  4008223 24
2496099160 Intractable. 12829077 451
2496399350 IMP  1755217 14
2496611755 IMP 10282251 273
2496741791 IMP 13718603 533
2496843487 IMP  2965829 88
2496853333 IMP  3724078 20
2496945394 IMP  2511412 24
2497133548 Win  2847282 20
2497225581 IMP  7579210 185
2497335253 IMP  1513515 11
2497383875 IMP  4233429 59
2497384362 IMP  3498356 26
2497422132 IMP   804124 2
2497442517 IMP  2746553 13
2497533236 IMP  6932290 189
2497722869 IMP  1806044 8
2498079972 IMP  4735060 40
2498109905 IMP   781651 2
2498777290 IMP  1868916 8
2498874706 IMP  1227902 8
2498877141 IMP  1129401 3
2498990667 IMP   718289 1
2499172990 IMP  1733092 8
2499361520 IMP  4250545 26
2499390543 IMP  4894638 43
2499986120 IMP  6574951 84
2500021013 IMP  9727413 184
2500071694 Intractable. 12330138 425
2500470646 IMP  3655713 31
2500819170 IMP  3097035 21
2501002164 IMP  8224075 272
2501180480 IMP   870979 3
2501451927 Intractable. 13835902 361
2501521960 IMP   792484 2
2501703777 IMP  1828535 34
2502052847 IMP  1139290 5
2502492994 IMP  4598570 101
2502626877 IMP  1382053 6
2502845684 Win 11467938 301
2503021068 IMP  4854170 66
2503255772 IMP  2399597 17
2503626179 IMP  1971398 8
2504038038 IMP  4216923 43
2504196598 IMP  2143510 10
2504381467 Intractable. 12618863 411
2504401449 IMP  3518652 30
2504566429 IMP   828517 3
2504834451 IMP  5245427 76
2505077527 IMP  2949053 23
2505130015 IMP   727209 5
2505324669 IMP  1071970 8
2505457428 Intractable. 12599224 251
2506015984 IMP 14472379 736
2506266762 IMP  1078917 4
2506300049 IMP  4192843 71
2506842261 IMP   481147 1
2506951152 IMP  1674619 12
2506967563 IMP  6937560 84
2507283776 IMP    56774 1
2507520312 IMP  7312566 188
2507611650 IMP  7151254 120
2508299686 IMP   662827 2
2509175676 IMP  1679959 5
2509495674 IMP   839816 1
2509692844 IMP  3351316 42
2509889112 Intractable. 12929582 644
2510048317 Intractable. 13467404 363
2510057972 IMP  1230749 4
2510214287 IMP  1025841 6
2510529213 IMP  1421107 9
2510852739 IMP  2908613 14
2510902618 IMP  2583463 28
2510993258 IMP  1553030 9
2511164097 Intractable. 14440081 482
2511252537 IMP  2093533 9
2511284718 IMP  7511218 147
2511978172 IMP  2905700 19
2512041174 IMP  2982797 17
2512070013 IMP   479401 1
2512142505 IMP  1656748 6
2512364974 IMP 12215738 831
2512501742 Win  4551323 71
2512544875 Intractable. 14845554 336
2512815122 IMP  7357379 146
2513011417 IMP  5137757 57
2513042040 IMP   439823 1
2513185241 Intractable. 10570456 272
2513815211 IMP  5795241 122
2513828271 Intractable. 12263667 319
2513854463 IMP 11374276 318
2514063646 IMP 12865794 232
2514231239 Win  2441867 21
2514247967 IMP  4380364 59
2514479137 IMP  6573732 186
2514580817 IMP  6777567 217
2514636777 IMP  1651971 10
2514788001 IMP    19903 0
2515314161 IMP  2245783 9
2515428617 IMP  1643795 6
2515829733 IMP  6205628 60
2515831348 IMP  5324923 77
2516173977 IMP  3076754 21
2516181879 Intractable. 11971472 507
2517031095 IMP  4461167 51
2517436949 IMP   759784 2
2517758200 IMP  1647269 9
2517856819 IMP   595607 1
2518220178 IMP  1998301 7
2518359056 IMP  5540629 144
2518451032 IMP  7326662 93
2518558725 IMP  1592412 5
2518604524 IMP  3771141 40
2518695556 IMP  3427177 18
2518868082 IMP   322910 0
2519157577 IMP  1311393 7
2519458742 IMP  1880070 11
2519687062 IMP  3152913 28
2520173728 IMP   593748 0
2520329241 IMP  3106793 41
2520410483 IMP  3961631 38
2520414329 IMP 11774146 333
2520606951 IMP  1414325 7
2520767755 IMP 10720568 268
2520790539 IMP  1055361 5
2521156000 IMP  2692870 26
2521709671 IMP  2457243 22
2521785872 IMP  3587319 25
2522201089 IMP   368273 1
2522388512 IMP  6390826 65
2522518013 IMP  5420410 68
2522734443 IMP   790807 4
2522825502 IMP   591372 2
2522927106 Intractable. 12730749 366
2523050132 Intractable. 11975189 371
2523067072 IMP   202351 0
2523124726 IMP  2263599 12
2523365591 IMP  2365145 21
2523522881 IMP  1345834 6
2524418139 IMP  2606563 20
2524505274 IMP  3283850 84
2524793499 IMP  2333645 14
2524911087 IMP  2957771 30
2525090196 IMP  3944536 45
2525578925 IMP    86426 0
2526036806 IMP  1364954 7
2526231022 IMP  2555865 11
2526331524 IMP  3451760 67
2526372780 IMP  1054634 3
2526462904 IMP  3401074 20
2526612040 IMP  1310247 4
2526681244 IMP  2261455 15
2527030091 IMP  5455213 234
2527106025 IMP   772191 3
2527295673 IMP  6186325 61
2527333973 IMP  1458385 6
2527459406 Intractable. 13928631 294
2527523868 IMP  2706494 35
2528129045 IMP  1349510 6
2528495320 IMP  7166384 142
2528775825 IMP  3998555 42
2528853221 Intractable. 12279627 337
2529100624 Win  2282060 13
2529247784 IMP 10929215 382
2530295451 IMP   470008 1
2530492797 IMP 10495672 189
2530611538 IMP  6530679 71
2530686824 IMP   474984 1
2530828697 Intractable. 14673994 614
2530836908 IMP   295428 0
2530994837 Intractable. 14181868 323
2531002176 IMP  3431559 41
2531010598 IMP   442603 2
2531040833 Intractable. 12325436 740
2531123578 IMP   526234 1
2531438973 IMP  4138947 37
2531918163 IMP  2636919 63
2531919647 IMP  7978009 155
2531922351 IMP  1351303 7
2531924497 IMP  4450006 91
2531991596 IMP  1311890 7
2532198880 IMP  1610623 6
2532278331 IMP  7986955 225
2532303993 IMP   365993 2
2532315637 IMP   915708 1
2532395912 IMP  3277531 56
2532600810 IMP  5552514 70
2532713727 IMP  4177711 47
2533083168 IMP  6692485 67
2533114438 IMP   948739 4
2533235013 IMP   557714 1
2533307303 IMP  1023400 3
2533385344 IMP  1991076 13
2533997973 Win  1085777 5
2534038992 IMP  3760134 32
2534119344 IMP  1099051 5
2534468157 IMP  9526849 198
2534692365 Intractable. 10770941 412
2534714517 IMP  3006459 18
2534736305 IMP  3109492 57
2534740885 IMP  2031316 19
2534849371 Intractable. 15209263 369
2535154694 IMP  2530365 47
2535217160 IMP  2627724 19
2535235384 IMP  2452592 30
2535243479 IMP   707969 1
2535735253 Win  8017173 136
2535809810 IMP  1399837 7
2535843530 Win  2980695 13
2535895337 IMP   870682 3
2536029881 IMP  1303888 5
2536149548 IMP  4832294 63
2536155523 IMP  4325893 29
2536238748 IMP   883129 2
2536281354 IMP  4611906 86
2536437608 IMP  1181493 14
2536649966 IMP  4204587 45
2536825045 IMP  2306051 12
2536985670 Intractable. 11900648 418
2537118207 IMP  1723819 10
2537204885 IMP  2163863 14
2537359170 Win  1412026 5
2537577828 IMP  1439583 5
2537664161 IMP   884635 3
2537726677 IMP  2965533 20
2537804131 IMP   370680 0
2537889470 Win  4867945 39
2537912384 IMP   929042 3
2537968988 IMP   114592 0
2537972388 IMP  4823139 46
2538006045 IMP  5759118 85
2538078684 Intractable. 12473229 270
2538439698 IMP  6369631 73
2538456327 IMP 11272443 307
2538506069 IMP  1378942 6
2538864512 IMP  3013180 16
2538885061 IMP  3314201 38
2538936449 IMP  5342193 132
2538960175 IMP  1285933 6
2538970340 IMP  1167031 3
2539069484 IMP  8287165 187
2539146343 IMP  2335157 7
2539281583 IMP  3561597 26
2539352201 IMP  2458455 17
2539601909 IMP  7627212 108
2539659297 IMP  7893098 131
2539802569 IMP  3388907 23
2539820477 Intractable. 14611752 432
2539873425 IMP  3220365 29
2539945355 IMP  1055772 4
2540243497 IMP  1118737 5
2540281098 IMP  5950031 81
2540362454 IMP   888036 2
2540416674 IMP  1692039 6
2540477977 Win  2718804 23
2540515851 IMP  7114418 101
2540568184 IMP  1569424 6
2540627051 IMP   865200 3
2540755957 Win  1362221 3
2541031494 IMP  3124350 74
2541049266 IMP  1171618 3
2541413174 IMP  5734497 94
2541486188 IMP   610524 2
2541895155 IMP  4205235 27
2541936355 IMP  1440600 7
2541986040 IMP  1355530 4
2542300308 IMP   927204 4
2542397332 Intractable. 12242840 438
2542440381 IMP  2630171 15
2542908705 IMP  6607425 69
2542913413 IMP   645704 3
2542973940 IMP   966881 2
2543162804 Intractable. 11488115 357
2543210058 IMP  8141716 250
2543313458 IMP  1293995 5
2543510573 IMP  2469048 18
2544120389 IMP 10647770 235
2544367985 IMP  1301309 3
2544488620 IMP  3561790 16
2544576637 IMP   623007 1
2544647433 IMP  5496452 133
2544679174 IMP   409547 1
2544703151 IMP  5130578 121
2544741694 IMP 13443331 335
2544754515 IMP   966747 3
2545008925 IMP  7314249 119
2545047463 IMP  1185598 5
2545185876 IMP  6729345 123
2545273157 IMP  1903191 9
2545421226 IMP 10956235 311
2545487660 IMP  1705166 18
2545626639 IMP  6566128 93
2545676266 IMP   447730 1
2545828861 IMP  2223274 16
2545954791 Win  2394986 13
2546028684 IMP  2033055 10
2546148621 IMP  6727603 410
2546369889 IMP   702606 2
2546400838 IMP   577097 1
2546471834 IMP  1336609 4
2546843116 IMP  1765752 7
2546954081 Intractable. 13737985 344
2547033072 IMP  6396181 172
2547081789 IMP 10614784 219
2547129060 IMP   663877 2
2547217029 IMP   972324 4
2547302103 IMP 10745953 291
2547342093 IMP  1057269 7
2547496522 IMP 12504458 191
2547530531 Win  7916932 89
2547696257 Intractable. 13437124 289
2547707766 IMP  2748216 24
2547725244 IMP   794561 4
2547726521 IMP  7996268 322
2547747017 IMP  7707957 207
2547912676 IMP  4232648 58
2547917680 IMP  3546977 33
2548028043 IMP  2376789 17
2548108841 IMP  4178624 160
2548216671 IMP  1931495 15
2548430428 IMP  3559380 24
2548447070 IMP   906566 1
2548483879 IMP   747584 4
2548624329 IMP  4511643 73
2548739653 Intractable. 11167476 375
2548812558 IMP  2514491 15
2548954033 IMP  2404405 16
2549242852 Intractable. 12662843 311
2549256802 IMP  3883715 23
2549352233 IMP  1948898 12
2549478834 IMP  2845079 24
2549520507 IMP   462109 1
2549528539 IMP   423089 1
2549530310 IMP   262025 0
2549576057 IMP   161630 0
2549581156 IMP     8719 0
2549934668 Win  2374535 14
2549973435 IMP  3852675 43
2550061266 IMP   547535 1
2550124368 IMP  1442275 6
2550191588 IMP   912085 2
2550537598 IMP 12951536 400
2550540273 IMP  5093313 51
2550747092 IMP   826406 4
2550813889 IMP  6577403 95
2550853853 IMP  1998333 18
2550909684 IMP  4297076 57
2551277918 IMP  8071898 120
2551469781 IMP  2692046 16
2551636204 IMP  4091301 39
2551865319 IMP   996064 3
2551883243 IMP  3941333 37
2551889811 Win  5999559 60
2551914093 IMP   536495 2
2551957809 Intractable. 11448777 262
2552209831 IMP  1280337 5
2552464627 IMP  1933041 10
2552521386 IMP  2747359 56
2552856235 IMP     9447 0
2552865503 IMP  4048294 28
2552865717 IMP  3298276 24
2552911546 IMP  5954181 90
2552955732 IMP  1425530 5
2553000581 IMP  2780079 39
2553065633 IMP  3206954 23
2553742407 IMP   840174 2
2553771868 Win  1106798 2
2553973759 IMP  1390621 5
2554089684 IMP  9721386 258
2554115843 IMP  1302895 4
2554198640 IMP   567517 1
2554462960 IMP  3387607 24
2554551345 IMP   767215 2
2554552422 Intractable. 11764828 334
2554582730 IMP  1806126 18
2554888155 IMP   539201 1
2555265585 IMP  1961194 18
2555318475 IMP  4671294 47
2555443158 Win  2812964 23
2555708557 IMP   448238 1
2555871371 IMP  1819870 6
2555969794 IMP  9248612 190
2556024833 IMP   940758 2
2556108658 IMP  4019003 74
2556131758 IMP  3287896 30
2556187008 IMP  4126093 31
2556359245 IMP  2388616 13
2556405972 IMP  3367228 19
2556902928 IMP  2237645 16
2556955724 IMP  2629502 12
2557157832 IMP  1777909 9
2557307248 IMP  2134875 11
2557381249 Win   546792 1
2557580121 Intractable. 11400820 405
2557774463 IMP  3860759 29
2557910298 IMP  7707578 146
2558510289 IMP  2901234 21
2558540412 IMP  3142414 30
2558662018 IMP  2790888 19
2558756518 IMP  4939179 87
2558814972 Intractable. 12204612 349
2558961033 Intractable. 12841622 258
2559139030 IMP  2665254 26
2559250771 Intractable. 12717092 306
2559266730 IMP   958113 5
2559538717 IMP  1681250 5
2559673889 IMP  6944193 135
2559725781 IMP  4322039 35
2559811561 IMP 10982929 362
2559935244 IMP  2735290 19
2559941556 IMP  2198904 35
2559980733 Intractable. 13540368 673
2560175289 IMP  5853473 102
2560201052 IMP   381455 2
2560211133 Intractable. 12445423 415
2560529124 IMP  1128971 4
2560586966 IMP   733571 2
2560622730 IMP   948919 4
2560669759 IMP  2987016 17
2560710534 IMP  3647593 97
2560776967 IMP   949358 2
2560796292 IMP 10310748 207
2560935999 IMP  2386024 13
2560937404 IMP   790376 2
2560987301 Intractable. 13704235 590
2561186614 IMP  3499282 41
2561263262 IMP 13424510 762
2561342930 IMP  2884019 32
2562082105 IMP  1379242 5
2562188941 Intractable. 13188014 453
2562239142 IMP  3248321 84
2562573982 IMP  4192143 32
2562728745 IMP  4700788 36
2562734113 IMP  1842000 8
2562789708 IMP  1994233 15
2562925264 IMP  3481612 22
2562929209 IMP   537056 1
2563019072 IMP   822117 2
2563103612 IMP  5002339 71
2563181858 IMP  2297287 22
2563250196 IMP  1484405 11
2563513568 IMP  1841128 5
2563586012 IMP  6171103 62
2563617871 Win 10548402 190
2563708029 IMP  7821424 171
2563739952 IMP   970738 4
2563795209 IMP  1793745 11
2564046104 IMP  1094751 3
2564086145 IMP  2655350 16
2564125874 IMP  6057712 74
2564543019 IMP  6517758 75
2564580528 IMP  1386814 8
2564737673 IMP  5126994 55
2564921851 IMP  1198601 6
2565115439 IMP  5817947 88
2565282654 IMP  4123536 39
2565299780 IMP  3008751 40
2565937877 IMP  2349569 28
2566050871 IMP   571723 3
2566078611 Win   417784 1
2566247438 IMP   914534 2
2566251153 IMP 10634089 274
2566407077 IMP  2126895 13
2566580132 IMP  8243587 259
2566652772 IMP  3278066 36
2566733782 IMP 11126793 291
2566746172 IMP  5107061 53
2566816773 Win  1324669 4
2567048380 IMP  5370096 56
2567070204 IMP  4760131 62
2567150959 IMP  2115695 14
2567202885 Intractable. 10981178 344
2567286893 IMP  3416097 55
2567358880 IMP 10610056 237
2567370839 IMP  7478564 151
2567425826 IMP  2060083 12
2567451838 IMP   793155 3
2567560242 IMP  1782822 6
2567810887 IMP   567985 5
2568207460 IMP   655674 1
2568544315 IMP  8181688 166
2568582202 IMP   839144 2
2568589149 IMP  3699929 26
2568598818 IMP  3052796 30
2568625531 IMP  1304002 6
2568847589 Win  5772540 190
2568876522 IMP   344274 1
2569190863 IMP  3324187 20
2569403699 IMP   657285 3
2569516641 IMP  2116065 12
2569635700 IMP  1184332 4
2569636061 IMP  2605427 22
2569636238 IMP  1593098 8
2569652837 IMP  5103004 56
2569679294 IMP  2278055 16
2569911052 IMP   979526 4
2570013238 IMP  1437437 12
2570040552 IMP  1315187 5
2570240274 IMP 10479594 207
2570373287 IMP  1892968 10
2570462531 IMP  1787997 6
2570469788 IMP  1455646 5
2570539485 IMP  1319391 5
2570753982 IMP  7192256 244
2570760965 IMP   746934 1
2570947334 IMP   491835 1
2571130121 IMP  4414178 67
2571175490 Intractable. 11506374 418
2571441845 Win  1353274 4
2571529877 IMP  1475526 14
2571545203 IMP   909427 2
2571613271 IMP  1683293 28
2571945900 Win   194224 0
2571979294 IMP  2648709 22
2572134862 IMP   418015 1
2572241666 IMP  5330438 109
2572281320 IMP  1668807 14
2572819634 IMP   951022 3
2572820062 IMP  4732225 68
2572856317 IMP  6721388 218
2572876309 IMP  2109669 17
2573363633 IMP  5996803 96
2573591161 Intractable. 13849145 476
2573881234 IMP  2230938 8
2573903719 IMP  2973399 14
2574108451 IMP  2415977 12
2574242402 IMP  5471533 46
2574256487 IMP  5053966 73
2574514210 IMP  7625990 118
2574917475 IMP  1462311 17
2574975285 IMP  4616803 53
2575269708 IMP   356218 1
2575490934 IMP  1142304 4
2575868352 IMP    37864 1
2575960655 Intractable. 12573833 373
2576007257 IMP   841256 3
2576021015 IMP  1611704 10
2576052104 Win  5521699 46
2576059486 Win   927736 2
2576167284 IMP  5390458 47
2576373906 IMP  6522920 118
2576473517 IMP  3131263 18
2576898087 IMP    14452 0
2576969495 IMP   761644 2
2577192374 IMP  1716754 12
2577413866 IMP  7855552 151
2577598815 Intractable. 12006227 372
2577632493 IMP  2675598 15
2577666700 IMP  8252310 199
2577702707 IMP  4668796 152
2577976717 IMP  3446852 35
2578448764 Win  1426064 5
2578957985 IMP  4343822 50
2579054026 IMP  1003058 3
2579424517 IMP  4525344 28
2579663112 IMP  4168005 59
2579818893 Intractable. 13073432 895
2579904243 IMP  2102140 7
2579909842 IMP 11196146 462
2579934447 IMP  2338626 23
2579970649 IMP  3144167 19
2580090087 IMP 11165887 223
2580399616 IMP  3050702 33
2580588632 IMP   962177 8
2580696165 IMP  3072166 19
2580703715 Win  1326921 3
2580964101 IMP  3383631 31
2581004221 IMP  3621587 48
2581136625 IMP    29360 0
2581207183 Win  7433449 124
2581895832 Win  6859520 95
2581985168 IMP  3854569 66
2582334437 IMP  3252275 13
2582518325 IMP  4124752 41
2582542626 Intractable. 13881859 778
2582643182 IMP   811074 3
2582887316 Intractable. 14740037 326
2583056013 IMP  1581487 4
2583200548 IMP   890839 3
2583324974 IMP  1076391 2
2583590030 Intractable. 13430097 439
2583676800 IMP  1805747 12
2583730823 IMP  1338250 4
2583831614 IMP  2966775 44
2584433380 IMP  6473239 66
2584438719 Win   698092 1
2584494285 IMP  5643218 62
2584623749 IMP   314941 1
2584764808 IMP  6909702 61
2584771098 IMP  1030152 5
2584833556 IMP  1823520 9
2585006513 IMP  9545147 243
2585011871 IMP  2734007 16
2585011912 Intractable. 11686693 544
2585104571 Intractable. 13480970 486
2585598759 IMP   500896 1
2585984573 IMP   644079 1
2585992726 IMP  5827841 80
2586088091 IMP  1811212 15
2586149990 IMP  1775851 7
2586354246 IMP    97126 0
2586432505 IMP  1151999 6
2586490611 IMP 10362000 205
2587127255 IMP  1240172 12
2587226146 IMP  2979695 14
2587360901 IMP    65719 0
2587436895 Win  5072473 43
2587474341 IMP  3404676 41
2587683930 IMP  2450228 18
2587696458 IMP  7812001 102
2587843462 IMP  6823330 93
2587880151 Intractable. 12936619 353
2587953070 IMP  1693481 13
2588053301 IMP   822968 3
2588084749 IMP   322879 0
2588223995 IMP  4783349 61
2588357413 IMP  2289961 20
2588487911 IMP   727369 1
2588553197 IMP  1549648 5
2588596390 IMP   290979 0
2588605243 IMP  1954052 18
2588606974 Intractable. 14842843 570
2588670657 IMP  5961189 385
2588826913 Win  3740744 35
2588994774 IMP  1606975 6
2589013392 IMP  2417761 19
2589194874 IMP   907055 2
2589475452 IMP  7076626 132
2589572350 IMP  2696054 22
2589759090 Intractable. 11704845 450
2589812807 IMP  2755155 25
2590053533 IMP  1044128 5
2590116233 IMP  2775966 13
2590216923 IMP   852232 1
2590222753 IMP  3588358 32
2590222994 IMP  4385338 33
2590465410 IMP  6488313 94
2590553954 IMP   883645 2
2590803285 IMP  2530517 13
2590950332 IMP  1007547 3
2591165334 IMP  5655090 80
2591166176 Intractable. 11881854 710
2591441589 IMP  5012801 50
2591456420 IMP  5302713 65
2591504040 IMP  7036991 173
2591635086 Intractable. 13598080 443
2591684493 IMP  2226600 10
2591822648 IMP  2993842 54
2591871574 IMP  2071687 44
2592272406 IMP  1103449 6
2592275684 IMP   559667 1
2592468784 IMP  7396501 134
2592472307 IMP  7869747 142
2592493025 IMP  1246559 3
2592542434 IMP  2620035 25
2592589308 IMP   933643 2
2592623339 IMP   505931 1
2592772183 IMP  1067491 4
2592909172 IMP  1203205 5
2593031386 IMP  5787165 83
2593159813 IMP  1925279 11
2593361521 IMP  8270764 254
2593431482 IMP  4336049 75
2593457945 IMP  3133164 34
2593550978 IMP  2676182 14
2593759592 IMP  3422029 27
2593811744 IMP   521610 1
2593842765 IMP     8763 0
2593897793 IMP   833872 3
2593937885 IMP   576395 1
2594022763 IMP  3549685 82
2594135395 IMP  1085762 5
2594251138 IMP  2529873 25
2594293177 IMP  1522589 4
2594323234 IMP  1954572 9
2594515818 IMP  4821054 68
2594545497 IMP  3907705 66
2595027916 IMP  1347368 5
2595042417 IMP 10039663 180
2595130058 IMP  7540976 142
2595147631 IMP  2610802 14
2595176187 Win   783281 2
2595193335 IMP  2040417 7
2595362546 IMP   452570 1
2595571286 IMP  4171927 86
2595781062 IMP  3404283 22
2595858194 IMP  7896799 196
2595941495 IMP   882007 2
2595946499 IMP  1533262 4
2596098305 IMP  7891485 230
2596123908 IMP  2726486 17
2596150140 IMP  3476684 29
2596168926 IMP  4103589 56
2596273496 IMP  1703954 9
2596379524 IMP  2344031 19
2596416814 IMP  2137447 21
2596601472 IMP  1875735 7
2596655194 IMP   371483 1
2596674524 IMP  2080937 11
2596693482 IMP  3698588 23
2596727554 IMP  9567454 128
2596910514 IMP   830372 1
2597052836 IMP 11200193 303
2597141656 IMP  5326389 60
2597472063 IMP  2394932 17
2597587166 IMP  1669769 8
2597593967 IMP 14359951 269
2598009648 IMP  1032896 7
2598085603 IMP  1309689 6
2598166330 IMP   211958 1
2598214695 IMP   865718 7
2598479134 IMP  1527066 7
2598509900 IMP  1073501 6
2598586817 IMP   803147 2
2598623824 IMP  1490878 7
2598793805 IMP  6050304 119
2598824903 IMP  4711601 40
2598825569 IMP  2213435 12
2598887391 Intractable. 13390826 587
2598950868 IMP  1522575 7
2599012888 IMP  3663782 28
2599048608 IMP  4351881 53
2599142383 IMP  5215469 51
2599173870 IMP  1167570 4
2599223516 IMP  3221233 18
2599304530 IMP  2793340 24
2599608653 IMP  7727721 143
2599636076 IMP  1219595 8
2599693586 IMP  7610491 134
2599828976 IMP  3303702 21
2599833274 Intractable. 13278591 294
2599938032 IMP  2856854 40
2599989528 IMP  6420999 65
Number of Freecells: 3   Mode: 

Winnables: 78
Impossibles: 1009
Intractables: 107
Total time: 29 Hours, 29 Minutes, 26 Seconds
