5250124130 IMP  4836554 212
5250416412 IMP  8664276 123
5250526130 Intractable. 12141912 265
5250885440 IMP  1968264 13
5251259280 IMP  1454432 4
5251423715 Intractable. 15201549 464
5251680608 IMP  2572674 24
5251814624 Win  3881544 33
5251898994 IMP   540958 1
5252332492 IMP  2703820 22
5252533328 IMP  2008455 10
5252571755 Win  5317026 89
5252583566 IMP  6491356 96
5252991163 IMP 11950668 248
5253088314 IMP  1104516 2
5253093363 IMP  1585850 7
5253531625 Intractable. 12089587 530
5253792707 IMP  2743831 13
5253826251 IMP  5246479 62
5253845122 IMP  1920337 7
5253999614 IMP  6082690 106
5254035515 Intractable. 12971806 449
5254040804 IMP  3171743 43
5254097611 IMP   653658 2
5254217985 Win  4950726 47
5254299217 IMP  1066016 5
5254481148 IMP  2228812 10
5254517286 IMP   783294 2
5254830384 IMP  4686682 100
5254973507 IMP   291203 1
5255164507 IMP   392585 0
5255208256 IMP   479095 1
5255251950 Intractable. 11478399 499
5255432462 IMP   774264 2
5255820011 IMP   648473 2
5256026344 Intractable. 11292024 278
5256040650 IMP  3247140 28
5256209794 IMP   936622 4
5256514703 IMP  2871724 22
5257519140 IMP  4597930 34
5257519960 IMP  4700665 59
5257577522 IMP  3065008 33
5257676276 IMP   867848 2
5257848449 IMP  5230399 51
5257870724 IMP  2441976 20
5258130332 IMP  9873844 221
5258372493 IMP   950145 3
5258583118 IMP  2237692 19
5258602106 IMP  6306638 135
5258614319 IMP   859339 3
5258814114 IMP  2997982 21
5258826261 IMP  3823125 24
5259068828 IMP  6596292 98
5259178160 IMP  9118358 175
5259348651 Intractable. 12352090 299
5259479245 IMP  1483579 8
5259816570 IMP  1624543 10
5259858980 IMP  2502465 16
5259876354 Win  6915711 87
5260029814 IMP  1159849 3
5260203389 IMP  4117331 67
5260359402 IMP  1432030 7
5260504202 IMP 10561916 200
5260507894 IMP  8147022 113
5260998330 IMP  1228948 8
5261093157 IMP  1785902 30
5261255883 IMP   855323 2
5261462826 IMP  1541377 8
5261464525 IMP  5278964 41
5261502095 IMP    54003 0
5261598743 Intractable. 13786436 412
5261627681 IMP  3001851 51
5262069631 Intractable. 13648813 445
5262163387 IMP  1777525 9
5262296342 IMP  5780179 239
5262473689 IMP 11334447 252
5262674107 IMP  1603339 8
5262683104 IMP  7288251 88
5262779276 IMP  2007310 8
5263004101 IMP   494518 2
5263061256 IMP   244245 0
5263114944 IMP   271156 1
5263359382 IMP   439995 1
5263418956 IMP   494549 1
5263436417 IMP  1381453 4
5263800570 IMP  1068935 3
5264035660 IMP  6810640 138
5264077437 IMP  2778827 16
5264117835 Intractable. 13543469 732
5264160440 IMP  5357179 77
5264164574 Win  6125430 128
5264165234 IMP  2840108 36
5264247404 IMP  3941808 36
5264381139 Intractable. 13020278 409
5264440603 IMP  1046474 4
5264487148 Intractable. 12471338 263
5264532454 IMP  7142675 159
5264851461 Win   518669 1
5265077591 IMP 10738373 190
5265150842 Win  6058530 58
5265225111 IMP  1696720 7
5265291269 IMP    57636 0
5265420871 IMP   698818 4
5265620256 IMP  1982211 16
5265655037 IMP  2212449 11
5265803230 IMP   292533 1
5265982256 IMP  2173781 21
5266011153 IMP  2719601 20
5266053042 IMP    76170 0
5266153294 IMP  1672283 9
5266181627 IMP  2047557 17
5266555286 IMP   965635 3
5266747209 IMP   764827 3
5266768004 IMP 10098091 240
5266771426 Win  1499959 11
5266791161 IMP 13859270 313
5266926670 Win   422329 1
5266992962 Win  1335203 3
5267429035 IMP   352268 1
5267635789 IMP  4876693 76
5267936178 IMP   538932 1
5267974568 IMP 10396594 216
5267997866 IMP  1026509 6
5268098630 IMP  3262339 20
5268201217 Win    32467 0
5268379682 IMP  1112672 3
5268554749 IMP  1369639 20
5268648724 IMP  1501535 10
5268983357 IMP  3542520 33
5269090123 IMP  6339693 81
5269375587 IMP  4170311 93
5269546620 IMP  1867977 9
5269651534 IMP 12476415 332
5270019654 IMP  2430692 12
5270020294 IMP  4059557 38
5270206094 IMP  1719067 10
5270231596 IMP  1457102 9
5270326004 IMP  4175524 32
5270650119 IMP  1132099 3
5270771634 Win    25920 0
5271053651 IMP  3617739 17
5271137631 Win   971931 3
5271470832 IMP  2108961 9
5271471785 IMP  1335327 8
5271664823 IMP 10202047 139
5271897253 IMP  1270945 3
5272085430 IMP  9766172 213
5272200065 IMP   424138 1
5272348381 IMP   629969 2
5272348863 Win  1001105 6
5272482631 IMP  4512347 37
5272624824 IMP   785719 2
5272642412 IMP  1265750 5
5272651301 Win  5944026 110
5272677989 IMP  2550062 11
5272778967 IMP  2018299 8
5272857753 IMP   314596 1
5272880698 IMP   619933 1
5272915922 IMP 10906627 203
5272952547 IMP   909118 6
5273199853 IMP  1313042 4
5273799285 Intractable. 12164586 365
5274121576 IMP  1680971 8
5274392620 IMP   428796 1
5274650334 IMP  2207080 10
5274787971 IMP  8975089 199
5275281627 IMP   137809 0
5275407748 IMP   388763 1
5275750879 IMP  1537067 11
5275984531 IMP  1306107 3
5275994225 IMP  2335738 14
5276146912 IMP  1646205 5
5276408328 IMP  3379208 23
5276473917 IMP  8159610 243
5276719687 IMP  1996042 12
5276790215 IMP  1390613 4
5276826062 IMP   795428 2
5276830070 IMP  2230090 10
5277856238 IMP  1741073 6
5278171154 IMP  7970461 157
5278442412 IMP  9023958 148
5278906529 IMP  2608496 15
5279001006 IMP  3830828 37
5279196155 IMP  2338795 28
5279304091 Intractable. 15067480 471
5279310554 IMP   655564 1
5279415032 Win  2024525 10
5279504663 Intractable. 11507975 269
5279703709 IMP  4230407 35
5279858018 Win   342669 0
5280297737 IMP    83394 0
5280454091 IMP  3067801 18
5280897595 IMP  1314870 6
5281200008 Win  1024979 3
5281221352 IMP  5474651 99
5281659645 IMP  3970455 35
5281731758 Win  1462375 5
5281738736 IMP  1714757 6
5281775692 Win  2329789 13
5282236426 IMP  1100445 2
5282316267 IMP  1525374 5
5282321208 IMP   362796 1
5282767815 IMP  1353941 4
5282982939 Intractable. 14935346 427
5283039704 IMP  1125665 3
5283281716 IMP  3040918 21
5283608941 IMP  4011993 45
5283629717 IMP  1609875 17
5283816978 Intractable. 13483877 574
5283833085 IMP  1610498 11
5283997664 IMP  1561208 16
5284024196 Win   769883 3
5284331700 IMP  4428472 43
5284377345 Win  1335669 4
5284597213 IMP  2064085 10
5284881091 IMP  4142499 35
5285363892 IMP  8067201 330
5285666095 IMP   306414 1
5285745020 IMP  2041155 9
5285888802 IMP  1077654 5
5285962575 Win  4256744 45
5286089029 IMP  9871912 317
5286256759 IMP   320882 0
5286258243 IMP   529465 1
5286476770 IMP  2616171 14
5286682224 Win  5920835 68
5286755842 IMP  3692044 23
5286976733 Win  6720636 99
5286985331 IMP  3815901 30
5287168130 IMP  3542165 174
5287186533 IMP  6344855 125
5287513318 Win  5527214 52
5287608876 IMP   485464 1
5287625356 IMP   941139 2
5287863116 IMP  3091121 62
5288268178 IMP  3285006 52
5288344286 Intractable. 13523517 357
5288387895 IMP  1554607 9
5288467174 IMP   688461 3
5288484244 IMP  3161998 15
5288774218 IMP  3651232 32
5288977227 IMP  2097184 12
5289020387 IMP  1754747 5
5289086484 IMP  9738054 493
5289114642 IMP  1762102 6
5289300605 IMP  1078728 5
5289557506 IMP  2026736 44
5289712110 IMP 11875581 447
5289848564 IMP  1257124 3
5289956101 IMP  7099204 63
5290037130 Win  2083141 9
5290137799 IMP  4442608 60
5290234899 Intractable. 15104998 332
5290474484 Intractable. 12416119 270
5290540389 IMP  3940635 48
5290733850 IMP  3410799 35
5290757597 IMP  1209738 3
5290773409 IMP   260991 1
5290865999 IMP  2910983 24
5291039058 IMP 11109808 475
5291204951 IMP  3887862 37
5291560504 Win 15683499 283
5291671448 IMP  3017224 29
5291794882 IMP   402362 1
5291803347 Win  3112093 36
5292097174 IMP  4601182 51
5292371354 Intractable. 15083230 365
5292423074 IMP  1841246 17
5292673993 Intractable. 12733232 236
5292829249 IMP  2920755 29
5292997150 IMP 12077795 283
5293416975 Intractable. 11818278 495
5293527086 IMP  2388251 10
5293547699 IMP  5988446 57
5293866062 Intractable. 12934815 341
5293970169 IMP   762880 2
5294125127 IMP  5948732 59
5294438664 IMP   997514 3
5294451076 IMP  1868367 13
5294526386 Win  3048800 17
5294618737 IMP  1423717 11
5294828302 IMP  1523743 6
5295006703 IMP  2108444 39
5295214480 IMP  9826539 189
5295482934 Win  2293689 14
5295644541 IMP  4057031 89
5295726593 IMP  1793222 11
5295744296 IMP  4549755 67
5295831252 IMP  2253116 10
5295929300 IMP  1931312 7
5296180271 IMP  2033282 21
5296201170 IMP  3421794 54
5296262360 IMP  1296763 6
5296302861 Win   371471 0
5296338189 Win  2187804 10
5296522637 IMP  2345208 17
5297083149 IMP  1158431 4
5297223643 IMP  3847208 61
5297233419 IMP  8283311 163
5297364960 IMP   861826 3
5297549240 IMP  1937789 16
5297964358 IMP  5980397 78
5298477318 IMP   536430 1
5298607761 IMP  2564691 19
5298671187 IMP  1728010 11
5298993665 IMP  1677815 6
5299050652 IMP  2256592 10
5299365438 IMP   777266 4
5299417790 IMP  1688221 5
5299555124 Win  5895938 74
5299790779 IMP  3550174 49
5299793756 IMP   342609 0
5300497518 IMP  3412770 27
5300815720 IMP   910160 2
5301427014 IMP  7070382 98
5301617574 IMP  1044009 3
5301819969 Intractable. 12566020 441
5301848195 Intractable. 13644674 261
5301931770 IMP  3323400 30
5302238014 IMP  3636008 27
5302366063 IMP  2356596 19
5302405856 IMP   170351 0
5302607502 IMP  2294626 21
5302840452 IMP  2070995 9
5302857151 IMP  5917863 53
5303099864 Win  2698738 19
5303205833 IMP  4610056 76
5303211458 IMP   589203 1
5303585157 IMP  2013289 23
5303671411 IMP  3315636 23
5303778825 IMP  2000390 11
5304540586 IMP  1101652 4
5304828473 IMP  4400986 45
5304855292 IMP  5875974 90
5305229397 IMP  1234477 8
5305393733 IMP  1122343 5
5305419334 IMP  2803076 48
5305511170 IMP  3048981 25
5305530700 IMP   812348 2
5305611241 Win  4682984 37
5305674497 IMP   461021 1
5305738726 IMP  3824494 41
5305795656 IMP   588316 1
5305890491 IMP  1824558 9
5305922489 IMP  5426311 72
5306079853 IMP  2008867 27
5306132881 IMP  2934738 19
5306377126 IMP  2123964 18
5306528719 IMP   361168 0
5306530148 IMP  2395808 17
5306700420 IMP  5964502 79
5307013755 IMP  2543675 21
5307172849 Win  1125996 5
5307584792 Win  1449591 5
5307688945 IMP  1714316 5
5307833738 IMP  1957739 9
5307912085 IMP  4582201 58
5307981932 IMP  2432058 17
5308025599 Win  5426474 64
5308248299 IMP   306142 0
5308299680 IMP  2687577 21
5308556007 IMP   339622 1
5308820752 Intractable. 13277557 534
5308957891 IMP  3926971 23
5309033391 IMP  7271110 215
5309144187 IMP   435734 1
5309254980 IMP  1890267 11
5309294761 Intractable. 14454697 371
5309543125 Win 12130069 310
5309729359 IMP  4079286 37
5309773693 IMP  3210867 31
5310055607 Win  2778680 21
5310204293 IMP   953897 5
5310314370 IMP  4253069 65
5310320350 IMP  2537839 25
5310440382 IMP  2574695 46
5310648027 IMP   890417 3
5310657928 IMP   633820 3
5310690755 IMP  1135075 3
5310715541 IMP  1520251 6
5310814060 IMP  3392853 33
5311575325 Intractable. 12545772 576
5311605283 IMP  3224120 56
5311619466 IMP 13158306 253
5311785912 IMP  1288204 4
5311852310 IMP  1298867 3
5312153926 IMP  9226050 144
5312287161 IMP  1792539 15
5312434475 IMP  2883636 27
5312501008 Intractable. 12427455 437
5312513367 IMP   763004 5
5312566882 Win   895952 4
5312751772 IMP  3818392 28
5312830209 IMP   736710 2
5312857134 IMP  1937197 12
5312941007 IMP  3771162 65
5313151182 IMP  2404026 14
5313614385 IMP  1228591 3
5313908230 IMP  2212666 16
5314052422 Win   472680 1
5314065154 IMP  5668264 126
5314404935 IMP  4818061 45
5314421013 IMP  3299585 53
5314466005 IMP  4868885 39
5314468107 IMP  4496167 66
5314530791 IMP   886673 2
5314716175 Win  2008837 9
5314761902 IMP    40626 1
5314926435 IMP   561274 1
5314944384 IMP   694306 2
5315031784 Win  1675011 7
5315402890 IMP  9815707 222
5315757062 IMP  1231618 4
5315769107 IMP 13611873 482
5315812015 IMP 11000459 205
5316042137 IMP  3412609 41
5316054011 Win  4521686 62
5316374825 IMP   280000 0
5316385495 IMP  2831864 17
5316442711 IMP  1548407 9
5316829561 IMP 10808892 300
5316965844 Intractable. 14896036 500
5317094218 Intractable. 14498176 396
5317185546 IMP  3040966 17
5317424019 IMP   636141 1
5317687179 IMP  4452025 42
5317782316 Intractable. 12967411 374
5317844949 IMP  5497492 58
5317929552 IMP   788739 2
5318172926 Win  2283112 10
5318232930 Intractable. 11799810 365
5318350511 IMP  1369503 6
5318438727 IMP  1713364 9
5318505631 Win  4142777 39
5318575005 IMP  4036919 74
5318980914 IMP   695491 2
5319099222 Win   792378 2
5319113533 IMP  1528873 7
5319286678 Win  1230243 3
5319472821 IMP  1720187 16
5319549777 Win  2102209 8
5319636040 IMP   772037 3
5319676961 IMP  4458881 77
5319828812 IMP   250502 1
5319849669 IMP  6219084 149
5319882992 IMP  2944987 39
5319983440 Win  1070078 3
5320144050 IMP  7784000 136
5320335701 IMP  1018695 3
5321064356 IMP  6005650 120
5321478120 IMP  2807370 19
5321653811 IMP  4241067 177
5321699567 IMP  4128520 39
5321704710 IMP 10491812 191
5321817703 IMP  3049278 31
5321821781 IMP  2146413 20
5321884289 IMP  1169440 5
5322061664 IMP  6159099 94
5322287412 IMP   985888 3
5322351338 IMP  1141176 3
5322380930 IMP  2279750 13
5322405941 IMP  1671874 5
5322452672 IMP    21736 0
5322521548 IMP  9217516 157
5322596870 IMP   272403 1
5322693980 IMP  1472230 5
5322775723 IMP  7244002 157
5322902325 Win   915365 4
5322970588 IMP   691916 1
5322975710 IMP  2056057 13
5322993680 IMP   505702 1
5323432117 IMP  2556029 19
5323679560 IMP  2554402 46
5323732055 Win   122653 0
5323805480 IMP  5188897 46
5323846191 IMP   632235 1
5323889514 IMP  1940539 8
5324269417 Win  1505990 6
5324547711 IMP   712645 1
5325342608 IMP   442182 1
5325585716 IMP  3648042 26
5325643313 IMP  7124656 99
5325724467 IMP  2219149 14
5326141917 IMP  6274956 303
5326151270 IMP  2883627 21
5326192347 IMP  1559734 7
5326220232 Win   893085 2
5326532030 IMP  2473642 13
5326579994 IMP  4261683 49
5326628957 IMP  1945532 9
5326789082 IMP  1443657 9
5326874886 IMP 10969893 280
5327129220 IMP  6457086 79
5327143539 IMP   440681 1
5327531992 IMP  1705728 9
5327545287 IMP  1139866 3
5327925572 IMP  4825666 64
5328109854 IMP  1723116 8
5328370054 IMP  1551457 14
5328434894 IMP   360444 1
5328706858 IMP   313334 0
5328711620 IMP  1594490 9
5328725516 IMP  5442362 72
5329032454 IMP  1927406 19
5329154104 IMP   612748 1
5329224564 IMP   179471 0
5329899703 IMP  1176719 4
5330174575 IMP  3039036 14
5330205403 IMP   530945 1
5330385517 IMP   714728 1
5330409307 IMP  6967257 111
5330486854 IMP  1273894 18
5330535570 IMP  1830659 14
5330608126 IMP  1816682 5
5330612134 IMP  2392299 65
5330618939 IMP  1951874 13
5330806356 IMP  1789040 8
5331010999 IMP  1063972 3
5331037585 IMP  3195760 34
5331179345 IMP   788957 1
5331217810 Intractable. 13820513 404
5331401741 IMP   925244 3
5331675347 Win   671957 1
5331866369 IMP  1981068 16
5332232295 IMP  1623544 11
5332398152 IMP   517067 4
5332471153 IMP  1004985 4
5332522394 IMP   957951 6
5332549342 IMP  3862621 39
5332661498 IMP  2264024 17
5333002656 IMP  2203618 12
5333014461 IMP  3973859 29
5333123500 IMP   282229 0
5333186331 IMP  2388674 13
5333398002 IMP  1362155 9
5333472997 IMP   861820 3
5333930598 IMP  1661599 5
5334000986 IMP   952311 4
5334009402 IMP  5375406 39
5334090542 IMP  6723939 94
5334095655 IMP 12112568 397
5334601866 Win  1857101 4
5334722997 IMP  7775088 679
5334896376 Intractable. 12767513 652
5334937281 IMP  4480269 82
5335298717 IMP  4953269 117
5335937952 IMP   601304 3
5336148751 Intractable. 11700716 388
5336248851 IMP  1288503 4
5336379031 Intractable. 12366635 439
5336380961 IMP  4319196 32
5336388052 IMP 12050101 223
5336444587 IMP  5912576 89
5336539755 IMP  2953339 37
5336737262 IMP   700118 2
5337006390 IMP  3437749 37
5337056705 IMP  2444279 11
5337187729 IMP   566632 1
5337396524 IMP  1622106 12
5337402709 IMP   828222 5
5337590931 IMP  7491424 206
5337609592 IMP  1672470 9
5337818654 Intractable. 14500917 520
5337955357 Intractable. 11833768 565
5338038489 IMP  1973553 7
5338886280 IMP   944512 2
5339010544 IMP  2016164 11
5339201650 IMP  3977757 35
5339289085 IMP   402012 1
5339300553 IMP  4174341 26
5339369375 IMP  2070231 15
5339613012 Win  4440583 40
5339734133 IMP  2254232 11
5339919149 IMP  6222422 117
5339991782 IMP  4812443 51
5340152862 IMP  8662021 171
5340165477 IMP  1199073 3
5340444410 IMP  2973260 14
5340743607 IMP   790995 5
5341225621 IMP  2047183 11
5341273091 IMP  1512371 8
5341297922 IMP  4857411 62
5341396098 Intractable. 13460620 301
5341618314 Intractable. 15168799 355
5341982413 IMP  3850206 58
5342064748 IMP  6611620 126
5342194426 IMP  1300656 5
5342230292 IMP  1105375 2
5342391196 Intractable. 13125788 386
5342420431 Intractable. 13805050 401
5342755077 IMP   427685 1
5342818793 IMP  6538705 250
5342841248 Win  3447822 19
5342940738 IMP  3582341 30
5343081866 IMP  4961134 37
5343321380 Win   949833 2
5343737503 IMP  6323439 95
5344287314 IMP  1549762 7
5344506978 Win  1561170 7
5344682137 Intractable. 13906560 511
5344709258 IMP  2872194 29
5344746832 IMP  8249047 191
5344927494 IMP  1961020 11
5345345467 IMP  3297239 40
5345459426 IMP  2253766 14
5345464653 Intractable. 11123147 458
5345648282 IMP  1848392 7
5346245694 IMP  1250038 5
5346274791 IMP  1418717 7
5346695322 IMP  3888957 30
5346991028 Intractable. 11366297 366
5347463467 IMP   245946 0
5347611132 IMP  2823246 28
5347724731 IMP  2709437 24
5347975945 IMP  2859611 11
5348351139 IMP  7087183 117
5348652036 IMP  2550601 19
5348782113 Intractable. 14033809 351
5349101268 Intractable. 12617988 847
5349170495 IMP 12461748 347
5349582297 IMP   724177 3
5349890936 IMP  4675231 49
5350562501 IMP  3957473 87
5350572753 IMP 13004662 305
5350956473 IMP   508464 1
5351058414 IMP  1146975 5
5351227863 IMP   761540 2
5351767965 IMP  1875476 28
5351872675 Intractable. 10828074 598
5352014965 IMP   839630 2
5352329989 IMP  7569364 132
5352372282 IMP  4877330 67
5352446392 IMP  2873235 97
5352637569 Intractable. 11729015 480
5352900215 Win  1288850 3
5353441485 IMP   469802 1
5353828077 Win  2966860 24
5354166911 IMP  4597632 37
5354191432 IMP  6787069 79
5354197325 IMP  1631590 7
5354310033 IMP  8831229 162
5354477796 IMP  7150937 128
5354688457 IMP  3497989 29
5354968107 IMP  5748218 67
5355316953 IMP   908506 3
5355405745 IMP  1179704 6
5355881717 Win  1305489 3
5356852157 IMP  3768671 33
5357645053 IMP   216752 0
5357873259 IMP  2769157 15
5357942065 IMP  1204923 3
5358005477 IMP  2146316 18
5358213495 IMP   324016 0
5358227314 IMP  5660471 65
5358463440 Intractable. 13391437 377
5358515001 Win  2670082 13
5358688719 Intractable. 11313127 265
5359965948 IMP 11355695 499
5359991573 IMP  1379246 3
5360262374 IMP  4761187 145
5360538127 Intractable. 14481866 328
5360573047 IMP  3541194 30
5360608229 Intractable. 11645303 310
5360886766 IMP  2118103 13
5361125591 IMP  2484471 14
5361437153 Win   570183 1
5361702441 Win  5166371 324
5362616937 IMP  1166271 3
5362738648 IMP  1131982 3
5362924589 IMP  2345536 16
5363229652 IMP 11568870 703
5363517481 IMP   720377 2
5363642378 IMP  2166337 14
5364239100 Win  1662876 7
5364579627 IMP  1998092 16
5364676753 Win  1007332 4
5364707062 Win  1444230 4
5364957793 IMP  4292224 49
5365171418 Win  1919865 11
5365231458 IMP   677420 1
5365390302 IMP  2215458 8
5365517347 IMP  1215091 6
5365715219 IMP   920105 2
5366348017 IMP   519590 1
5366357362 Win   386023 1
5366416649 IMP  1734529 13
5366422144 IMP   933507 2
5366544828 IMP  2866995 42
5366660972 Intractable. 11800525 316
5366692736 IMP  2285299 15
5366695258 IMP   610847 3
5366706320 IMP  6135107 67
5366794447 IMP  2781144 17
5366796847 IMP  6502154 70
5366977003 IMP  4381198 34
5367016227 IMP   337518 1
5367169748 IMP  1301818 4
5367329419 IMP 10803906 245
5367341430 IMP   907804 3
5367505037 IMP  7557141 172
5367654276 IMP  1720185 7
5368079083 IMP  4395597 68
5368257017 IMP   992153 3
5368523166 IMP 11156967 313
5368595898 IMP  1673480 11
5368713699 IMP  1408092 5
5368770020 IMP  3216135 79
5368868057 IMP  2672245 21
5368982161 Intractable. 10818655 254
5369326172 IMP  4323126 43
5369516995 Intractable. 13939317 361
5369696322 IMP  3320658 26
5369806376 Intractable. 12038436 345
5369918291 IMP  3241182 26
5370244849 IMP  5001876 70
5370321964 IMP 11117666 445
5370502852 IMP  1933559 11
5370598293 IMP  2850839 29
5370875500 IMP 13385012 296
5371193262 IMP   228903 1
5371248749 IMP  5197408 64
5371352438 IMP  2275812 57
5372038938 IMP   844596 3
5372078981 Intractable. 11772436 299
5372785250 IMP   615664 1
5372974479 IMP  5812727 67
5373122872 IMP   877081 2
5373870257 IMP  5847011 69
5373881161 IMP   348926 0
5374122775 IMP   670769 2
5374435763 IMP  7545872 226
5374678729 IMP  3773891 99
5375248696 IMP  1589268 7
5375388590 IMP  1619136 8
5375502028 IMP  2053136 14
5375765583 Win  1371744 4
5375843975 IMP  3909026 41
5376076967 Intractable. 14658293 567
5376155259 IMP  2583108 7
5376209083 Intractable. 12839329 413
5376310997 IMP   165114 0
5376462544 IMP   635420 3
5376515035 IMP  1865707 6
5376559591 IMP   708979 4
5376838237 IMP  2245326 12
5376913848 IMP  5188459 74
5376943307 IMP  2163115 11
5377488101 IMP   982430 10
5378173577 IMP  2398808 16
5378198594 IMP  4306714 141
5378647128 IMP   573515 1
5378653029 IMP  1238395 5
5378704261 IMP 10448743 242
5378726618 Win   890629 2
5378758538 IMP  1596582 7
5378866346 IMP  1023105 5
5379043378 IMP  2543842 13
5379115884 IMP    25745 0
5379290920 Intractable. 11824845 222
5379911199 Intractable. 11507694 293
5380137577 IMP  9546248 190
5380189584 IMP   865460 3
5380370741 IMP  1258576 5
5380554689 IMP   582832 2
5381139600 IMP   761412 6
5381719562 IMP  2012246 8
5381861976 IMP   806040 3
5381924963 IMP   891844 6
5382133526 IMP  6589447 74
5382174255 IMP  1529902 4
5382194610 IMP   581948 2
5382277605 IMP  1218176 4
5382557805 IMP  2661814 15
5382721572 Win  4426793 33
5382786470 IMP  2964548 16
5382964343 IMP  1961219 11
5383154914 IMP  6255628 93
5383488010 IMP  2211068 21
5383513085 IMP 10710589 269
5383814013 IMP 12423075 361
5383934313 IMP  4607757 106
5384019344 IMP   998853 3
5384088732 IMP  2865301 33
5384246699 IMP  5491844 81
5384530203 Intractable. 12487221 253
5384701046 IMP   538033 1
5384796602 IMP 10462450 260
5385372355 Win  7433751 86
5385619587 IMP  1731333 7
5385802368 Intractable. 13630015 662
5385885285 Win  6325937 94
5386248063 Intractable. 13902565 381
5386446359 IMP  1415587 10
5386525658 IMP  2329803 10
5386641144 Win  1316556 5
5386906035 IMP  9532430 280
5387010582 IMP  4033519 26
5387311204 IMP 10554166 155
5387373031 IMP  1295756 4
5387385704 IMP  3881168 51
5387415946 IMP  1322831 4
5387519303 IMP  9026639 185
5387550337 IMP  4492664 50
5387567499 IMP   871004 3
5387803114 IMP  5896708 80
5387810693 IMP  1394003 8
5388028238 IMP   836875 3
5388240074 IMP  2437871 7
5388527335 IMP 13802215 418
5388595049 IMP  2322896 10
5388847549 Intractable. 10920084 260
5388864675 IMP  7854176 108
5388919522 IMP  2595016 49
5389400021 IMP  1116796 3
5389534895 Win  2371475 20
5389739304 Win  1942681 9
5389741857 IMP  5879921 66
5390016221 IMP   552407 2
5390040683 IMP  2566214 13
5390564606 Intractable. 12968413 352
5390776783 IMP  7603454 154
5390809996 IMP  5903664 163
5390903160 IMP  4417471 38
5390963005 IMP  1447871 8
5391156520 Win  6249831 77
5391269990 IMP  5751032 85
5391491596 IMP  2667705 26
5391572739 IMP  3412943 24
5391669872 IMP  1754514 8
5392063221 IMP  7042414 219
5392152389 IMP  5772730 93
5392757003 IMP   739092 3
5392959015 IMP  1799052 17
5393239916 IMP  6975432 71
5393292624 Intractable. 12586664 498
5393457273 IMP   992461 3
5394033934 IMP   995829 2
5394308094 Win  2539570 15
5394411224 IMP   918239 4
5394431281 IMP  1919685 7
5394548739 IMP  3886461 44
5394909718 Intractable. 12502460 439
5394951707 IMP  2766715 25
5394970168 IMP  5456851 54
5395287099 IMP  1119080 4
5395475397 IMP  1516212 4
5395575053 IMP   958682 5
5396366956 IMP  6320119 241
5397068303 Win  7641923 111
5397373756 IMP  7039054 84
5397614230 IMP  5669132 57
5397631348 IMP  2034930 18
5397631729 IMP  8746318 221
5397718696 IMP  3733247 28
5397734928 IMP  9482114 178
5397939748 IMP   405087 1
5398047575 IMP  8581402 161
5398113556 Win  3442696 42
5398116717 Win   140517 1
5398254580 IMP  3845163 29
5398380178 IMP  1377181 4
5398410443 IMP  1242321 5
5398819492 IMP  1976996 11
5398955687 Win   132457 0
5398997330 Win  7446061 141
5399006487 IMP  4246863 52
5399531726 IMP  1742041 9
5399555663 IMP 12858984 233
5399696406 Win  3372057 25
5399779897 IMP 10268911 193
5399910761 Win  9957202 172
5400400284 Win  2389286 9
5400466869 IMP  4045884 22
5400580403 IMP   986014 2
5401048652 IMP  1808955 9
5401263643 IMP  1755368 8
5401557194 IMP  1221107 4
5401567419 IMP  8112014 93
5402164374 IMP  1980644 10
5402450007 Intractable. 14883927 563
5402529097 Win   603479 2
5402658938 IMP  5397160 64
5403417711 Win  4472624 31
5403549302 IMP  1397735 4
5404136022 Win   854332 2
5404190989 IMP  7191172 140
5404431501 IMP  1866617 11
5404538272 IMP  4033812 59
5404560163 IMP  5631492 66
5404956751 IMP  1137955 4
5405440407 Intractable. 12959031 336
5405694987 IMP  6242569 99
5405887818 IMP  2101812 8
5406647385 IMP  1368497 5
5406659176 IMP  5306412 56
5406724128 IMP  2454561 14
5406906183 IMP  5804783 70
5407264039 IMP  1600964 8
5407306975 IMP  2153266 8
5407430301 IMP  1755345 19
5407864476 IMP  7017533 188
5408112724 IMP 10158286 817
5408164695 Intractable. 14520154 344
5408329692 IMP  9677668 317
5408379811 IMP  4119604 42
5409177960 IMP  3590899 27
5409524181 IMP  1875899 11
5409629838 IMP  2304217 18
5410007374 IMP  3001502 18
5410056081 IMP  2934637 21
5410121341 IMP  5353071 89
5410346456 IMP  3726015 25
5410509360 IMP  1528192 6
5411130216 IMP  4914200 58
5411310015 IMP  2281474 9
5411364074 IMP  4411679 50
5411463284 IMP  5334321 56
5412076173 Win   126549 0
5412184043 IMP  2157942 13
5413627397 IMP  1033278 2
5413656736 IMP  3115012 57
5413934837 Intractable. 14119905 779
5413975534 IMP  6004669 97
5414052404 IMP  2329646 21
5414740791 Intractable. 11665171 339
5415550692 IMP   796380 1
5415789139 IMP  1260980 5
5416235783 IMP  1182032 7
5416389727 IMP  2088737 14
5417142623 IMP    89855 0
5417411657 Intractable. 13037384 385
5417589396 IMP  3377997 68
5418070339 Intractable. 13716480 429
5418565682 IMP   408010 0
5418627375 IMP  5173260 66
5418950075 IMP  2157378 11
5419214088 IMP  3298542 13
5419321712 IMP  1266304 3
5419744204 Intractable. 14088916 389
5420180668 IMP  3479088 28
5420622959 IMP  6270010 104
5420780919 IMP  2131877 17
5420806640 IMP  1234561 9
5421146077 IMP  1233538 4
5421434434 IMP   540487 2
5421863088 IMP  2864448 21
5422164297 IMP  2926985 27
5422326383 IMP   811535 3
5422751942 IMP  5719887 152
5422926215 Win    99137 0
5422936109 IMP   868549 2
5423052228 IMP  5362285 67
5423259618 IMP  1707332 19
5423366952 IMP 12078133 256
5423391429 IMP  8580654 147
5423493173 IMP  4225708 56
5423553749 Intractable. 13039377 413
5424203175 IMP  1166786 4
5424386129 IMP  1513141 20
5424614257 IMP   479869 1
5424990168 IMP  1498005 7
5424993313 IMP  2977241 21
5425158236 IMP 11121154 560
5425170427 IMP  4602900 39
5425384830 IMP  4724392 55
5425617871 IMP  4918716 73
5426098188 IMP 13009213 464
5426507035 IMP   430381 0
5426538974 IMP  5630032 47
5426707733 IMP 11125854 177
5426762919 Intractable. 13302892 271
5426822759 IMP  8043700 151
5427278379 IMP  3324608 41
5428020243 IMP  4006923 49
5428444650 IMP   420081 1
5428595021 IMP  2234780 17
5429116332 IMP  2082998 17
5429169187 IMP  1678113 7
5429315133 IMP  4355020 31
5429533831 IMP   251246 0
5429598512 Win   367395 1
5429692934 Intractable. 11585902 434
5429727647 IMP  5242591 57
5429885959 IMP  1652898 8
5430750447 IMP  1856826 13
5430791818 Win  8441820 91
5430854566 IMP  4033768 37
5430928017 IMP   516830 1
5431088887 IMP  3281498 23
5431325768 IMP  3210782 32
5431856491 Win  9549854 210
5432552870 IMP  6042417 91
5432647648 IMP  6628321 520
5432685246 IMP  4274071 33
5432690883 IMP  8487464 154
5432887945 IMP  3634927 31
5432917200 IMP  3775109 53
5433212074 Intractable. 12885305 549
5433573182 IMP  7641526 142
5433759766 IMP  2647583 19
5434202988 IMP  2161751 14
5435241391 Intractable. 13443182 712
5435243893 Intractable. 14530379 454
5435394664 Intractable. 12948271 416
5435545881 IMP   559236 1
5435692216 IMP 10971219 257
5436081398 Intractable. 12755964 927
5436779627 IMP    51004 0
5436852556 IMP  2400203 23
5437277371 IMP  8208521 139
5437308165 IMP  3793397 38
5437377810 IMP  8459570 382
5437531083 IMP  1977338 9
5437704460 IMP  9174184 168
5439173642 Win   408388 1
5439335553 IMP  5214532 83
5439442265 IMP  1631729 8
5439748584 IMP  6662816 78
5439834609 IMP  5449008 47
5440028837 IMP  9082758 188
5440569955 Intractable. 12170460 521
5440994101 IMP  1386121 5
5441277392 IMP  1260140 6
5441596650 IMP  1460225 5
5441778177 Intractable. 14250750 480
5441864454 Win  1090716 3
5441890780 IMP  5717896 65
5442127827 IMP   719349 2
5442174223 IMP  7167834 147
5442608888 IMP  1629538 7
5442882044 IMP  2809744 16
5442970265 IMP  4003548 83
5443522988 Win 10276070 213
5444201177 IMP  1858877 7
5444257732 IMP  1015478 4
5444357455 Intractable. 13936820 466
5444728806 IMP  4234746 107
5444772023 IMP  2239837 14
5444787122 IMP  4099771 53
5444880571 IMP  3272693 28
5444970950 IMP  1727977 10
5445047204 IMP  1368842 5
5445582419 IMP  4000001 29
5446015631 IMP  5608214 62
5446093067 IMP  5996518 98
5446670158 IMP   971031 3
5446910814 Intractable. 12337401 366
5447013113 IMP  4048624 44
5447263288 IMP  9416562 273
5447286125 IMP  1340533 5
5447567984 IMP  2564911 37
5448028698 IMP  2346328 33
5448174681 IMP  5812741 62
5448264757 IMP  2521387 27
5448536015 IMP 10469631 253
5448628481 IMP  6061548 119
5448651668 IMP  9608990 214
5448986116 IMP  3376181 23
5449171666 IMP   675132 1
5449264486 IMP  2806170 46
5449303328 IMP   923923 10
5449388236 Intractable. 12326444 516
5449425406 IMP  2139442 9
5449511576 IMP  8095263 192
5449641999 IMP  1187697 6
5449794439 IMP  9216797 188
5449814165 IMP   802584 2
5449915920 IMP  4018137 38
5450024688 IMP  3143233 57
5450364159 IMP  2161439 13
5450626051 IMP  2327055 13
5450698912 IMP  1166306 4
5450750834 IMP  2218813 23
5451436660 IMP   838506 4
5451546531 IMP  1801862 9
5451671607 IMP  1891008 14
5452020301 IMP  5963504 89
5452102211 IMP  2178427 8
5452156862 IMP  1478659 4
5452605022 Win  3684885 21
5453349058 IMP  2928773 18
5453478262 Intractable. 13135582 398
5453559043 IMP   303451 0
5453776797 IMP   636926 2
5454375629 IMP  1843434 7
5454661479 IMP  3494023 74
5454746872 Win  3887136 20
5454775061 IMP  7051485 75
5454979644 IMP  3365829 56
5455080777 IMP  2545498 22
5455117188 IMP  2090647 11
5455143078 IMP  5135567 87
5455378921 Intractable. 12549276 327
5455569501 IMP  5939934 74
5455749177 IMP  2581643 30
5455995037 IMP  1205750 5
5456470895 IMP  5246307 86
5456665165 IMP   646284 1
5456789335 Intractable. 12237706 282
5457169576 IMP  1245310 3
5457514249 IMP  3092310 39
5457712542 IMP  3354265 44
5457811740 IMP  8691809 127
5458086445 Win  1307148 5
5458092979 Win   776112 1
5458307251 IMP  1342321 6
5458460440 IMP  5490157 60
5458691733 IMP   729266 2
5459529877 Intractable. 11848223 460
5459719232 Intractable. 12516232 365
5460093507 IMP   448922 1
5460776063 IMP  2456319 21
5461027859 IMP   780657 3
5461514092 IMP  4980880 61
5461579202 IMP  4662864 77
5461980169 IMP  1658582 8
5461991058 IMP  2078297 8
5462033043 IMP 10667289 195
5462681191 IMP  1249651 7
5462703201 IMP  1758086 5
5462953552 IMP  2170847 10
5463458479 IMP  1661830 7
5463485062 IMP  2270150 17
5463540747 IMP  1126069 4
5463837410 IMP  4185160 61
5464063273 IMP 10675651 234
5464090115 IMP  3576856 26
5464140070 IMP   919595 3
5464228917 IMP  1310190 4
5464683093 IMP  2483847 17
5465034667 IMP  1496107 4
5465351448 Intractable. 12464031 306
5465843566 IMP  2185257 12
5465949044 IMP   623083 1
5466034918 IMP  2892042 14
5466455866 IMP   790693 2
5467032730 Intractable. 12252007 302
5467093841 IMP  4093682 48
5467171247 IMP   762084 2
5467431976 Win   956202 2
5467969008 IMP  6246859 75
5468038352 Intractable. 15253317 398
5468068296 IMP  3177066 22
5468762846 Intractable. 14383667 403
5468945712 IMP   529269 2
5469068777 IMP   554093 1
5469085536 IMP  9004265 158
5469140847 IMP  4436155 41
5469242964 IMP  9017793 183
5469325911 IMP 10450438 351
5469383752 Intractable. 13477613 662
5469431955 IMP  2391419 14
5469997491 IMP  4602961 65
5470184971 Win   477611 0
5470503971 IMP  1662881 18
5470963361 IMP  1093529 8
5471063090 Intractable. 12409130 389
5471386711 IMP  1181280 6
5471810386 IMP  7303966 110
5472499639 IMP  2568685 13
5472903702 IMP  6564467 115
5473235433 IMP  2103076 9
5473564955 IMP   354282 1
5473733746 IMP  1693214 9
5473857012 IMP  3301870 23
5474023113 IMP  3065223 38
5474115772 IMP  1786902 8
5474427352 IMP  2847818 20
5474635167 Intractable. 12449881 302
5474646604 Win  8509143 90
5474879665 IMP  2382471 16
5474947122 IMP  2115200 19
5475000657 IMP   483552 2
5475450031 IMP  1412645 4
5475658916 IMP  7215994 93
5475674705 Intractable. 13104238 384
5475900573 IMP  7551444 137
5476110198 IMP  2913931 19
5476241189 IMP  1092291 5
5476615794 Win  7489507 83
5476829490 IMP  1866006 13
5477489283 IMP  1667331 11
5477681643 IMP 11296531 195
5477910029 Win  1955917 9
5477973180 Win   167743 0
5478027171 IMP  1035905 3
5478169534 IMP  3854356 28
5478521804 IMP  1532956 6
5478638275 Intractable. 13461742 579
5478769168 IMP  1412972 11
5478786098 IMP  3228004 17
5479240549 IMP  2261693 40
5479362137 IMP  2564554 78
5479596979 IMP  6748394 77
5479646683 Win   439778 1
5479724490 IMP  7495612 134
5479814358 IMP  1297419 4
5479922381 IMP   895985 2
5479969571 IMP 10824212 176
5480305224 IMP  2306044 13
5480580585 IMP  3099738 53
5480859872 IMP  2881270 14
5480923412 IMP  3136047 12
5481038825 IMP  3556152 43
5481083642 Intractable. 13526617 426
5481403693 Intractable. 12445711 548
5481720125 IMP  1006331 2
5481873376 Win  1071211 3
5481888059 IMP  4666798 46
5482231092 IMP  7446132 106
5483192043 IMP 12955751 279
5483236390 IMP  1199982 9
5483414342 IMP  1296061 4
5483762378 IMP  2634233 19
5483990707 Win    65232 0
5484057098 Win 10127310 174
5484140102 IMP  3045214 28
5484142328 IMP  2684626 19
5484251226 IMP   693362 2
5484290002 Win  1114270 2
5484301082 IMP  3515660 47
5484379548 IMP  3794078 41
5484687708 IMP  3616959 27
5484814961 IMP 10353977 205
5485053998 IMP  6246652 65
5485360164 Win   890804 2
5485479225 IMP  2965525 18
5485568686 IMP 10318438 354
5485778963 IMP  2944542 23
5485839233 IMP  5577985 46
5485935626 IMP   547955 1
5486008121 Intractable. 15993947 462
5486366333 IMP  6811332 66
5486468780 Intractable. 11959702 382
5486508199 IMP  6485002 78
5486533454 IMP  3189287 20
5486889688 IMP  3310316 34
5487016737 Win  9540438 253
5487316211 IMP  8143779 255
5487351615 IMP  4740175 58
5487392800 Intractable. 12263475 556
5487516923 IMP  9252904 183
5487690368 IMP  3931653 44
5487966745 IMP  2850519 27
5488030184 IMP   614898 1
5488064095 IMP  3035177 23
5488562522 IMP  2240330 11
5488795340 IMP  4117723 39
5489059536 IMP  4327564 45
5489105913 IMP  8426618 179
5489235366 IMP  5610857 58
5489895193 IMP  2831764 21
5490197412 IMP   903360 2
5490507958 IMP  2630946 7
5490593374 IMP  7698881 129
5490754981 IMP  1847834 15
5490825084 IMP  7340011 109
5491254741 IMP  3231213 24
5491307294 IMP  9980993 179
5491996894 Win   606543 2
5492872441 IMP  4462103 32
5493150635 IMP   365068 0
5493200423 IMP  1459456 9
5493526365 IMP  2661313 34
5493603800 Intractable. 12105988 659
5494276078 IMP  2782639 26
5495531751 IMP  1552792 6
5495734642 IMP  7980309 110
5495927597 IMP  7171043 99
5496004255 IMP  1151979 3
5496190594 IMP  8547608 382
5496516952 IMP  3530445 28
5496528898 IMP  2221312 10
5496728619 IMP  3649940 38
5497576258 IMP  3558166 26
5497800369 IMP  5292535 147
5497869033 IMP 10021819 244
5498643981 Win   604166 1
5498742887 IMP  2918568 26
5498797912 IMP  1949780 12
5498943699 IMP  5447019 57
5499336238 Intractable. 12442832 323
5499610035 IMP  3012571 16
5499732223 Intractable. 13700978 400
5499834380 IMP  1100763 3
5499892500 IMP  3403632 22
5499949617 IMP  6160229 115
1 Win      422 0
Number of Freecells: 3   Mode: 

Winnables: 122
Impossibles: 1052
Intractables: 114
Total time: 29 Hours, 57 Minutes, 14 Seconds
