7750023117 IMP   555241 2
7750144761 IMP  1143658 6
7750198043 IMP  3392590 19
7750821452 IMP   237883 0
7750967719 IMP   643438 2
7751483040 IMP  2268774 26
7751561009 IMP 10456833 160
7751806862 IMP  2701233 16
7751910522 IMP  7752523 172
7752205227 IMP  4442615 44
7752209575 IMP  1774949 9
7752313830 IMP   956331 8
7752448420 IMP  1475639 8
7752693595 IMP   979907 2
7752773310 IMP  6073149 77
7752775510 IMP  2079822 17
7752939264 IMP  8179678 119
7753242710 IMP  3595634 29
7753509860 IMP   574400 1
7753847082 IMP  1828340 9
7753929077 IMP  1117633 3
7754065964 IMP  3966222 57
7754076178 IMP  2816166 30
7754158559 IMP  3246135 28
7754402271 IMP  8574816 138
7754597321 IMP  1988690 8
7754640078 IMP  2115122 19
7754658925 IMP  2609278 27
7754798444 IMP  1783363 10
7754806104 Win  6796831 103
7755850849 IMP 11475330 291
7756111442 IMP   711676 1
7756424571 Intractable. 13009988 360
7756442211 IMP   384744 0
7756637691 IMP  2380478 13
7756860225 IMP  1195456 7
7756987482 IMP  4562284 73
7757335323 IMP  3868811 46
7757562881 IMP  4381067 46
7757723505 IMP  1080202 3
7757946290 IMP  2702902 26
7758216110 IMP  2160695 15
7758247108 Win  1222610 5
7758375938 IMP   940165 2
7758395668 IMP   890718 2
7758422563 IMP 12719186 574
7758598445 IMP  1752276 8
7758842813 IMP  4356957 35
7758866227 IMP  1784446 8
7758919792 IMP   734271 1
7759066342 IMP  2235228 14
7759158755 Intractable. 12603649 400
7759442987 Intractable. 15335704 508
7759742456 IMP   866300 3
7759906722 IMP  2702652 17
7760085930 IMP  1080033 4
7760114762 IMP  4266345 32
7760116160 IMP  9185778 198
7760121840 IMP  1703392 18
7760150129 Intractable. 13059161 388
7760237776 IMP   240463 1
7760355495 IMP  4002728 45
7760515542 IMP  3833820 28
7760578901 IMP  1504369 7
7760825054 IMP  2098676 17
7760900748 IMP  4871434 65
7761545805 IMP  1277699 4
7761654855 IMP  1731511 14
7761773746 IMP  4460400 38
7761908837 IMP  1580958 11
7761942885 IMP   783683 1
7761944041 IMP  3959270 37
7762023617 Intractable. 12301025 455
7762182297 IMP  3012347 21
7762238314 IMP  1511009 8
7762528975 IMP  4390461 92
7762737211 IMP  1714969 9
7762825850 IMP  2308998 18
7762911939 IMP   829436 2
7763277546 IMP  2208404 10
7763313098 Intractable. 11859496 296
7763345556 IMP  5886958 125
7763554045 IMP  2532508 13
7763557682 IMP  1282984 6
7763923157 IMP   877890 2
7764173824 IMP  7208315 131
7764233392 IMP  4003958 36
7764280687 Intractable. 13445721 646
7764319029 IMP  4335328 163
7764373319 IMP  5259062 56
7764399735 Win  3196378 14
7764799404 IMP   764267 2
7764821150 IMP  4335212 75
7764952108 IMP  1062639 3
7765042033 Intractable. 12501389 339
7765682767 IMP  1795510 5
7765732603 IMP   951121 2
7765741121 IMP  3652072 79
7765817410 IMP  1640083 8
7765911872 IMP  4875337 46
7765951542 IMP  2938618 35
7766145192 Intractable. 11137972 269
7766221264 IMP  1707199 5
7766291580 IMP   361774 0
7766492208 IMP  1249910 6
7766857316 IMP  4015188 52
7767062844 IMP  3199233 27
7767113738 IMP  1893371 6
7767290420 IMP   560316 1
7767433409 IMP  5574964 79
7767667718 IMP  3111968 22
7767962892 IMP  2464124 17
7768124809 IMP   469882 1
7768153676 IMP   635543 2
7768545294 IMP  4101957 34
7768602511 IMP  5769475 50
7769022740 IMP  1611465 10
7769035824 IMP  2224884 9
7769134622 IMP  3506342 17
7769318635 Win  1362618 5
7769346501 IMP  1443973 5
7769511981 Win  1888798 15
7769691782 Win  4916173 50
7769810355 IMP  5082361 50
7769872328 IMP  9932824 403
7770322085 IMP  7073030 279
7770439219 IMP  8678462 247
7770455760 IMP   763079 1
7770485699 IMP  2683835 11
7770541925 IMP  6375443 67
7770575594 IMP  1689428 7
7771613898 IMP   258645 0
7771762833 IMP   884502 3
7771767502 IMP   667541 1
7772015060 IMP  1859110 9
7772154310 IMP  2250425 9
7772194221 IMP   911806 4
7772199260 IMP  3484806 38
7772275067 IMP   572715 1
7772320077 IMP  2888016 25
7772331828 IMP    66214 0
7772430178 IMP  2892671 26
7772530787 IMP  2241797 9
7772858452 IMP  5329449 82
7773064402 IMP   250623 1
7773295107 IMP  3154162 36
7773313497 Win  7349649 82
7773522271 IMP   866483 11
7773631764 IMP  6336233 314
7774123774 IMP   345574 0
7774173404 Intractable. 11789116 298
7774339721 IMP  8573481 203
7774816384 IMP  2048619 9
7774902561 Intractable. 12638315 415
7774958449 IMP  8103463 170
7775259357 IMP  5345348 58
7775355343 IMP  2435596 12
7775743178 Intractable. 14322980 364
7776377246 IMP  3376965 24
7776454133 IMP  2725768 18
7776639125 Intractable. 11469896 274
7776661346 IMP  1762556 7
7776981637 IMP  1164798 4
7777101010 IMP  2429590 24
7777776673 IMP  1691771 8
7777967369 IMP  1591497 7
7778026109 IMP   229933 0
7778193036 IMP  2283878 14
7778604463 IMP  1106306 7
7778775522 Win  1479615 6
7778857158 IMP  4378284 38
7778943389 IMP  1241918 3
7779030474 IMP  3893204 47
7779272311 IMP  1296187 6
7779361337 IMP  1860182 8
7779414016 Intractable. 14236391 438
7779818653 IMP  2954200 28
7780020162 IMP  1152894 6
7780135752 IMP  2001142 12
7780169464 Intractable. 12955120 252
7780180803 IMP  3007806 24
7780541870 IMP  5467719 49
7780686641 Win  1177034 6
7780976052 IMP   855334 7
7780994883 IMP   385463 1
7781144769 IMP  5976701 57
7781160411 IMP  4482004 132
7781187262 IMP  2004046 10
7781503857 IMP  2313508 21
7781695406 IMP   222951 0
7781903687 IMP  2108229 13
7781928751 IMP  3370921 30
7782373282 IMP  2176902 17
7782520322 Intractable. 12866000 385
7782722045 IMP  2795497 28
7783009113 IMP  1234424 5
7783058007 IMP  1411300 9
7783084254 IMP  6876098 303
7783237946 IMP  1226224 4
7784201077 IMP  1057258 4
7784207055 IMP  4610209 47
7784546876 IMP   783652 2
7784637419 IMP 10046943 461
7784804072 IMP   840829 2
7784992038 IMP  1781710 13
7785237553 IMP  6245081 53
7785244510 IMP  3352161 53
7785594183 IMP  1710267 10
7785819593 IMP  5297407 94
7786899858 Intractable. 13228568 303
7786926462 IMP  3154596 30
7787000984 IMP  1199263 3
7787107404 IMP  4354265 54
7787164943 IMP  1412763 4
7787531201 IMP  2107700 16
7787531952 IMP  4851163 108
7787750960 IMP  4645434 61
7787872674 IMP  7207824 106
7787951475 Win  3391876 26
7788305294 IMP  2837130 15
7788342918 IMP  2688843 16
7788620653 IMP  1717344 8
7788719988 IMP  3109437 35
7788833197 Intractable. 11084793 431
7788902451 Intractable. 12145924 292
7789105035 Win  1118415 3
7789175744 IMP  3157694 32
7789553532 IMP   867906 2
7790024269 IMP   620485 2
7790040178 IMP  2047401 8
7790178120 IMP  1333939 7
7790226907 IMP  3161201 22
7790321437 IMP   639361 2
7790393342 IMP  5692022 139
7790548386 IMP   536358 0
7790695187 IMP  8071632 77
7790851035 IMP   563326 1
7790853967 IMP  1262464 14
7791413273 IMP  1363863 8
7791646534 IMP   701845 2
7791662862 IMP  3695077 48
7791899703 IMP   382133 0
7792214583 IMP  1399060 5
7792336066 IMP  1094445 4
7792486724 IMP  4228808 28
7792542432 Win  3447217 44
7792758786 IMP  2615580 11
7792976235 IMP   650971 1
7793275336 IMP  1211925 5
7793609719 Win  3920541 30
7793791684 IMP  3279358 37
7793818157 Intractable. 12612002 281
7794303020 IMP   671079 1
7794776636 IMP 12201184 281
7795300385 Win  1295671 2
7795346513 IMP  1646684 7
7795433104 IMP  4155123 32
7795571272 Win 14736715 366
7796214943 Intractable. 12409238 486
7796265313 IMP  1889567 6
7796340050 IMP   740720 2
7796353980 IMP  5331865 66
7796438931 IMP  2466723 10
7796732823 IMP  8958977 151
7796803882 IMP 10907210 188
7796845049 IMP  2337036 17
7797000587 IMP  4186044 31
7797141778 IMP  1054389 5
7797446538 IMP  1440286 12
7797650791 IMP   544105 1
7797736529 IMP  4634706 43
7798006334 Win  3765734 28
7798212179 IMP  1527865 9
7798238236 IMP  7617363 115
7798649796 IMP  5740393 54
7798695092 Intractable. 13164164 332
7798970172 IMP  4108834 36
7799018658 IMP  3516156 34
7799205651 IMP  2069674 9
7799464003 IMP  1653706 10
7799497112 Intractable. 11696046 377
7799498730 IMP   816825 3
7799603855 IMP  2159310 23
7799911837 IMP  3198968 18
7800006763 IMP  2314209 12
7800013290 IMP  3952515 68
7800077751 IMP  5516081 61
7800271659 IMP   860038 3
7800829618 IMP  1051825 1
7801366149 IMP  2837214 21
7801433652 IMP 11323455 356
7801578078 IMP  3902442 70
7801680145 IMP  8531819 216
7802059641 IMP  2916363 13
7802161287 IMP  1617998 16
7802226950 IMP  1264956 5
7802335912 Intractable. 13073372 534
7802653810 Win   739131 4
7802704113 IMP  3285597 48
7802904940 IMP  4289970 31
7803122485 Intractable. 11361959 324
7803201863 IMP  4393050 47
7803304751 IMP   160205 0
7804245643 IMP   764060 3
7804495318 IMP  1860132 11
7804573716 IMP  3498909 26
7804739949 IMP  2046555 13
7804789479 IMP   934564 3
7805039409 IMP  2175384 24
7805190985 IMP   516136 1
7805528976 IMP 10142955 201
7805618390 IMP  3021277 30
7805636311 IMP  3109086 21
7805826319 IMP  5914983 151
7805983713 IMP  7435248 107
7806019355 IMP  1536883 12
7806064952 IMP  1229248 6
7806299467 IMP  2256945 11
7806419275 IMP  1133457 7
7806807099 IMP  2411525 35
7806852779 IMP 12487503 285
7806889876 IMP   711539 3
7806907600 IMP  7829791 133
7806993710 IMP  3371309 24
7807136259 IMP  2854382 16
7807510624 Intractable. 11787356 352
7807578509 IMP  2905899 16
7807647969 IMP   806596 1
7807766381 IMP  1800139 8
7807919251 IMP  3525139 22
7807924436 IMP   703805 4
7808311194 IMP  2224557 17
7808313111 IMP  4058170 28
7808480145 IMP  9497406 227
7808574511 IMP  2133988 18
7808751410 IMP   496083 1
7809048420 IMP  3036138 15
7809346998 IMP  2562586 16
7809583760 Win  1295961 6
7810151426 IMP  1001696 2
7810267784 IMP 11454216 243
7810417582 IMP   510345 1
7810593093 IMP   844221 5
7810620523 IMP   395273 1
7810649719 IMP  3800733 23
7811017794 IMP  2197354 14
7811168383 IMP   737498 2
7811265666 Win   971747 2
7811307108 IMP  1860841 23
7811393492 IMP  5626950 79
7811858151 IMP   498188 1
7811917245 IMP  1194250 3
7812141109 IMP  2502784 23
7812166604 IMP  1309666 8
7812168520 IMP  4576021 30
7812423202 IMP  1598363 6
7812438416 Win  4651402 58
7812636330 IMP  6530175 80
7812732391 Win 11818385 461
7812891263 IMP  3439893 39
7812909982 IMP   251813 1
7813396862 IMP   867978 2
7813549720 IMP  1262056 6
7813604636 Intractable. 13637818 806
7813671200 IMP  1602189 21
7813890695 IMP  2140986 23
7813981321 IMP  1922196 11
7814139361 IMP  3217734 25
7814888111 IMP  1302329 3
7814959704 IMP  4638789 51
7815340114 Win  9719377 149
7815345405 IMP  8393288 155
7815980597 IMP  1354195 6
7816066543 IMP  1478484 10
7816255436 IMP  7824190 346
7816288383 IMP  2824067 17
7816374126 IMP  1266341 4
7817030614 IMP   906146 2
7817232752 IMP  7337023 82
7817547511 IMP  1929812 14
7817616459 IMP   472572 0
7817659729 Win  2139564 36
7817745443 IMP  7053789 89
7818234856 IMP 11837705 310
7818363355 IMP  1872317 13
7818772922 IMP  1643825 8
7818905890 IMP  1972893 12
7818946181 IMP  2660398 12
7818998381 IMP  1956595 10
7819087205 IMP   301086 0
7819775563 IMP  1479424 5
7820022541 IMP  5136621 61
7820114276 Win   405045 1
7820299748 IMP  2062047 10
7820551584 Intractable. 12943832 356
7820765437 IMP  2396734 17
7820818139 IMP  1288261 5
7820951350 IMP  8853136 152
7821094864 IMP  4208118 133
7821142698 IMP  2418359 21
7821167161 IMP  3086804 32
7821351824 IMP  2947965 16
7821534527 IMP  1777382 7
7821615438 IMP  1369489 13
7821628263 IMP  2687069 67
7821693417 IMP  1733571 18
7821781632 IMP  1915074 16
7821822070 IMP   847979 2
7822198291 IMP  4154293 50
7822223263 IMP  1121555 3
7822253252 Intractable. 14303623 555
7822341600 Win  1608066 5
7822746423 Win  4746040 37
7822791763 IMP  2586117 35
7822924443 Win   413654 1
7823018484 Intractable. 13186534 343
7823107269 IMP  3880251 43
7823238373 IMP   559253 2
7823241865 IMP  1485908 3
7823400205 IMP  5230066 48
7823421450 IMP  2954676 13
7823827582 IMP  8482533 245
7824054351 IMP  3230085 68
7824381036 IMP   907474 2
7824489397 IMP  4170524 58
7824858386 IMP  2758944 23
7824994996 IMP   787068 3
7825106793 IMP  1447973 7
7825171524 IMP  1296055 6
7825284249 IMP  3173746 22
7825618201 IMP  1590988 17
7825696233 IMP  2856944 19
7825855995 IMP  1784292 8
7826160457 Win  2950479 22
7826357784 Win   557890 1
7826454109 IMP   600008 1
7826486041 IMP  1088587 4
7827095454 IMP   183320 0
7827118951 IMP  1572690 7
7827297433 IMP   998614 4
7827547294 IMP  3569797 28
7827687905 Intractable. 12188052 479
7827716702 Win 10218267 210
7827986014 IMP  6160293 83
7828006073 IMP  4054175 29
7828132754 IMP   762486 2
7828168232 IMP  4370735 42
7828203795 IMP  3509166 35
7828233382 IMP  2869820 15
7828307349 IMP  4152536 34
7828542027 IMP  1265932 5
7829146237 IMP  3048406 28
7829242345 IMP   630213 2
7829265515 IMP  2016526 10
7829311336 IMP  3709266 31
7829845496 IMP  1785965 10
7830165846 IMP  4707722 101
7830262960 IMP   623992 1
7830706614 IMP  6911338 117
7830791045 IMP  7184656 125
7831003387 IMP  2968202 24
7831197729 IMP  1059416 10
7831225216 IMP 12777981 439
7831408355 IMP  3529318 80
7831509292 IMP 10490354 362
7831531335 IMP   953853 6
7831557352 IMP  2723449 27
7831711176 Intractable. 12227492 408
7831738752 IMP  4531611 58
7831744305 IMP  4099328 55
7832028352 IMP  5290565 49
7832157056 IMP   536680 1
7832319968 IMP  4359821 37
7832388407 IMP  2102549 18
7832599117 IMP   635988 3
7833119878 IMP   278275 1
7833697344 IMP  3936365 117
7833974286 Intractable. 12444136 535
7834254027 IMP 10921606 323
7834304085 IMP  3611002 33
7834451251 IMP   533744 2
7834547541 IMP  3201061 21
7834639738 Intractable. 13069654 370
7835051652 IMP  3721112 32
7835198515 IMP  7992221 126
7835335236 Win  4364059 44
7835747703 IMP  1619643 10
7835786160 IMP 11629843 557
7835903684 IMP  2638548 12
7835957530 Intractable. 12194449 423
7836291532 IMP  4258251 34
7836656179 Intractable. 12475904 313
7836768331 Win   561080 1
7836793134 IMP  5097843 47
7836826547 IMP   310224 1
7836873336 IMP   391319 0
7837116008 IMP  7189901 174
7837119576 IMP   755373 2
7837187598 IMP  9795612 408
7837188863 IMP  1360176 5
7837289912 IMP  4051656 36
7837442178 IMP  4335933 63
7837483915 IMP  2827378 13
7837502113 IMP  8849166 332
7837740439 Win   101971 0
7837939219 IMP   937035 2
7838041829 IMP  1093501 7
7838089530 Win  3070822 32
7838621839 IMP  3654445 26
7838781945 IMP  3510592 29
7838842773 IMP  1496252 8
7838916057 IMP  2266525 23
7839202988 IMP  3930546 24
7839309568 IMP   699267 1
7839367621 IMP  1702747 7
7839380072 Intractable. 12815036 409
7839428663 Intractable. 10890117 538
7839533594 IMP  7849687 168
7839582707 IMP  2444674 12
7839797909 IMP  1025213 3
7840082381 IMP  7422923 82
7840431410 Win  1365514 4
7840633121 IMP   436082 1
7840727137 Intractable. 12984991 269
7840790126 Win  3038885 16
7840851631 IMP 13007002 346
7841090793 IMP  5683436 72
7841420354 IMP  1907307 14
7841501818 IMP  9218063 311
7841613619 IMP  1825774 6
7841748438 IMP  1027424 3
7841842014 IMP  7168160 100
7842090482 IMP   597870 1
7842329500 IMP  2672400 31
7842515567 IMP  2308629 11
7842564620 Win  1009006 4
7843113595 IMP  5822781 61
7843261743 Intractable. 14471647 296
7843278487 IMP   973352 3
7843504452 IMP  1367353 5
7843683046 IMP  1970106 6
7843708518 IMP  1961945 7
7843758750 IMP  2685136 21
7843761380 IMP   444477 1
7844025970 IMP  1730832 9
7844398398 IMP   762426 3
7844459363 IMP  8424166 140
7844909366 IMP   987887 8
7845325639 IMP   510261 2
7845393665 IMP  3732117 28
7845547112 IMP  1190543 4
7845733199 IMP   820336 2
7845784852 IMP  2450321 50
7845864344 IMP 14149606 474
7845921531 IMP  2233728 10
7846161599 IMP   782442 2
7846435240 Win  8036146 103
7846553664 Intractable. 12451477 267
7847705947 IMP  5400345 47
7847914834 IMP   214437 1
7848154537 IMP  2604180 26
7848328554 Intractable. 15080622 413
7848329861 IMP  1615402 15
7848400209 IMP  4810563 64
7848492724 IMP  9090036 196
7848761096 IMP  3025277 24
7848814447 IMP  2701411 18
7848881016 Intractable. 12903356 345
7849051240 IMP 10596754 222
7850397517 IMP  5215052 112
7850423175 IMP  1908751 26
7850885072 IMP  2691782 11
7851262324 IMP 12073654 234
7851328121 IMP   767766 3
7851377364 IMP  1045267 10
7851532206 IMP  1008821 6
7851581433 IMP   818741 2
7851630025 IMP  1443404 6
7851729650 IMP   563297 1
7852031190 IMP  5850322 143
7852039164 IMP  6020693 81
7852142046 IMP   412127 0
7852258076 Intractable. 12500275 494
7852287486 IMP  2870826 20
7852413646 IMP   369861 1
7852574285 Intractable. 13029324 379
7852601030 IMP  5984283 58
7852664420 Win   398505 1
7852858765 IMP  2536180 17
7852874733 IMP 11754120 459
7852896526 IMP   554358 1
7853006694 IMP   886364 3
7853115588 IMP  7062020 501
7853132787 IMP  2143794 24
7853266091 IMP   670348 2
7853331578 IMP   736521 3
7853511928 Win  1291655 4
7853559822 Win  3803989 22
7853632329 IMP  2290160 8
7853655642 IMP  1509116 21
7853958341 IMP  2031236 13
7853976238 IMP 11777201 308
7854095316 IMP  4233423 44
7854149527 IMP 13187263 398
7854269698 Intractable. 12096231 684
7854476359 IMP  2512844 12
7854623903 IMP  6327672 127
7854795757 IMP  1025622 4
7854933552 IMP  2061699 7
7855222459 IMP  3285474 38
7855316075 IMP  2425184 33
7855449580 Intractable. 13124936 495
7855904313 IMP   892669 4
7856191138 IMP  3181781 17
7856203094 IMP  2662524 46
7856338858 IMP   974533 4
7856407481 IMP  1255186 3
7856505526 IMP   885029 2
7856922054 IMP   997950 6
7857065132 IMP  3145937 22
7857345235 Intractable. 12240095 298
7857514841 IMP  1010392 3
7857596580 IMP  1457121 5
7857851674 IMP   377724 1
7857897467 Intractable. 13796370 380
7857962066 IMP  1641056 4
7858009568 IMP  8368394 148
7858643739 IMP  1992548 18
7858808449 IMP  3233652 25
7858842031 IMP  3219077 22
7859178356 IMP  2302027 18
7859276830 IMP  7826692 1181
7859320604 IMP 10334628 267
7859520384 IMP  6759137 81
7859938330 IMP  1611108 5
7860119480 IMP  1474076 8
7860292119 IMP  7114681 116
7860293007 IMP  1549173 14
7860337568 Win  1343169 4
7860491508 Win   628305 0
7860534806 Intractable. 12771226 315
7860543131 IMP  5966026 351
7860555135 IMP  5144207 97
7860664740 IMP  3295186 22
7860704413 IMP  1715205 15
7861197300 IMP  2846501 18
7861224544 Intractable. 15198684 503
7861693457 Intractable. 12560907 270
7862110922 IMP   577663 1
7862164464 Win  7359673 101
7862420530 IMP   857906 2
7862560090 IMP  5983711 59
7862725052 IMP  8822123 144
7862898786 IMP  2283741 12
7862945246 Win  2645325 33
7863014857 IMP  7454460 169
7863078630 IMP  2731849 31
7863300749 IMP  2906230 30
7863342225 IMP  1554447 8
7863434696 IMP  1823870 10
7863868279 IMP   972663 2
7864344657 IMP  1277170 4
7864465092 IMP  2825424 17
7864470570 IMP 11833616 341
7864599067 IMP   847262 2
7864604328 IMP  3728322 36
7864748422 Win   888749 2
7864758661 IMP  3220658 29
7864938849 IMP  1476368 17
7865136812 IMP   868649 2
7865250234 IMP  9270092 132
7865325266 IMP  2145907 15
7865427728 IMP 13001630 406
7865512450 Win   901080 3
7865614639 IMP 12026801 368
7865719403 IMP   516978 1
7865761343 IMP  1663248 5
7866261644 IMP   966922 4
7866361616 IMP   626483 1
7866476912 IMP  1727957 6
7866546776 Win  8529352 124
7867093430 Intractable. 11925753 359
7867210916 IMP  1163882 11
7867545171 IMP  1055198 4
7867657292 Win  8105579 172
7867757452 Win  1233933 4
7867882730 IMP  3285771 24
7868075786 IMP  7638802 185
7868704213 IMP  1530722 5
7868708089 IMP  2581503 20
7868835778 IMP  4555170 42
7869345299 IMP  1779014 7
7869416376 IMP  8315329 118
7869482727 IMP  6457608 96
7869614464 IMP 13263127 311
7869639731 IMP  3320776 29
7869784324 IMP  1065718 6
7870292532 IMP  1772447 7
7870394173 IMP  1206837 5
7870591463 IMP   606574 1
7870653959 IMP  2382648 14
7870702833 IMP   203027 0
7870725269 IMP  5399535 52
7870798594 IMP  2354813 29
7870854791 Win   439584 0
7870957684 IMP  2605174 10
7871057966 IMP  3815207 63
7871155363 IMP   183090 0
7871156750 Win   324536 1
7871349017 IMP  4371205 59
7871515923 IMP  1424742 6
7871807113 IMP  2081783 10
7871810687 IMP  2147413 8
7871946364 IMP  9986638 198
7871955669 IMP  3934256 87
7872203745 IMP  1660283 10
7872204873 IMP   278705 0
7872401047 IMP   999118 4
7872648204 IMP  4318859 48
7873121052 IMP   171753 0
7873197885 IMP   837838 2
7873304363 IMP  3452875 28
7873513182 IMP  7966884 175
7873635480 IMP  3030480 19
7873774965 IMP  7025103 98
7873894800 IMP  1391526 7
7874104250 IMP  3920196 64
7874397365 IMP 14058277 217
7874660408 IMP   210363 1
7874762081 IMP   914208 3
7874884370 IMP   959844 2
7875163163 IMP   248015 1
7875314950 Win  6633036 65
7875501429 IMP  8392052 209
7875886403 IMP  1992318 12
7875987324 Win  2087037 6
7876045927 IMP  4756275 79
7876141322 IMP  1341902 6
7876264546 IMP  7246197 118
7876471079 IMP   930819 9
7877102054 IMP  6587728 171
7877114839 IMP  3077164 21
7877202817 IMP   575259 3
7877342363 IMP  1225125 5
7877517380 Intractable. 11642926 281
7877570224 IMP   905362 2
7878004387 IMP  2097160 13
7878093612 IMP  3062645 36
7878146454 IMP  5874326 105
7878261672 IMP  5649444 72
7878531353 Intractable. 12617088 487
7879189118 Intractable. 15267558 468
7879830884 Intractable. 11747719 339
7879864211 IMP  2830279 15
7879925383 IMP  2448202 33
7880064225 IMP  1648408 7
7880283751 IMP  3502114 36
7880430209 IMP  8831801 129
7880531816 IMP  2483950 12
7880544439 IMP    65987 0
7880561984 IMP  7334082 92
7880755141 IMP  2873397 15
7880797294 IMP  2461748 16
7880838654 Win  1767169 6
7881010075 IMP  6827476 128
7881040329 IMP  1541649 5
7881132998 IMP   227015 1
7881221570 IMP  7899795 87
7881294505 Win  1525457 5
7881617645 IMP   541332 1
7882329169 IMP   316002 1
7882570106 IMP  5028626 51
7882658514 IMP  1886016 15
7882675998 IMP  3849495 50
7883134327 Win  9252866 171
7883586086 IMP  1349630 4
7883677886 IMP   588665 1
7883700177 IMP  1503870 7
7883728035 IMP  1172873 3
7883919715 IMP  3482753 44
7884061740 IMP  1431167 6
7884083554 IMP  2450239 20
7884345555 IMP  2957500 23
7884360371 IMP 10934356 213
7884680547 IMP  3875931 29
7884999601 IMP  3627576 38
7885001439 IMP  1257021 4
7885126630 Intractable. 12620877 473
7885167828 IMP  7721863 102
7885701917 IMP  1373031 5
7886008753 IMP  2265248 11
7886039282 Intractable. 13207062 466
7886462764 IMP   401245 0
7886469837 IMP  7764884 138
7886496535 Win  1977177 12
7886534637 IMP   946156 3
7886687678 IMP   483414 1
7887149754 IMP  3370884 24
7887178592 IMP 10598148 482
7887293867 IMP  6168916 86
7887372366 Win  1239408 3
7887387734 IMP  4616972 43
7887520572 IMP  5040096 76
7887575120 IMP  5485026 128
7887758214 IMP  3492009 16
7887999845 IMP  3369164 44
7888018131 IMP  4067554 30
7888434841 IMP   611509 1
7888584489 IMP  4894917 75
7888596112 IMP   160315 0
7888642821 IMP   550423 1
7888912647 IMP  5196486 67
7889150719 IMP  2299407 17
7889384615 IMP  5049956 133
7889657233 IMP  5484452 159
7889897469 IMP  1609632 4
7890217056 IMP  7673507 106
7890328634 IMP  1206184 5
7890447008 Win    61800 0
7890684846 IMP 11126364 308
7890816480 IMP  3897335 37
7890894180 IMP  1943713 8
7890911189 IMP  2961602 19
7891084074 IMP  2390625 10
7891132461 IMP  1300704 5
7891159659 Win   451640 0
7891526274 IMP  1659005 7
7891533737 IMP  9014517 111
7891850187 Win  3665272 29
7892017987 IMP  2805303 12
7892139012 Intractable. 12800620 306
7892418403 Intractable. 11752709 388
7892482921 IMP  3682914 30
7892541105 Win  2232627 22
7892547331 IMP  2739150 14
7892759100 IMP   242584 0
7892988040 Intractable. 11923929 424
7893165148 IMP  3973197 36
7893282081 Intractable. 14181615 632
7893451969 IMP  1974448 18
7893637520 Win   880087 2
7893684939 IMP  2904442 14
7893718894 IMP  1013150 1
7893798915 IMP  2267731 17
7893971108 IMP   562409 1
7894060647 Intractable. 11980537 670
7894086901 Intractable. 12714335 319
7894168870 IMP   694644 1
7894328681 IMP  1003014 3
7894386035 IMP  1034352 3
7894393690 IMP  1992080 10
7894600374 IMP   968342 2
7894764005 IMP  3307448 40
7894813090 IMP   663664 4
7895362544 IMP   501057 0
7895458779 Intractable. 14375602 407
7895531008 IMP  5466719 61
7895576079 IMP  3395347 27
7895610115 Intractable. 12964058 304
7895749987 Win  1386650 10
7895751371 IMP   707394 5
7895769189 IMP  1259524 6
7895804349 IMP   649026 3
7895867768 IMP   890414 2
7896014626 IMP 11913996 340
7896132738 IMP  3423709 21
7896154242 IMP  4879279 42
7896231927 IMP  1279973 6
7896315310 IMP  1132428 4
7896335161 Win  3385688 19
7896411057 IMP  6154546 133
7896468651 IMP  3360380 30
7896818389 IMP  8755020 123
7896907744 IMP  6638132 85
7897081757 IMP  6427875 82
7897195851 IMP  4643698 76
7897392668 IMP  3200852 22
7897438740 Intractable. 13924085 460
7897500241 IMP  2329576 30
7897579116 IMP   773952 2
7897640588 IMP  1663771 10
7897669134 IMP  4811944 64
7897762218 Win   692518 1
7897784846 IMP  1315494 6
7897787143 Intractable. 13258018 372
7897904486 IMP  1090090 4
7898106942 Win  1266381 3
7898182385 IMP  1159830 5
7898237246 IMP  1833274 10
7898407793 IMP  4385909 52
7898495822 IMP 12557298 280
7898730622 IMP  6796085 101
7898811187 IMP  4181474 24
7898838234 IMP  4297462 49
7899082700 Win  1874719 7
7899128821 IMP  2749174 13
7899303910 IMP  1677291 18
7899328173 Intractable. 13346180 726
7899999867 IMP  4186945 32
7900051784 IMP  2266041 11
7900128612 IMP  1784597 10
7900375607 IMP  2917293 22
7900406197 Win   395786 1
7900460633 IMP  4246924 43
7900587120 IMP  2568892 32
7900614508 Intractable. 12488162 459
7900650669 Win 13147585 309
7900663382 IMP  7754387 376
7900689466 IMP  1986260 8
7900911004 IMP  6784508 100
7901006930 IMP  2013982 15
7901360166 IMP  8430550 260
7901421929 IMP  2341670 17
7901764126 IMP   261911 0
7901795337 IMP  2633337 20
7902391725 IMP  1015430 4
7902493694 IMP  1405680 5
7902506262 Intractable. 12879758 278
7902577281 IMP  4147321 65
7902898151 IMP  2975718 21
7902961604 IMP 11476951 215
7903018887 IMP  1727201 9
7903105396 IMP   980822 2
7903218590 IMP  2891757 25
7903398739 IMP  1159623 3
7903859813 Intractable. 12308679 333
7904183659 IMP  1661040 20
7904268597 IMP   618354 2
7904482598 IMP  1037083 3
7904537780 IMP   824176 4
7904561617 IMP  4244209 45
7904754886 Intractable. 13575130 313
7904836842 Win  5385620 50
7905003001 IMP  1594444 12
7905324769 IMP  2897283 15
7905360483 Intractable. 12515182 499
7905490201 IMP   271257 1
7905638397 Intractable. 16435024 539
7905916448 IMP  4965049 36
7906023942 IMP  5714870 110
7906095921 IMP  1618919 7
7906202896 IMP   792002 2
7906429769 IMP  1046092 4
7906674384 IMP  1663981 15
7906841400 IMP 12357929 328
7906953571 IMP   485822 1
7906971691 IMP 11151069 367
7907018358 Win   779064 2
7907070184 IMP  1291454 5
7907238200 IMP   411914 1
7907324687 Intractable. 10419690 525
7907373232 IMP  1916611 11
7907382267 IMP   654131 2
7907517044 IMP  5528827 116
7908001946 IMP   190093 0
7908073019 IMP  1848909 12
7908174514 IMP  1737411 7
7908193834 Win  8024508 85
7908596638 IMP  6300342 84
7908614659 Win  7474195 85
7909254239 IMP  1294806 5
7909433935 Win  5071903 47
7909569982 IMP  1782051 7
7909761193 IMP   994123 6
7909904926 Intractable. 12619949 440
7909998170 IMP  1193790 4
7910139714 IMP  4583072 43
7910361420 IMP  3748282 32
7910548256 Win  1599259 7
7910565615 IMP  5479362 53
7910572654 IMP  1730155 20
7910707191 IMP  1875019 18
7910732124 IMP  3199480 43
7910792986 IMP  1584789 6
7911189093 IMP  2400337 20
7911438659 IMP  4869206 167
7911449885 IMP   619413 1
7912221933 Intractable. 12620450 343
7912275453 Win  2590016 11
7912531461 IMP   565282 1
7912539267 Intractable. 13663408 311
7912808034 IMP  9253182 155
7912821427 IMP  9074935 278
7913111414 IMP  3589624 72
7913165480 IMP  6132706 74
7913305107 IMP  3625254 21
7913359644 IMP  2236694 10
7913737062 IMP  4079996 71
7913993016 IMP  9101844 125
7914087314 Intractable. 12348321 271
7914736048 IMP  6366608 77
7914882366 IMP  2924702 13
7915097845 Intractable. 13920244 356
7915307035 IMP  6526138 241
7915612072 IMP   917043 5
7915657708 Win   219086 1
7915670326 IMP     9233 0
7915898692 IMP  1144866 5
7916018733 IMP   175956 0
7916507575 IMP   708580 2
7916793854 Intractable. 13947753 473
7916800229 IMP  2991107 21
7916851379 IMP  2173593 10
7916956998 IMP  3742323 29
7917046148 IMP  2686344 14
7917093924 IMP  6037738 105
7917253970 Intractable. 12253541 368
7917373607 IMP   523361 1
7917452238 IMP  2483592 17
7917554902 IMP   609333 2
7917626964 IMP  6780393 73
7917642382 IMP  9897404 195
7917997350 IMP  7322683 150
7918090327 IMP 13390481 381
7918203720 IMP  1990874 17
7918371063 Intractable. 10692163 310
7918830776 IMP   972410 3
7919080575 Intractable. 12819200 364
7919250823 IMP  2577909 16
7919284241 IMP  5113022 124
7919415843 IMP  2711920 13
7919637521 IMP  1334944 7
7919661608 IMP  5369723 106
7919731166 Win  5486642 52
7919757663 Win  9411415 194
7920607859 Win  6835059 127
7920847343 Intractable. 12070582 573
7921152398 Win   265442 0
7921665904 IMP  1170749 4
7921699935 IMP  4740646 58
7921723808 IMP  3480933 22
7921759737 IMP  1031488 3
7922068698 Win 12802755 235
7922107133 IMP  1359504 12
7922249451 IMP  3927459 41
7922343497 IMP  5489116 82
7922524797 Win   342499 1
7922683103 IMP  1219940 5
7922811104 IMP  8053474 159
7922920133 IMP  4518989 192
7923296476 Intractable. 11403148 267
7923551094 IMP   116912 0
7923739695 Intractable. 15743351 348
7923780362 IMP  6295550 82
7923905519 IMP  2498268 17
7924301237 IMP  3700790 44
7924417635 IMP  4410436 87
7924556251 IMP  1535147 7
7924855703 IMP  1070779 4
7924996994 Intractable. 12845750 458
7925195934 IMP  2903882 21
7925363667 IMP  1523371 5
7925634324 IMP 12687759 314
7925824708 Win   453209 1
7925873233 IMP  3143924 29
7925984169 IMP  4434752 37
7926003861 Intractable. 11066325 280
7926470156 IMP  1697726 8
7926483481 Intractable. 13397220 659
7926933467 IMP  3472710 30
7927378303 IMP   967872 3
7927636239 IMP  3548427 28
7927853038 IMP  2359794 21
7927915394 IMP   229481 0
7927986234 IMP 10043471 180
7928207793 IMP  3249889 19
7928266734 Win  1172684 7
7928327626 Intractable. 14018464 468
7928434032 IMP   765248 4
7928461083 IMP  1186539 7
7928844938 IMP 11604300 353
7928994763 Win   457997 1
7929124863 IMP   452350 1
7929239359 IMP  2898210 22
7929241503 IMP  7471230 114
7929243898 IMP  4533964 37
7929386954 IMP  1333396 5
7929574096 IMP   227453 0
7929663957 IMP  4678040 35
7929746429 IMP  7361707 175
7930348222 IMP  4100328 39
7930435067 IMP  3682511 56
7930694720 IMP  2916008 42
7930815820 IMP  3255310 31
7931121500 IMP  2360955 10
7931866130 IMP  2327256 17
7932211992 Intractable. 16142206 341
7932481691 IMP  7126909 123
7932502136 IMP  3684976 42
7932567185 IMP  2609185 25
7932746418 IMP  1160313 4
7933288897 IMP  1331288 9
7933316799 IMP   620574 1
7933338588 IMP  1732077 7
7933504707 IMP  2014399 8
7933525766 IMP  2959571 62
7933592584 IMP  2601470 16
7933677686 IMP   621918 5
7934333323 IMP  1546778 6
7934384614 IMP  1837708 12
7934887528 Intractable. 11924657 334
7935425784 IMP  1243683 3
7935665730 IMP  3625037 24
7935852717 IMP  6404890 71
7936006412 IMP   588384 2
7936069965 IMP  4504723 85
7936295545 IMP  1497330 8
7936399244 IMP 10542996 217
7936551516 IMP  2743144 18
7936555308 IMP  3896151 33
7936739084 IMP   570895 1
7936867038 IMP  3367638 38
7937348006 IMP  4294954 41
7937664470 IMP  3578759 21
7937794707 IMP  6416229 257
7937852237 IMP  9305302 138
7938673765 IMP   819477 2
7938878636 IMP  3064570 16
7939098565 IMP  1311351 5
7939463649 IMP   796285 2
7939494772 IMP  3518207 22
7939897934 IMP  2243957 19
7940056153 Intractable. 12147491 504
7940064045 IMP 10414036 180
7940082101 IMP   691411 4
7940085184 Win  6511641 66
7940294052 IMP  8516853 203
7940511832 IMP  2325979 13
7940635427 Intractable. 13500653 325
7941130474 IMP  2370602 11
7941411074 IMP  5771401 49
7941464215 Intractable. 14355436 348
7941783244 IMP  4152567 35
7941961576 IMP 10056881 283
7942018939 IMP  6046817 86
7942134295 IMP  1376071 10
7942189893 IMP  7050468 164
7942381518 IMP  2323672 13
7942466156 Intractable. 15162995 374
7942560160 IMP  1352156 14
7942609783 IMP 10574103 249
7942853027 IMP   710412 3
7943100454 IMP  1813851 13
7943147190 IMP  1835328 18
7943359020 Win  5434263 77
7943444588 IMP  4929929 61
7943533179 Win   464953 2
7943546369 Win  9830764 188
7944129836 IMP  1223763 8
7944244659 Intractable. 14059629 293
7944604508 IMP  2217468 15
7944634258 IMP  9028469 159
7945135746 IMP  1968475 7
7945889396 IMP  4314351 48
7946728465 IMP  1026408 4
7946905903 IMP  1364973 3
7947382135 IMP   326642 1
7947693063 IMP  2882147 28
7948870180 IMP   886087 2
7949289774 IMP   912098 2
7949657037 IMP  4440639 61
7949769770 IMP   933838 3
7950005346 IMP  3334459 27
7950133571 IMP  2941600 36
7950229251 IMP  3476923 27
7950304464 IMP  1660978 7
7950419065 IMP  2231422 18
7950471945 Intractable. 11056953 285
7950636376 IMP  1803433 8
7950741400 IMP  8237638 125
7950770726 IMP  1152781 5
7950810705 IMP  2740200 18
7950949173 IMP  5542171 61
7951728746 IMP  4930999 50
7951837905 IMP  3165584 39
7951958588 IMP  3708745 17
7952064356 IMP  2378312 14
7952178531 IMP  1544612 4
7952237652 Win  4592549 60
7952535212 IMP  1605609 15
7952805493 IMP  2125043 8
7952878895 IMP  1024631 4
7952917575 IMP   287291 0
7953215209 Win  2062672 7
7953252124 IMP  1589933 8
7953254210 IMP  5131763 69
7953625672 Win 11138800 227
7953657771 IMP  2021433 20
7953850716 IMP  4499755 39
7953928346 IMP  5519129 46
7953966063 IMP  5272930 44
7953974012 IMP  6172759 88
7953985840 IMP  5836131 138
7953997190 IMP   556524 1
7953997922 IMP 10752757 202
7954126532 IMP   778099 2
7954288687 IMP  7881533 215
7954317414 IMP 10787659 256
7954448771 IMP  3827813 29
7954542044 IMP   732227 1
7954629984 IMP  2634205 16
7955058274 IMP  2183210 13
7955128760 IMP  3348585 15
7955254342 IMP 10131177 265
7956108647 IMP  8639127 101
7956134031 IMP  9352391 227
7956335826 IMP  1343923 5
7956524541 IMP   210303 0
7956801508 IMP  2024527 10
7957239773 Win  4115872 39
7957270457 IMP  2398850 14
7957333077 IMP  4598666 41
7957544080 IMP  4288126 46
7957613978 IMP  5958645 57
7957653282 IMP  4293997 36
7957874732 Win  3534669 43
7957925164 IMP  4670220 36
7957927429 Win  2450169 14
7958049797 IMP   617264 1
7958152721 IMP  1795394 9
7958198717 IMP  5757616 120
7958522122 IMP  2371242 13
7958868491 Win   767009 1
7958921431 IMP   312873 2
7959051619 IMP  9969794 151
7959101203 Intractable. 13369562 338
7959153833 IMP     7301 0
7959216871 IMP  6631212 109
7959262825 IMP   808320 3
7960470578 IMP   264039 1
7960575042 IMP  4856589 73
7960725422 IMP  4669328 41
7960747366 IMP  3732110 39
7960885170 IMP  9635482 194
7960934459 IMP  7535735 105
7961017467 IMP  2998522 27
7961130330 Win   851810 3
7961190978 IMP  1816906 9
7961332399 IMP  3991213 34
7961513604 IMP  1538614 5
7961618988 IMP 10989542 377
7961621976 IMP  5557950 142
7962047927 IMP  8542792 279
7962569449 IMP   286315 0
7962642819 IMP  1716905 23
7962971248 IMP  1062958 3
7963367421 IMP  1703630 22
7963516269 IMP  1567813 8
7963815872 IMP  8788647 124
7964106583 IMP  2940836 33
7964602833 IMP  2057014 29
7964988469 IMP  2598024 13
7965040671 IMP  5164340 289
7965359952 IMP  6324233 83
7965764067 IMP  3627113 39
7965804067 IMP  9304211 245
7965887597 IMP  1808319 9
7965891973 IMP   916303 3
7965995758 IMP   516862 1
7966024673 IMP    92467 0
7966063142 IMP  1154712 7
7966068460 IMP  1297883 3
7966090284 IMP   338249 0
7966105889 IMP  4256825 34
7966139916 Win   999038 1
7966160579 IMP   377690 1
7966226470 IMP    63901 0
7966455298 IMP 11822431 454
7966849987 IMP  5213568 84
7967146148 IMP  2887607 20
7967216170 IMP   746335 2
7967230176 IMP  5114262 82
7967236339 IMP  1909750 8
7967337320 IMP  5167497 54
7967427608 IMP  1121406 4
7967724246 Win   810920 2
7968037938 IMP  4924069 44
7968281768 IMP  9753442 232
7968313643 IMP 10202844 193
7968683001 IMP   765000 2
7969015245 IMP   401621 1
7969982211 Intractable. 13838300 356
7970092414 IMP   301086 1
7970170467 Win   292778 0
7970613999 IMP  5545018 85
7970701154 IMP  2519974 13
7970723106 IMP  8212704 220
7971076029 IMP  2985444 31
7971084735 IMP  2467754 16
7971097621 IMP  3873779 38
7971492080 IMP  3764514 53
7972469750 IMP  2927052 33
7972605848 IMP  1434535 4
7972630142 IMP  4545802 41
7972674566 IMP  5688522 107
7972734982 IMP  3516050 180
7972836470 Win  1552802 8
7973545697 Intractable. 13993957 514
7973651748 IMP   885446 2
7973664040 IMP  1296252 4
7973751643 IMP  2247824 28
7973876798 Intractable. 12637802 406
7973929724 IMP  1064343 6
7973957580 IMP  4194836 62
7973994456 IMP  7645055 117
7974179937 IMP  5752358 158
7974238663 IMP  1819059 13
7974338662 IMP  5729491 96
7974630079 IMP   845030 4
7974643528 IMP  1794914 10
7974684142 IMP  2294864 13
7974941564 IMP  1342653 6
7974965569 IMP  1685525 7
7975286797 IMP   443937 0
7975290216 Intractable. 12072547 412
7975425050 IMP  2865953 17
7975490869 IMP  6354761 153
7975755232 IMP  7924969 537
7975808203 IMP   322372 0
7976000580 IMP   273502 1
7976284235 IMP  1713889 5
7976431683 Intractable. 11647665 313
7976447508 Win   113893 0
7976951654 Win  2617043 19
7977275291 IMP 10804239 304
7977363675 IMP  1786374 5
7977366158 IMP  6867479 195
7977473739 IMP  9009751 119
7977588538 IMP  3379103 22
7977725614 IMP  1921113 9
7977939322 Win   560444 1
7978013260 IMP  1608691 6
7978335299 IMP  5863955 281
7978699382 IMP  1927306 9
7978726091 Intractable. 11899247 771
7978840448 IMP  1184090 7
7978992771 IMP  2158918 19
7979175120 IMP  3308854 41
7979443460 IMP  4129303 41
7979919165 IMP  7372952 400
7980482643 IMP  4370430 52
7980532834 IMP  2368655 20
7980657556 Win  1021841 3
7980800205 IMP  2112985 14
7981184903 IMP   974908 2
7981361333 IMP  1406426 3
7981383823 Win    19907 0
7981847646 IMP  1728772 15
7982079935 IMP  7835809 319
7982146439 IMP  2161980 13
7982261630 IMP  3163369 21
7982456394 IMP  3440866 72
7982862093 IMP  2785853 31
7982924470 IMP  1575715 9
7983610650 IMP 11323229 410
7983742928 IMP  2127221 15
7983946569 IMP  1572204 6
7984098608 IMP   990785 5
7984417626 IMP  2045447 8
7984606044 Win  4344258 28
7984825762 IMP   977152 4
7985036928 IMP  8636498 152
7985124637 IMP  3892312 43
7985249026 Win  3302814 19
7985267235 Intractable. 13068070 256
7985439472 IMP  1459619 6
7985495370 IMP   812277 3
7985686506 IMP   953725 2
7985741819 IMP  6703580 54
7985821222 IMP  1250195 10
7985827516 IMP 10771467 551
7985912355 IMP   862656 5
7986055086 IMP  9905336 200
7986272188 Win  2707419 15
7986426901 IMP   899431 5
7986447785 IMP  6986684 209
7986469791 IMP  5491620 48
7986547720 Intractable. 12278351 275
7986550990 IMP  4177968 38
7986941158 IMP  1498768 6
7987088741 IMP  1758572 9
7987162809 IMP   802071 3
7987361654 IMP  1189574 4
7987909663 IMP  7028004 128
7988119193 IMP  4645558 74
7988140953 IMP   217017 1
7988194569 IMP  4978562 57
7988680492 IMP  4681498 47
7988759709 IMP  9861136 200
7988851083 IMP  1468488 5
7989031343 IMP  2535830 26
7989774796 IMP  1138624 10
7989809931 IMP  1087157 4
7989870519 IMP  2349842 15
7989882984 Intractable. 12438329 418
7989948895 IMP  4737011 45
7990422658 IMP  1005278 3
7990452348 Win  3836384 36
7990475738 IMP  7430788 134
7990666421 IMP  1606221 11
7990785105 IMP  2161745 24
7990848305 IMP   908359 3
7990963540 IMP   484697 1
7991258395 IMP   632103 2
7991318479 Intractable. 11987771 266
7991591549 IMP   322575 0
7991621565 IMP  1369189 4
7991654087 IMP   879265 3
7991770397 IMP  2497374 15
7991882870 IMP  8949378 176
7992034733 IMP   419482 1
7992085142 IMP  4503765 77
7992099153 IMP  1732230 12
7992554828 IMP  5894850 230
7992608133 IMP  2727195 22
7992612652 Win 12055055 262
7992707088 IMP   453545 1
7992804806 IMP  5173164 70
7993129907 IMP  5217186 77
7993198961 Intractable. 12575664 338
7993209911 IMP   593847 1
7993294747 IMP  3786946 34
7993313688 IMP  4703708 49
7993410276 IMP  5397291 53
7993552880 Intractable. 13668110 439
7994178586 IMP  2221644 26
7994408041 IMP  1708431 9
7994774711 IMP  9366706 219
7994783568 IMP  2303953 19
7994804851 IMP  2210969 29
7995285799 IMP  1812275 7
7995305416 IMP 10150453 208
7995362600 IMP  1116446 4
7995427381 IMP   544700 2
7995652260 IMP  2687812 30
7995967057 IMP   332047 0
7996090494 IMP  2636137 26
7996091556 Intractable. 14055899 435
7996276525 IMP  8570753 137
7996338971 Win  1888449 10
7996398613 IMP  2618542 40
7996614188 IMP  1957136 11
7997171408 IMP  1734363 6
7997185848 IMP  1147545 2
7997188204 IMP  3248169 27
7997199974 IMP  1626200 44
7997490426 IMP   955983 5
7997503360 IMP  2831192 29
7997901722 IMP  5275894 104
7998588651 IMP  9048259 228
7998761239 IMP  3545059 65
7999015110 IMP  1782448 8
7999328532 IMP  1613950 4
7999740958 IMP  2232813 11
7999808220 IMP  3277726 25
7999916415 Intractable. 12278994 561
Number of Freecells: 3   Mode: 

Winnables: 115
Impossibles: 1225
Intractables: 116
Total time: 32 Hours, 11 Minutes, 32 Seconds
