4000244534 IMP  2389206 10
4000625778 IMP  1529242 8
4001078257 IMP  1745267 6
4001409090 IMP  1726308 7
4001579374 IMP  7541142 213
4001752418 IMP   694987 1
4001888072 IMP  4720350 47
4001909743 IMP  2774602 27
4002197500 IMP  3198601 25
4002497031 IMP  1834437 9
4002584639 Intractable. 11245707 340
4002903548 IMP  3351193 21
4003061936 IMP  8067113 204
4003541660 IMP  3033961 17
4003760230 IMP   756837 2
4003882399 IMP  6733161 120
4004165807 IMP  4663836 49
4004197341 IMP  3799433 33
4004468497 IMP  5085419 85
4004585385 IMP   407805 1
4004685817 IMP  1535677 6
4004832718 IMP  7485933 240
4005130520 Intractable. 11986475 311
4005208627 IMP  3881128 21
4005279236 IMP  1560785 6
4005553649 IMP  2425424 13
4005660383 IMP  2547922 9
4006173091 IMP  1783870 15
4006576325 IMP  6206477 62
4006938088 IMP  2020951 12
4007058660 IMP  1527024 12
4007142162 IMP 12616578 319
4007311488 IMP  1462511 7
4007331800 IMP   991965 4
4007373624 IMP  1093630 3
4007404392 IMP  2996205 62
4007504676 IMP  6921243 72
4007618558 IMP  6026225 120
4008417613 IMP  6356401 212
4008472217 IMP   811584 1
4008675986 IMP  4088340 63
4008772932 IMP   924714 2
4008782624 Intractable. 13338080 315
4008918100 IMP  2382495 12
4008953889 IMP  1857348 8
4009250566 IMP   964836 4
4009314789 IMP  6201443 153
4009597101 IMP  3629677 30
4009783824 IMP  8922561 567
4009870061 IMP  1645732 8
4009931257 IMP  2510258 11
4010286956 IMP  1238740 3
4010519199 IMP  2983225 43
4010782246 IMP   787430 2
4010863682 IMP   791564 1
4010892307 IMP  2768215 28
4010943209 IMP  2313443 16
4011589718 IMP  5980834 59
4011835164 IMP  2778829 18
4011932900 IMP  9045279 203
4012135620 IMP  1011734 3
4012208200 IMP  3257016 22
4012468657 IMP  5270095 74
4013016979 IMP   805216 3
4013089767 Intractable. 11102817 313
4013105467 IMP   952414 2
4013281735 Intractable. 15793004 327
4013577541 IMP  5486627 57
4013692380 Win  2817752 13
4013712973 IMP  8275487 112
4013714361 IMP   322106 0
4013949642 IMP  3800993 68
4014120719 IMP  2901027 26
4014404354 Intractable. 14476519 344
4014898367 IMP 11906730 317
4015528464 IMP  1640558 9
4015547022 IMP  2279045 20
4015714255 IMP  3259402 26
4015828780 IMP  2989372 21
4015866607 IMP  1344975 5
4016128791 Intractable. 14565135 718
4016439150 IMP 12442883 742
4016588778 IMP  2462434 22
4016599992 IMP  2369862 10
4016653242 IMP  1497644 6
4016667227 Intractable. 12416700 497
4016708063 IMP  7201267 267
4017181783 IMP  2027275 8
4017286057 IMP  9928925 199
4018215991 Intractable. 13496108 292
4018323820 IMP  2533341 33
4018430770 IMP  3529023 33
4018512501 IMP  4465651 70
4018975907 IMP   675462 1
4019153940 IMP  4838827 81
4019622231 Intractable. 12906732 355
4019869740 IMP  2218884 17
4020093176 Intractable. 13737621 1018
4020290524 IMP  1146661 7
4020336660 IMP   543552 1
4020525877 IMP 11411245 231
4020698098 IMP  1667252 6
4020717004 IMP  1999114 15
4020727885 IMP  1558103 12
4020812542 IMP  1176137 4
4020828023 IMP  9517361 207
4021296763 IMP 11224693 448
4021316577 IMP  3832339 57
4021458835 IMP  3361372 37
4021615631 IMP  1124744 4
4021621601 Win  1412682 8
4021731062 IMP  1095969 7
4021993469 IMP  2089917 8
4022215583 IMP   838358 2
4022536853 IMP  1749282 10
4022667166 IMP  2116991 13
4022779830 IMP   246396 1
4023108034 IMP  7395577 656
4023471735 IMP   765118 2
4023548163 IMP  1248906 5
4023614715 IMP  3831444 45
4023779599 Intractable. 11686614 307
4024354300 IMP  1973755 7
4024394797 Intractable. 12885971 608
4024617222 IMP  6323072 75
4024843647 IMP  3435381 20
4025221506 Intractable. 13859713 370
4025793100 IMP  8140631 131
4025828068 IMP  2135139 12
4025987087 IMP  1508625 4
4026117320 IMP  6098808 69
4026229667 IMP  4009914 32
4026293085 IMP  8509863 365
4026850513 IMP   861056 2
4026928467 IMP  3071658 19
4026939856 IMP  3233254 29
4027030408 IMP  1070501 4
4027080534 IMP  2012944 7
4027324285 IMP   837414 2
4027350863 IMP   550380 2
4027397671 IMP   755918 5
4027488564 IMP  4113307 57
4027534982 IMP  1604366 5
4027559444 IMP  7855922 143
4027740007 IMP  1319925 12
4027763704 IMP   286685 1
4027911115 IMP  2443068 12
4028005125 IMP   509523 1
4028282283 IMP   444355 1
4028433680 Intractable. 11963998 307
4028805353 IMP  2821604 23
4029197417 IMP  2424372 30
4029306433 Intractable. 12655654 310
4029343187 IMP  1528795 9
4029391962 IMP   718794 2
4029733022 IMP  3043422 17
4029963547 IMP   655822 1
4029969084 IMP 11797581 538
4030415905 IMP 11273442 456
4030634152 IMP  1046582 3
4030736344 IMP  3119462 89
4030848879 IMP   716607 2
4030950853 IMP  1386850 5
4031106801 Win   857377 3
4031907404 IMP   415547 1
4032409803 IMP   179342 0
4033144544 IMP  1144311 7
4033167881 IMP  2681432 28
4033251618 IMP  1542768 3
4033282697 Intractable. 11420558 261
4033366985 IMP  1483276 4
4033893259 IMP  4507994 49
4033958322 IMP  2219461 13
4035051103 IMP  2341987 8
4035067746 Win   672750 2
4035068064 IMP  2672919 13
4035198925 Intractable. 13368388 669
4035681418 IMP  5377842 65
4035695420 IMP   595045 1
4035968365 IMP  1843189 14
4036111022 IMP  1010598 7
4036146196 IMP  2277730 23
4036657596 IMP  6059148 68
4036693552 IMP   144155 1
4036889113 IMP   848598 2
4036898236 IMP  1127689 7
4037563353 IMP  3860174 34
4037741818 IMP  1133659 18
4037755994 IMP  1597872 8
4038028881 Intractable. 11694552 439
4038061504 IMP  4838032 54
4038113023 IMP   782572 2
4038156091 IMP  4045962 171
4038168314 IMP  2151676 51
4038218384 IMP  7066558 163
4038277412 IMP  9161332 309
4038619024 Win 12513089 237
4038830180 IMP   728017 2
4038886409 IMP  7859881 516
4039038934 IMP  1822674 12
4039179255 IMP  2452535 25
4039324382 IMP   607476 2
4039363767 IMP   868328 1
4039368493 IMP  7038164 91
4039943396 IMP  1076979 4
4039962851 IMP  3913296 24
4039991383 IMP  3028417 24
4040406447 IMP  3600607 27
4040464725 IMP  3195178 45
4040486182 IMP  1737683 5
4040547950 IMP  3387750 23
4040559188 IMP 13420598 442
4040748674 Win  3798722 35
4041264283 IMP 11770826 535
4041621727 IMP 11345101 576
4042040326 IMP   526332 1
4042068113 IMP  2172339 21
4042286923 Intractable. 12577493 259
4042301958 IMP  2198700 15
4042364459 IMP  2530728 12
4042503593 IMP  2664314 37
4042628711 IMP   483232 0
4042716768 IMP   847340 2
4042814419 IMP  5807589 80
4042933055 IMP  1930628 22
4042971680 IMP  2884889 28
4043002379 IMP  1321078 7
4043011943 IMP  1101388 3
4043158187 IMP  2349075 15
4043227823 IMP  1345970 9
4043288282 IMP  1559584 10
4043472472 IMP  2300257 18
4043473661 IMP  4678843 38
4043479099 IMP  7485233 157
4043505765 IMP   758622 2
4043598471 IMP  8593048 196
4043630736 IMP  2854082 15
4043743882 IMP  1752629 9
4043898131 IMP   605313 1
4044361566 IMP  3313350 28
4044583035 IMP  1690065 6
4044924201 IMP  7458148 128
4044931722 IMP  5919650 79
4044980000 IMP  3331125 29
4045089656 IMP 10945421 259
4045306491 IMP  2141345 11
4045909880 IMP  2532048 12
4045953915 IMP    98948 0
4046200440 IMP   236729 0
4046423357 IMP  1009959 3
4046427136 IMP   178178 0
4046902296 IMP   386744 1
4047011136 Win   151442 0
4047222410 IMP   293990 0
4047371386 IMP 10799665 266
4047375982 Intractable. 11536801 489
4047908280 IMP  2305873 10
4047944703 IMP   773914 2
4048069521 IMP   904069 2
4048288959 IMP  1323151 6
4048362758 IMP  1907694 9
4048376036 IMP  4129015 27
4048680762 IMP  1831887 16
4048946424 IMP   841974 3
4049120689 IMP  5793518 48
4049413860 IMP  9576725 356
4049525495 IMP  2127362 15
4049527964 IMP   988443 7
4049707930 IMP   347664 1
4049828821 IMP  1314401 5
4050029782 IMP   984541 3
4050059943 Win   339404 0
4050432480 IMP  2309187 39
4050460158 IMP  1389253 6
4050548362 IMP  2935926 45
4050665057 IMP  1591377 5
4050735028 Win  8346277 207
4050741099 IMP   440086 1
4050867999 Intractable. 11998636 312
4050906988 IMP  1135072 4
4050979457 Intractable. 13059411 435
4051061198 Intractable. 13532067 390
4051452219 IMP  4934681 105
4051548132 Intractable. 12320615 519
4051623183 IMP  5120009 45
4051670138 IMP   722403 2
4051721415 IMP  3370308 21
4052470048 IMP  1113468 2
4052642670 Intractable. 12964004 370
4053111533 IMP  3126340 36
4053308053 IMP   392400 1
4053394098 Intractable. 10753390 328
4053491158 IMP  6018511 112
4053824240 IMP  4419966 41
4054469465 IMP   773508 2
4055271155 IMP  7306280 137
4055319533 IMP   938573 3
4055491000 IMP  6260998 51
4055511228 IMP   928059 3
4055638906 IMP  9881099 216
4055737228 Intractable. 14110787 368
4055768618 IMP  7373288 84
4055922780 IMP  3455803 36
4056116334 IMP  6022306 108
4056134751 IMP  5693732 79
4056212507 IMP   325093 1
4056327544 IMP  9293088 146
4056342914 IMP  1073802 4
4056489615 IMP  3701590 26
4056622917 IMP   854330 1
4056641249 IMP  5254282 97
4056700874 IMP  1160449 5
4056803947 Intractable. 13648639 563
4056824289 IMP  1168132 6
4056849580 IMP  2701770 17
4056904924 IMP  5754700 109
4057011902 IMP  4259122 50
4057019558 IMP  4156827 33
4057119041 Intractable. 12553023 462
4057234540 IMP  2138605 13
4057668759 IMP 10216821 248
4057761624 IMP  2338075 27
4057855305 IMP  4191527 48
4057962022 IMP  3311095 21
4058006669 Win  3829660 29
4058014807 IMP  1287557 4
4058038223 IMP  6969868 156
4058076107 IMP 10454856 331
4058486919 IMP  1393891 4
4058638932 IMP  1534231 7
4058699290 IMP  1683091 24
4058716411 IMP   897307 3
4058794578 Intractable. 14936443 329
4059159704 IMP   974626 6
4059244320 IMP  3154329 38
4059271265 IMP  2724870 16
4059343323 IMP  1517798 11
4059803692 IMP  2559694 15
4060637956 IMP  2976979 23
4060756778 Intractable. 12206057 677
4060912662 IMP  6804960 108
4061000639 IMP   475028 1
4061333057 IMP  2125394 13
4061444147 IMP   701649 3
4061562173 IMP  2658464 25
4061562289 Intractable. 13621059 325
4061672179 IMP  2262078 8
4062079737 Intractable. 13578981 307
4062665050 Intractable. 14151594 582
4063092097 IMP  1636031 8
4063253591 IMP  2401917 21
4063420705 IMP  2326359 16
4063781107 IMP   747088 2
4064023824 IMP  8804559 188
4064114749 IMP  1574820 7
4064131997 IMP  4116213 51
4064210992 IMP   898526 2
4064239102 IMP   792040 2
4064396601 IMP  4562165 67
4064545211 Intractable. 12281990 414
4064599759 IMP  3353777 21
4065087148 IMP  2454801 28
4065269082 IMP  7792903 172
4065274031 Win   425610 0
4065344467 IMP  1688119 10
4065531307 Intractable. 12694238 431
4065693284 Intractable. 12543604 381
4065828639 IMP 12241187 220
4065862896 IMP  1116283 4
4065902987 IMP   402155 0
4066272645 IMP  2990267 19
4066302267 Intractable. 11783839 340
4066317743 IMP  8352354 168
4066341156 IMP  1829049 20
4066462639 IMP  5600869 84
4066550462 IMP  4470943 35
4066643724 IMP  6057536 112
4066678840 IMP   836384 2
4066807748 IMP  9019904 119
4066846311 IMP  5277265 77
4067038382 IMP  1410638 4
4067124637 IMP  1607718 8
4067166851 IMP   438997 1
4067427083 IMP  4389589 43
4067512217 IMP   788537 2
4067571716 IMP  4295720 28
4067686224 IMP  3192924 21
4067886732 IMP  1431356 9
4067928682 Intractable. 11559971 278
4067989381 IMP  2155759 11
4068098203 IMP  2153698 19
4068117138 IMP  1959643 7
4068203483 IMP  3588696 35
4068464246 IMP   544243 1
4068595032 Win  4448262 59
4068681469 IMP  9919305 342
4068852982 IMP  1438569 5
4069078358 IMP  8246385 135
4069166496 IMP  7549393 150
4069231084 Intractable. 12001694 297
4069501826 IMP  7690784 240
4069602576 IMP  4279564 48
4069916701 IMP  1853139 11
4070077429 IMP   787408 5
4070432272 IMP  6161736 120
4070468780 IMP  5472596 63
4070645070 IMP  3742026 50
4070652186 IMP  3365657 35
4070798607 IMP  9719109 251
4070869571 Intractable. 15281252 373
4070939962 IMP   636730 1
4071006269 Intractable. 14938536 395
4071100764 IMP   316007 1
4071667814 IMP   444170 1
4071988151 IMP  3019831 14
4072059862 IMP  2777374 24
4072078788 Intractable. 14857073 641
4072172055 IMP  2945811 14
4072506990 IMP   766265 1
4072722215 IMP  3995705 31
4072851351 IMP   579469 2
4072947080 IMP   907926 3
4073175415 IMP  2264182 11
4073209269 IMP  2403145 16
4074185960 Win  2990461 19
4074255207 IMP   973042 2
4074369496 IMP  4694686 277
4074392222 IMP  1269051 8
4074766291 Intractable. 12483600 251
4074948997 IMP  3302166 79
4075236709 IMP  4965994 69
4075269171 Win  8000457 94
4075288296 IMP  1577740 6
4075554417 IMP  5903418 93
4075811363 IMP  8027785 115
4076295435 IMP  1227255 7
4076401672 IMP  1283280 15
4076574572 IMP  4093622 24
4076618977 IMP  4828740 31
4076664205 IMP  4077265 27
4076707590 IMP   907593 3
4076931454 IMP  3629115 29
4077110520 IMP  1592094 9
4077321483 IMP  6830714 119
4077326734 IMP  5176401 56
4077444274 IMP  5591048 105
4077571493 IMP  2198826 23
4077730856 IMP  8281860 332
4077758561 IMP  2724832 14
4077947662 IMP  2202953 39
4078005116 IMP  1513662 5
4078038168 IMP   288148 1
4078081357 IMP 10849412 600
4078107617 IMP  3489041 36
4078141871 IMP   495160 2
4078275756 IMP  3418577 36
4078447679 IMP  3939421 38
4078778328 IMP  1471193 9
4078883951 Intractable. 11680670 226
4078975122 IMP   906515 3
4079018247 IMP   894327 2
4079083939 IMP  4955860 35
4079091654 IMP  6475231 75
4079094786 IMP  3514699 39
4079111552 IMP   303010 1
4079340483 IMP  1701865 8
4079577848 IMP  6545461 108
4079771448 Win   407458 0
4080207940 IMP  2272743 8
4080552431 IMP  1443085 5
4080570397 IMP  4870560 68
4080606906 IMP  9225804 126
4080732029 IMP 10479654 347
4080893317 IMP  2798792 21
4080900618 IMP  2668081 20
4081762710 IMP  2784946 13
4081792251 IMP  1608041 9
4081809091 IMP 12914837 239
4081884140 IMP  1998228 12
4082057341 IMP  1239522 12
4082090403 IMP  2331745 14
4082130330 IMP  2980540 19
4082406224 IMP   883979 3
4082460725 IMP  3170264 25
4082479183 IMP  1203416 11
4082539996 IMP  3707054 45
4082591025 Intractable. 12217809 320
4082738013 IMP 10242341 200
4082872607 IMP  1834722 7
4083215698 Win  8215272 170
4083246788 IMP  1840278 9
4083380577 IMP  1709789 6
4083534474 IMP  6310124 108
4083731467 IMP  2078676 21
4083772844 IMP  3259019 36
4084005360 IMP  2145826 8
4084020420 IMP  3126447 29
4084108697 IMP  2493122 10
4084212238 IMP  1275020 5
4084689266 IMP    71630 0
4084788262 IMP   837008 2
4085178607 IMP   539873 1
4085312002 IMP  2793391 15
4085319256 IMP  3196407 22
4085446693 IMP  2556177 15
4085493686 IMP  1150010 4
4086381460 IMP  3213318 50
4086587384 IMP  1842479 8
4086738718 IMP  5069028 63
4087392947 IMP  5478533 91
4087538525 IMP  1401121 11
4087769239 IMP  1035539 7
4087819734 IMP  8056019 149
4087884293 IMP  4291194 45
4087932840 Intractable. 12366818 378
4088350225 Intractable. 12004904 318
4088519775 IMP  1713512 7
4088558188 Intractable. 10990852 245
4088581748 IMP  5220996 256
4088610552 IMP   754977 4
4088735748 IMP  2296276 25
4088757523 IMP  2839648 13
4088879684 IMP   977310 2
4088994002 IMP  1301945 8
4089253753 IMP   642270 1
4089568534 IMP  3207121 17
4089569786 IMP    38351 0
4089605097 IMP 12884144 423
4089705664 IMP  2104308 8
4090066861 IMP   906777 3
4090330454 Intractable. 11647735 385
4090925833 IMP 12593860 500
4091128730 IMP 10650371 156
4091175743 IMP  2382156 20
4091422840 IMP  4228286 28
4091637556 IMP  3169302 22
4092147644 IMP  2038800 13
4092302488 Intractable. 15745570 345
4092382305 IMP   920017 2
4092638104 IMP  1921189 11
4092818549 IMP  1417991 16
4093028002 Intractable. 12321841 339
4093078695 IMP  8203313 265
4093098981 IMP  3177651 25
4093424968 IMP  5685084 63
4093473161 Intractable. 11406714 347
4093711204 IMP  1422531 8
4093738295 IMP  5474963 65
4093878362 Intractable. 12021367 287
4093889631 IMP   436328 1
4094036426 IMP  1636072 11
4094112970 IMP  4301677 49
4094258782 Win  4035229 25
4094278504 Intractable. 11423247 537
4094322320 IMP  1076440 3
4094346062 IMP  2193921 11
4094409959 IMP  8072156 233
4094720073 IMP  7196520 245
4094742777 Win  1595224 5
4095202820 IMP   705137 2
4095513163 IMP  5109921 67
4096978150 IMP  1970373 10
4097166832 IMP  1020116 5
4097269789 IMP   788436 5
4097327033 IMP 14914283 595
4097459874 Intractable. 12568232 332
4097579237 IMP   125915 0
4097695970 IMP  2036739 18
4098222307 IMP  1559496 4
4098231804 IMP  2868675 33
4098424632 IMP  2117401 13
4098433101 IMP   772315 2
4098721761 IMP   567820 1
4098812254 IMP  1297813 17
4099172959 IMP  3658408 25
4099230716 IMP  6356442 97
4099301862 IMP   257925 0
4099416196 Win  9630922 189
4099700230 Intractable. 12709324 432
4099818133 IMP  2130263 10
4099897835 IMP  4111040 31
4099935550 IMP  8628835 175
4099988488 IMP  2322722 10
4100165953 IMP  3248334 24
4100324818 IMP  2238400 10
4100486436 IMP  7048485 106
4100604533 IMP   740079 2
4101003471 IMP   764516 3
4101383857 Intractable. 12466080 352
4101694218 IMP  1241351 7
4101746098 IMP  6744956 293
4101826552 IMP   547330 1
4102433823 IMP  2741121 20
4102540989 IMP  3119349 18
4102814330 IMP  1073993 4
4103302550 IMP  1089499 10
4103608035 IMP   552483 1
4103741901 IMP  2811059 15
4103805821 IMP  6078303 66
4103871721 IMP  1001807 4
4104129648 IMP  3548085 56
4104137859 IMP  4571431 42
4104693298 Win  1544726 4
4104789922 IMP  2060591 12
4104822266 IMP  1731424 5
4104972101 IMP  1192394 5
4105099856 Win 12520396 286
4105135118 IMP  2444590 15
4105257063 IMP  2372269 24
4105438258 IMP  9943278 217
4105517514 IMP  1924779 7
4105834909 Intractable. 14203433 618
4105895962 IMP  2244553 11
4106315185 IMP 11426586 265
4106370059 IMP  1555687 5
4107091013 IMP  1557182 6
4107216948 IMP   970623 6
4107281850 IMP  8286775 165
4107396706 IMP  4351384 35
4107428739 IMP 11279785 228
4107658922 IMP  1252110 3
4107810234 IMP   548910 2
4108148592 Intractable. 12890912 676
4108494730 IMP  4748443 63
4108499808 Win  6397487 60
4108566473 IMP  1345072 7
4109245021 IMP  5002414 65
4109294471 IMP  4094732 32
4109404582 IMP  3848582 37
4109489962 IMP  7731310 130
4109515953 IMP  5020877 33
4109664076 IMP  2628879 24
4110131136 IMP  1194498 4
4110383036 IMP  1110525 4
4110793983 IMP  4560548 54
4110821869 IMP   517308 1
4110919423 IMP 14107160 532
4111023046 Win 10078520 155
4111131994 Intractable. 14858183 421
4111277488 IMP  1143698 4
4111473101 IMP   294372 0
4111484752 IMP   925043 2
4111614647 IMP   763491 2
4111872467 IMP  4168220 41
4111995122 IMP  7247262 194
4112183661 IMP  7451266 156
4112313318 IMP  2162613 9
4112597948 IMP  1863054 13
4112773327 IMP  3228733 96
4112835023 IMP   598039 1
4112850037 IMP 11258065 193
4112993654 IMP  8237846 138
4113170843 IMP  6354104 85
4113333244 IMP    74421 0
4113941739 IMP  3025168 31
4114149632 IMP  2464993 21
4114597403 IMP  1121611 4
4114628321 IMP  7124652 290
4114753564 IMP 10338467 230
4114884585 IMP   300399 1
4114992465 IMP 10644165 358
4115038697 Intractable. 13163691 336
4115096480 IMP  9711806 338
4115654708 IMP  1061151 5
4115701581 IMP   914651 3
4115791048 IMP  1110683 5
4116150516 IMP  3206185 31
4116159003 IMP   474713 2
4116200397 IMP   712461 1
4116237152 Intractable. 12815242 451
4116313947 IMP   423033 0
4116552954 IMP  1057755 4
4116716127 IMP  1702142 7
4116836186 IMP  1766592 10
4117437414 IMP  2371963 12
4117515234 IMP  1485787 7
4117648053 IMP   805192 5
4117702703 IMP  1932663 6
4117787567 IMP  5634315 125
4118086810 Intractable. 13236528 588
4118230280 Intractable. 12826737 341
4118638395 IMP 11208905 576
4118740833 Intractable. 12879671 506
4118860310 IMP  4831025 77
4119042733 Win   522415 1
4119367372 IMP  9961958 249
4119602286 Intractable. 13329726 489
4120384209 IMP  1294783 5
4120539870 IMP  6487323 86
4120549745 IMP  2929817 17
4120628929 IMP  1416997 4
4120755220 IMP  1127765 3
4120772722 IMP  5336351 50
4120882627 IMP  3125412 59
4121276112 IMP   414470 1
4121537428 Win 12436127 382
4121541244 IMP  1042012 3
4121632387 IMP  7862176 149
4121734251 Win  8642027 215
4121901189 IMP  1002812 2
4122199747 IMP   495071 1
4122587776 IMP  2235879 17
4122599702 IMP  2651774 22
4122731597 IMP   435142 1
4123104511 IMP  6072351 123
4123313936 IMP  3277975 20
4123384921 IMP 12318971 264
4123429485 IMP  1388340 4
4123462320 IMP  2663610 38
4123550540 IMP  1318619 6
4123797373 IMP   475308 0
4123880528 IMP   486384 2
4124286812 Win   469137 1
4124313028 IMP   903812 3
4124385382 IMP   965494 4
4124815927 IMP  1610368 5
4124843348 IMP  1874559 11
4124946564 IMP  1016541 10
4125388406 IMP  3104995 16
4125626331 Win  2783729 13
4125761221 IMP   385030 1
4125872570 IMP  2054253 14
4125929384 IMP 13116705 433
4125967787 IMP  3994835 56
4126317112 Win  2473620 13
4126328724 IMP  2083988 12
4126633396 Win  4147075 51
4126873550 IMP  1362865 7
4126936115 IMP   773358 3
4126938091 Intractable. 15297611 505
4127074803 IMP  1661492 8
4127083606 IMP   554641 1
4127142759 IMP   733639 2
4127415971 IMP   795675 2
4127642182 IMP  6229281 64
4127903361 Intractable. 13960935 341
4127975865 IMP  1170971 10
4128319745 IMP  1272765 4
4128405011 IMP  2175414 10
4128450064 IMP  1061800 4
4128835362 Intractable. 14241005 412
4129058649 Intractable. 13886138 589
4129085768 IMP  1788702 6
4129090826 IMP  3423286 22
4129643617 IMP  2959240 18
4129702070 IMP  8157256 166
4130110352 IMP   865817 2
4130477261 IMP   999724 3
4130504507 IMP  3945404 47
4130567862 IMP  5208328 41
4130599444 IMP   502645 2
4130766091 IMP  9185687 232
4131039511 IMP   958966 3
4131208882 IMP  1413622 5
4131358591 IMP  2949230 35
4131402393 IMP  2461706 12
4131423956 IMP  3739817 72
4131534620 IMP  1983849 12
4131536821 IMP  3269646 14
4131578524 IMP   534925 1
4131762850 IMP  1715747 9
4131890662 IMP  5175895 79
4132141163 IMP  2891127 13
4132335566 Win   479334 0
4132453751 IMP  1723563 15
4132462350 IMP  3772351 25
4132602189 IMP  1065561 4
4132605672 IMP  4858691 50
4132625986 IMP  5525278 110
4132685380 IMP  2369073 11
4132851735 IMP  3099841 32
4133327281 IMP  2593625 16
4133392386 IMP  1237429 5
4133417589 IMP  1704959 11
4133558725 IMP  2625373 17
4133758027 IMP   801116 2
4134027364 IMP   917458 2
4134266061 IMP  1127470 9
4134306825 IMP  1028797 4
4134427494 IMP  2654989 25
4134431854 IMP   168660 0
4134505406 IMP  2325539 17
4134618671 IMP   962415 7
4134648850 IMP  5973775 97
4134683446 IMP  2084835 11
4135115911 IMP  8562532 103
4135197815 IMP  1490372 6
4135341232 IMP  6207396 128
4135650880 IMP  1000865 9
4135811381 IMP  8450919 364
4135912175 IMP 11589151 315
4136006691 Intractable. 13866552 300
4136328393 IMP  5838692 66
4136662279 IMP  1667066 9
4136859757 IMP    88689 0
4136876024 IMP  1942405 13
4137171676 IMP   841910 2
4137175128 IMP  6018920 88
4137389712 IMP  3005834 13
4137662448 IMP  4443728 47
4137752786 IMP 11343421 269
4138035667 IMP   925326 3
4138216731 IMP  1400138 8
4138899553 IMP   663328 1
4139042677 IMP  2880007 14
4139055541 IMP  2783877 11
4139136070 IMP  2158972 15
4139217540 IMP  1270570 5
4139257065 IMP  6912248 127
4139419299 IMP   996541 4
4139728974 IMP   372265 1
4139746910 IMP  1159374 5
4139782415 IMP  1557504 14
4139848049 IMP  1512038 6
4139853526 Intractable. 15039434 396
4139945209 IMP  1376321 11
4140259696 IMP  1290109 5
4140361035 IMP 11300135 349
4140475396 IMP  1579844 17
4140791160 IMP  2072504 16
4140858737 IMP    11792 0
4140888689 IMP  1830534 7
4140985795 IMP  4587199 38
4141027109 Intractable. 11998140 318
4141055134 IMP  5998198 117
4141063480 IMP  3198515 29
4141270532 IMP  2420799 16
4141342365 IMP  1702660 12
4141345884 IMP  3197184 28
4141594006 Win  7737071 124
4141611872 IMP  4462922 59
4142560021 IMP  1476624 7
4143057661 IMP  5768125 60
4143146142 IMP  3700419 41
4143256993 IMP  1542114 7
4143271961 IMP  2088771 10
4143295401 IMP 11418924 374
4144070504 IMP  1116282 3
4144132347 Win   666979 1
4144301042 IMP  1286998 10
4144577200 IMP  5996344 99
4144973789 IMP  1793671 8
4145048695 IMP  1580404 7
4145263239 IMP  4720419 58
4145263845 IMP  2025155 9
4145580660 IMP   805940 8
4145678876 IMP  9493509 147
4145745940 IMP  7683847 138
4145881450 IMP  1872754 10
4145952666 IMP  2488530 18
4145970575 IMP  9631681 247
4146141378 IMP  6560354 112
4146431991 IMP  1225133 5
4146527290 IMP  5670341 250
4146882203 IMP  8043357 134
4147100299 IMP  3722688 84
4147325690 IMP  1190847 3
4147400182 IMP 13596866 291
4147789760 IMP  1297272 8
4148016545 IMP  2199051 8
4148331671 Intractable. 11671143 514
4148438943 IMP   373084 1
4148678717 IMP  7634074 78
4148737514 IMP  9760440 325
4148904319 Intractable. 12357714 396
4148912892 IMP  2602507 24
4149218715 IMP  1228814 5
4149362777 IMP   946505 6
4149494497 Win  3020725 32
4149642014 IMP  6944729 131
4149781979 IMP  1059282 6
4149896468 IMP   502229 2
4150000323 IMP  4113334 47
4150032361 IMP   640855 1
4150041246 IMP  3395167 19
4150085023 IMP  1427640 8
4150120502 IMP  4547764 42
4150231103 Intractable. 12307466 565
4150254820 IMP   872361 3
4150390945 IMP  4848675 285
4150469336 IMP  1438476 7
4150527790 IMP  5416720 93
4150594984 IMP   804510 2
4150750435 IMP  7087721 274
4150755438 IMP   727436 1
4150957510 IMP  1854889 19
4151070854 IMP 10270134 272
4151076819 IMP  2988075 25
4151281396 IMP  1391769 6
4151497970 IMP  5181139 110
4151564505 IMP   914217 3
4151607160 IMP  1627965 9
4151733569 IMP  9047349 383
4151758980 IMP  1169192 5
4152123687 IMP  1909957 10
4152261504 IMP  1827791 11
4152464287 Intractable. 13636992 330
4152701162 IMP   691080 1
4153136760 IMP  1550827 6
4153557773 IMP  2192183 11
4153790822 IMP   103049 1
4153864648 IMP  1215546 2
4153921137 Intractable. 12144582 267
4153980468 IMP  6167966 184
4154262660 IMP  2258767 13
4154560835 IMP  2884052 20
4154773155 Intractable. 13597651 251
4154823683 Win  4105502 24
4154850998 Intractable. 13476165 537
4154915193 IMP  1522220 4
4155138561 IMP  1932522 19
4155522622 IMP  3060509 32
4155902798 Win  1546782 5
4156037189 IMP  1852405 31
4156449897 Intractable. 14301283 340
4156530154 IMP  2096297 9
4156639710 IMP  4861898 47
4156660768 Intractable. 10361393 281
4156835973 IMP   367577 1
4157177850 Intractable. 13113396 278
4157324466 IMP  3079165 19
4157497490 IMP  1175205 3
4157688844 IMP  2209727 11
4158061524 IMP  1673827 6
4158256372 IMP  3547541 23
4158657689 IMP  5804219 203
4158687430 Win  1532011 4
4158688783 IMP   117013 0
4158858280 IMP  1029490 10
4158861614 IMP  7790198 76
4158914771 IMP  5368632 97
4159031230 IMP   569373 1
4159425623 IMP  2205240 10
4159515333 Intractable. 12098133 314
4159745384 IMP  2892653 15
4159907911 IMP  8309530 385
4159917939 IMP  1958943 11
4159943998 IMP  1558596 15
4160105805 Intractable. 13531857 318
4160270741 IMP   350625 0
4160732199 IMP  2167504 13
4161271931 IMP  2153716 9
4161333105 IMP  2360227 13
4161411210 IMP  5421138 51
4162006919 IMP  3955305 71
4162126541 IMP   472822 0
4162149994 IMP  3556416 49
4162623623 IMP  1319717 2
4162765562 IMP  4443719 72
4162880066 Intractable. 13044845 610
4162882862 IMP 13854650 301
4162911965 IMP  8956313 456
4163028149 IMP   771923 2
4163210709 IMP  6600753 103
4163234721 IMP  2987525 18
4163362057 IMP  2515574 22
4163519426 IMP  4408742 56
4163583686 IMP  2818169 17
4163679075 IMP  3281379 33
4163767583 IMP   731057 2
4164459689 IMP  4471908 121
4164481125 IMP   536241 1
4164611901 IMP  4766670 46
4164643300 IMP  3507733 27
4164927041 IMP  4163144 27
4165278117 Intractable. 12289850 551
4165611442 IMP  2499487 14
4165800116 IMP  8728492 158
4165951911 IMP  4111381 29
4166736212 IMP   846169 2
4166954640 IMP  1671292 8
4167122710 IMP  4850078 64
4167569191 IMP   246694 1
4167807004 IMP  1598739 7
4167928340 IMP   583689 1
4168287886 IMP  1894125 9
4168540232 IMP  8543884 228
4168692095 IMP  5562904 95
4168804589 Win  1437890 5
4168813133 Intractable. 12300535 282
4168949197 IMP  8467965 261
4169115606 IMP  5848603 80
4169603340 IMP   257128 0
4169605322 IMP  1252141 6
4169613841 IMP  2748009 11
4169646356 Intractable. 11680237 362
4169694410 IMP  5786376 54
4169711408 IMP  2284041 27
4169753717 IMP   956016 3
4169769754 IMP  7863114 162
4169906784 IMP  1266367 3
4169951722 IMP  2097320 28
4170020942 IMP   493404 1
4170294958 IMP  1768306 6
4170302320 IMP  7708361 169
4170318131 IMP  3179272 24
4170320539 IMP  4395179 47
4170337186 IMP  1815356 6
4170584866 Intractable. 14110619 573
4170604338 IMP   371250 1
4170729823 IMP  3760323 81
4170797206 IMP  1601142 9
4171073741 IMP  4500806 73
4171224827 Intractable. 11428207 394
4171279873 IMP  5356368 78
4171314086 IMP  8114851 516
4171519587 IMP  8646421 319
4171754893 IMP  3323161 22
4171778453 IMP  5092458 70
4172046325 Intractable. 14970885 494
4172386353 IMP  3693090 34
4172796899 IMP   288379 0
4173055955 IMP  1100491 7
4173240502 Intractable. 13370424 325
4173417557 IMP  2771148 26
4173616782 IMP  1114840 3
4173701540 IMP  1096584 3
4173742065 IMP    31927 0
4173933018 IMP   854214 3
4174073441 IMP  3584798 83
4174199778 IMP   834109 3
4174354792 IMP   805998 3
4174600553 Intractable. 13520754 1014
4174606446 IMP  1412471 3
4174621598 Intractable. 14844402 597
4174632833 IMP  4398646 42
4174720164 IMP  1071225 3
4175464809 IMP  5715947 56
4176174292 IMP  5710614 87
4176543033 IMP  1150819 3
4176801039 IMP   706521 3
4177304165 Win   849440 1
4177480645 IMP  1085031 4
4177495960 IMP   926141 3
4177647224 IMP  5507738 70
4177689964 Intractable. 12529752 453
4177692463 IMP  2019592 20
4177776766 Intractable. 11406409 293
4178283897 IMP  3152523 41
4178437804 IMP  1164156 9
4178730368 IMP  2849882 25
4179038709 IMP  1622295 7
4179220232 IMP   526302 2
4179236970 IMP  1142425 2
4179363072 IMP  4187794 25
4179570978 IMP   253405 0
4179679745 IMP  5863791 141
4179700546 IMP   955973 2
4179713640 IMP   985810 5
4179721805 IMP  2875394 38
4179806885 IMP  1268821 11
4180258472 IMP   986781 2
4180262806 IMP  3224746 35
4180341924 Win  6536224 65
4180350412 IMP  8548446 240
4180392769 IMP  4564740 27
4180430783 IMP  1552154 12
4180556751 IMP  1132173 3
4180616029 Intractable. 14269888 393
4181319896 IMP  4827610 60
4181341144 IMP   471988 2
4181491984 IMP  2151667 8
4181905571 IMP 11142501 276
4182046007 IMP  1882324 7
4182405632 IMP  8471566 105
4182559110 IMP 12824816 330
4182991722 IMP  1195490 3
4183162189 IMP  4436853 60
4183232588 IMP  3205915 24
4183285867 IMP  1846035 7
4183528592 Win  5500834 132
4183935922 IMP  7105548 96
4184043265 Win  2728095 10
4184107965 IMP  3137944 24
4184529726 IMP   593366 2
4184601404 IMP 11642780 201
4184663693 IMP   575660 2
4184877861 IMP  1488142 4
4184953142 IMP  1971254 14
4184956925 IMP   406441 1
4185139302 Win   926172 2
4185273574 IMP  3182788 35
4185607920 IMP  2216234 9
4185650008 IMP  1786687 9
4185764568 Intractable. 11228966 1125
4186011398 IMP  4394283 27
4186056640 Intractable. 11106003 316
4186375996 IMP  5137896 91
4186507736 IMP  3474203 41
4186530074 IMP  5892196 74
4186592817 IMP  5534776 64
4186724285 Intractable. 13832794 695
4186982360 IMP  4399815 182
4187020029 IMP  5852379 103
4187147222 IMP  1801137 10
4187636874 Intractable. 13814197 318
4187742161 IMP  3397970 27
4187818061 IMP   701325 3
4188280791 Intractable. 12533075 412
4188347661 IMP  1520786 6
4188499296 IMP  1593094 6
4188578818 IMP  1547993 12
4188789764 IMP  2670072 12
4188833888 IMP  1460939 5
4188876603 IMP   375759 1
4189026526 IMP  4847195 75
4189079307 IMP  2161651 12
4189123478 IMP  2229948 14
4189401987 IMP  5663151 168
4189415943 IMP  2294221 26
4189452617 Intractable. 13701781 418
4189540606 IMP   342147 1
4190085199 IMP  2117977 16
4190257897 IMP  6542150 68
4190536799 IMP  1998521 21
4190618058 IMP  8053618 260
4190632171 IMP  2231358 14
4190723992 IMP  1275768 5
4190769906 IMP   913439 2
4190836012 Win  6624753 121
4191002092 IMP   777230 6
4191013697 IMP  3009870 14
4191037744 IMP  7167637 149
4191414058 IMP  9021501 303
4191432595 Win  6154451 80
4191519545 IMP  2864881 27
4191616743 IMP  2166069 12
4192062658 IMP  4004568 39
4192124102 IMP  2378983 17
4192349707 IMP  1135592 7
4192365242 Win  2340458 28
4192446251 IMP  1787858 6
4192489951 IMP  3318038 14
4192671305 IMP  6418104 136
4192692824 IMP  2569809 11
4192834180 IMP  1256019 7
4192891658 IMP  1869641 27
4193166524 IMP   420471 1
4193226839 IMP  1408185 6
4193692472 IMP   526384 1
4193977067 IMP  7656620 132
4194011494 IMP  1988433 13
4194349289 IMP  2656711 12
4194464855 IMP  2068412 23
4194579148 Intractable. 15675067 379
4194614721 Intractable. 15253173 516
4195160819 IMP  1903712 9
4195527516 IMP  1752324 9
4195597361 IMP   912278 2
4195725418 Intractable. 11831636 339
4195987948 IMP  1738538 9
4196113451 IMP  7788023 119
4196152892 IMP  1367518 6
4196208835 IMP  6654193 103
4196274867 IMP  4530576 43
4196334986 IMP  1201021 7
4196614085 IMP  6930593 133
4197304362 Win  1065205 3
4197525436 IMP  2823821 18
4197718866 IMP  3875376 56
4197726517 IMP  7045603 125
4197983242 IMP 10979293 308
4198142629 Intractable. 13020281 681
4198289911 IMP  1352131 6
4198370071 IMP  6163005 120
4198603687 IMP  4336290 33
4198778277 IMP  1479957 5
4199015386 IMP  1553442 14
4199185796 IMP 10735927 310
4199200768 IMP  1084882 6
4199939289 Intractable. 11437033 333
4200004728 IMP  5457710 72
4200272170 IMP  3581481 42
4200303895 IMP   738889 2
4200312154 IMP  2058858 15
4200430900 IMP  8704708 225
4200622341 IMP  3780844 36
4200669980 IMP  1292862 4
4200744051 IMP  5544712 70
4201112066 IMP   828035 3
4201153672 IMP  1447103 4
4201284891 IMP 12565434 503
4201383704 IMP  5832334 86
4201450720 IMP  7282026 130
4201487157 IMP  3824928 24
4201940791 IMP   396354 1
4202472091 IMP  1839465 5
4202492477 IMP  1499515 13
4202775446 IMP   924705 2
4202930405 IMP  2362273 17
4202996961 IMP  1248890 4
4203082275 IMP  2544563 17
4203430076 IMP  4889643 63
4203725698 IMP   527022 2
4203767335 IMP  1573631 6
4203789909 IMP  5472300 181
4203870548 IMP  1024406 2
4204175830 IMP  3696171 29
4204213270 IMP  1736042 5
4204220719 IMP  3883587 51
4204298484 IMP  2377434 10
4204346352 IMP  2769372 16
4204995121 Intractable. 12541100 322
4205244694 IMP  1036586 4
4205410209 IMP  1826820 14
4205506397 IMP  5617858 115
4205632376 Intractable. 13642194 426
4205893928 Intractable. 12987923 384
4205918037 IMP  1371572 6
4205926025 IMP  5817475 117
4206040234 IMP  1374303 5
4206130923 IMP  1375042 10
4206243528 IMP   557980 3
4206479959 IMP  1673809 7
4206643101 IMP   833245 3
4206904604 IMP  1230714 5
4207014427 IMP   618642 2
4207131371 IMP  9786233 209
4207217680 Win 11154268 220
4207364383 IMP   601857 1
4207828448 IMP   942581 3
4207873719 IMP   750049 2
4208031953 Intractable. 13564941 499
4208096537 IMP  2477121 19
4208195961 Intractable. 14572321 367
4208521473 IMP   894535 4
4208811441 IMP  1769477 9
4209228285 IMP  3660056 21
4209230053 IMP  2806130 15
4209286232 IMP  1469276 7
4209473646 IMP  2497835 18
4209475409 IMP 11040696 202
4209502295 IMP   703661 2
4209526612 IMP  2220459 9
4209609870 IMP  8881109 264
4209696893 IMP  1475963 5
4210068374 IMP  1695336 19
4210438167 IMP  2641549 19
4210574702 IMP  1244462 5
4210770475 IMP  2544851 12
4210896737 IMP  1173582 3
4210905063 IMP  2260761 16
4210930250 IMP  5798177 86
4210936848 IMP  3333062 16
4211182209 IMP   806978 2
4211266199 IMP  3211970 30
4211369180 IMP  1106622 3
4211519083 Win  1624133 5
4211662465 Intractable. 12715525 345
4211984187 IMP  1047778 5
4212281377 Win   522025 1
4212492822 IMP  2106643 14
4212501152 IMP   279806 1
4212677019 Intractable. 13807607 497
4212759159 IMP   514585 1
4212790682 IMP  1224094 20
4212825627 IMP   785469 2
4213108645 IMP  4434589 31
4213448086 IMP  1318895 8
4213562693 IMP   950988 7
4213851789 IMP  1596622 6
4214049471 IMP  7116666 101
4214152601 IMP  2423462 13
4214609719 IMP  3395640 56
4214814205 Intractable. 13877398 405
4214974895 IMP  1907070 10
4215119540 Intractable. 13918204 509
4215748420 IMP   420850 1
4215810876 IMP   797746 3
4215942905 IMP  5952803 60
4215943746 IMP  7556358 137
4216216354 Intractable. 10186485 316
4216401933 IMP  1581028 5
4216501730 IMP  1337021 4
4216505040 IMP   669914 1
4216906373 IMP  1896668 6
4217076600 IMP  1309520 3
4217162824 IMP 13467394 391
4217313876 IMP  6326548 82
4217428016 Intractable. 11644508 309
4217652325 IMP  2930669 19
4217692897 Intractable. 13819208 652
4217712783 IMP  1489172 7
4217729208 IMP   460329 0
4217758425 IMP   751510 4
4217899161 IMP  1890776 10
4218067741 IMP  1258941 4
4218141453 IMP    13490 0
4218176999 IMP   589991 1
4218250653 IMP  2876423 17
4218252969 IMP  1152146 5
4218546357 IMP  1588760 5
4218607162 Win  3754993 28
4218642456 IMP  1280763 3
4218651294 IMP  3005202 19
4218852350 Win  6959038 119
4218944400 IMP  1576622 4
4219374438 IMP  3676469 38
4219438065 IMP  3157760 20
4219451622 IMP  1108767 2
4219522933 IMP  1808511 19
4219947161 Intractable. 13449408 328
4220329388 IMP  1049432 3
4220394064 IMP   593889 1
4220668443 IMP  3824456 54
4221042980 IMP 12538048 286
4221065385 IMP  1025875 3
4221831773 IMP   842800 2
4221958457 IMP  2584446 49
4222101593 IMP  1119810 3
4222160424 Intractable. 12476471 374
4222236985 IMP  4215436 56
4222432632 IMP   541051 1
4222527159 IMP  1071219 3
4222650757 Intractable. 12189654 339
4222806668 IMP  7574824 146
4223242595 IMP  3305431 22
4223568885 IMP   673709 3
4223664747 IMP  3070849 20
4223914102 IMP  4551093 76
4223969183 IMP  1918700 10
4223993507 IMP  1756443 8
4224210531 IMP   233114 0
4224593875 IMP 11878513 300
4225083090 IMP  6949551 129
4225126989 IMP  1711719 6
4225256375 IMP  2257564 10
4225308567 IMP  3311021 33
4225598515 IMP  3619779 23
4225936152 IMP  1497171 7
4226075634 IMP  4835786 71
4226324275 IMP 11021610 295
4226824568 IMP  1507969 9
4227837648 IMP  1463319 10
4227956682 IMP  2611864 25
4228126579 IMP  1364368 4
4228393684 IMP  8157596 203
4228524068 IMP  7146247 85
4228588625 IMP  5391220 80
4228805284 IMP  5127322 99
4228964078 Intractable. 13988781 379
4229045478 IMP  1722094 9
4229205352 Intractable. 13739414 316
4229285765 IMP 12153985 314
4229314268 IMP  2957162 18
4229457288 IMP  6190703 113
4229612690 Intractable. 12370969 336
4229913615 IMP   504574 1
4230122154 IMP 12173877 236
4230314056 Win  2502187 19
4230382228 IMP  1907441 8
4230408295 IMP  4201227 30
4230464288 Intractable. 14686222 364
4230683878 Intractable. 14245717 321
4230711469 IMP  6979344 101
4230752275 IMP  4004902 35
4230917702 IMP  1113699 7
4231021619 IMP  2246304 18
4231215376 Intractable. 16263570 560
4231378652 IMP  1598883 6
4231432907 IMP  1305770 5
4231511828 Win  4243776 36
4231572147 IMP    45109 0
4231605268 IMP  2827773 18
4231625015 IMP  2606520 14
4231732908 IMP  7485208 153
4231974701 IMP  3158763 20
4232163429 Intractable. 12283155 301
4232243228 IMP  1958924 14
4232357231 IMP  2044691 14
4232448984 IMP  1914010 5
4232459281 IMP  1027758 3
4232538061 IMP  1377975 13
4233418715 IMP  3362548 21
4233628863 IMP    40081 0
4233912832 IMP   656081 1
4233958649 IMP   660089 1
4234051376 IMP  3720593 19
4234247205 Intractable. 12036804 256
4234257614 IMP   618584 4
4234537733 IMP  1595128 10
4234702842 IMP   661982 2
4234728047 IMP  4371378 55
4234998571 IMP  4030435 33
4235094140 IMP  2479686 10
4235141177 Intractable. 13241293 309
4235158247 IMP  2519747 13
4235386199 IMP   569917 2
4235516903 IMP  1505381 6
4235833016 Intractable. 14406500 305
4235917217 IMP  2569255 10
4235917920 IMP  9578642 156
4236383680 IMP  1845555 10
4236386420 IMP  1625229 6
4236951188 IMP  1726621 55
4237011332 IMP  1553569 4
4237353263 IMP  2860303 18
4237393149 IMP  2934582 26
4237797669 IMP  2335164 20
4237857100 IMP  3763312 24
4237933782 IMP  1798747 8
4237992515 IMP  1314081 5
4238058964 IMP  2389669 13
4238080012 IMP  4744487 34
4238183212 IMP  2234193 14
4238212426 IMP  7076725 115
4238276340 IMP  2668883 27
4238294366 IMP  1449869 5
4238827394 IMP  2815865 9
4238936425 IMP   681405 2
4239226832 IMP  6088034 148
4239516321 IMP  1430239 3
4239623871 IMP  2742453 17
4239690320 IMP   748906 2
4239718978 IMP  9603861 180
4239823522 IMP  9432369 163
4239890212 Intractable. 11890311 323
4239914137 IMP  3124811 23
4240203367 Win   999441 3
4240388741 IMP  1991842 36
4240431966 IMP  2402028 30
4240447561 IMP  6324948 64
4240881203 IMP   710406 1
4240900791 Win  3056153 15
4241419064 IMP   868687 2
4241530744 IMP  3859433 37
4241629669 IMP   926814 2
4241711027 Intractable. 14344085 410
4242111572 IMP  5278519 37
4242122932 IMP  2822757 10
4242272520 IMP  1459411 5
4242350860 IMP   299198 1
4242436728 IMP  4996313 62
4242741005 IMP  3961032 23
4242784844 IMP   880275 2
4242868010 IMP  9722023 222
4242956492 Win  1987988 15
4242994506 IMP  3351200 23
4243015159 IMP   772276 2
4243118433 IMP   956579 4
4243315222 IMP  1018059 3
4243320922 IMP  2541463 19
4243597555 Intractable. 13260767 295
4243671844 IMP  2152113 11
4243746470 IMP  1785423 11
4243956020 IMP  2260075 9
4244067651 IMP 12002677 209
4244245118 IMP  2616233 14
4244427566 IMP  1657654 8
4244582045 Intractable. 15118198 456
4244668644 IMP  1447032 7
4244709132 IMP  2527711 20
4244766257 Intractable. 14373651 487
4245071201 Intractable. 12048427 256
4245100636 IMP   906499 4
4245514552 IMP  5665832 70
4246081014 IMP  3130904 14
4246126690 IMP 12664916 703
4246729292 IMP  2144609 10
4247181128 IMP  1767585 10
4247456692 IMP  3450213 38
4247704797 IMP  1030263 4
4247749227 IMP  4113027 57
4247839366 Intractable. 13605523 298
4248062397 IMP   249364 0
4248076473 IMP  8815453 183
4248415678 IMP  1569349 5
4248536060 IMP  7177541 154
4248659616 Win  6518199 107
4248774929 IMP  7019698 71
4248775189 IMP 12343592 252
4248922489 IMP  2110731 15
4248991956 IMP   905889 3
4249041050 IMP  4854639 121
4249231855 IMP  3415657 66
4249274780 IMP  4567775 107
4249458559 Intractable. 12097695 399
4249481119 IMP  1281663 7
4249725104 Win  1200894 2
4249850682 IMP  1168338 4
4249978552 Win  8005434 70
6 Win    42009 0
Number of Freecells: 3   Mode: 

Winnables: 61
Impossibles: 1277
Intractables: 144
Total time: 36 Hours, 18 Minutes, 44 Seconds
