3500281045 IMP  7376834 166
3500313599 IMP  1789542 15
3500537455 IMP  1392171 5
3500954358 IMP  2446768 25
3500975843 IMP  2512269 19
3501146201 Intractable. 12636427 416
3501301784 IMP   382530 0
3502087168 IMP  8516846 239
3502333431 Win  2810117 20
3502396872 IMP  2833295 77
3502801593 IMP  1692255 8
3503175121 IMP  5792998 66
3503472903 IMP  1590625 10
3503640616 IMP  2706738 50
3503866170 IMP 10733340 191
3503929163 IMP  1410418 7
3504415743 Win   164559 0
3504662615 IMP  1284580 5
3504819930 IMP   554960 2
3505211946 IMP  9017840 199
3505325625 Win  2831859 13
3505474289 IMP  1428483 5
3505648044 IMP  3895495 88
3505706498 Intractable. 13858881 340
3505969265 IMP  9984456 1008
3506111484 IMP   232038 0
3506131263 IMP  1975717 6
3506199960 IMP  3239926 21
3506539288 IMP   798840 2
3506740069 IMP  6383395 83
3506938689 IMP   634944 2
3507082722 IMP  4332688 56
3507249755 IMP 10853846 223
3507568804 Intractable. 13793303 320
3507621751 IMP  5283331 53
3507622557 Win  9212530 233
3507973707 IMP  3480970 18
3508345703 IMP  3462119 21
3508374239 IMP  4227580 57
3508410590 IMP  3181726 33
3509085639 Win  1213844 6
3509211483 Intractable. 12807465 322
3509489085 IMP  6367299 152
3509520028 IMP  1542079 4
3509645945 IMP 10529476 396
3510019971 IMP  6084101 69
3510153238 IMP  4637371 36
3510741529 IMP  6310033 89
3510807154 Win  2338367 10
3511460342 IMP   982959 2
3511523508 IMP 13822780 466
3511539935 IMP  3336124 28
3511859175 IMP  2521367 21
3512098338 IMP  2039678 17
3512104198 IMP  2716280 34
3512160811 IMP  3127663 31
3512166383 IMP  4062395 47
3512722900 IMP  4664532 36
3512773531 IMP  3669101 36
3512924293 IMP  2282444 15
3514068815 IMP 13138056 396
3514111914 Intractable. 13897107 301
3514125661 IMP  4209699 51
3514193218 IMP  5073976 112
3514818139 IMP  3504422 49
3514990636 IMP  8704715 296
3515046407 IMP  2374645 19
3515059948 IMP  1618603 5
3515073069 IMP  2500289 30
3515525762 IMP  8057197 117
3515646941 IMP  1570836 6
3515968990 IMP  1331797 8
3516061545 IMP  1657629 6
3516496620 IMP  2552874 15
3516573464 IMP  3022473 28
3516961451 Win 11980175 259
3517359440 IMP  7532672 111
3517376913 IMP  3134754 16
3517544863 IMP  5353253 55
3518094383 IMP  2543245 10
3518407077 IMP   831564 2
3518779475 IMP  3430083 29
3518890082 Intractable. 12354727 322
3519566912 IMP  1291599 8
3519688561 IMP   697710 2
3519920125 IMP  5227121 71
3520075313 Win   617172 2
3520454334 IMP  1206547 5
3520563042 IMP  2055387 13
3520641951 IMP  1379122 5
3520842050 IMP   397080 1
3521290615 Intractable. 11229258 372
3521435351 IMP  4341744 34
3521969944 Intractable. 14318165 477
3522609625 IMP  1982085 10
3522663190 IMP   659443 2
3522667075 IMP  3688201 25
3523230050 IMP  1219854 5
3523239038 Intractable. 14392122 388
3523786057 Intractable. 12203575 350
3523786260 Win  5395772 77
3523909539 Intractable. 13912041 307
3524874802 IMP  4157672 27
3525186140 IMP  9214152 260
3525623239 IMP  1417532 4
3525641138 IMP  4454553 29
3525815415 Win    83893 0
3525947228 IMP  8680767 120
3526190171 Intractable. 12964993 429
3526417025 Intractable. 12384445 356
3526566510 IMP  2359043 13
3527099371 IMP  2860577 29
3527703085 IMP  2363894 16
3527779084 Intractable. 12146586 316
3528122854 Win  7729581 83
3528371053 IMP 10792985 421
3528479339 Win  1272090 5
3528741890 IMP   367968 0
3529744591 IMP  1594745 5
3529771049 IMP   969833 4
3530074902 Intractable. 11775026 579
3530350315 IMP  2898523 16
3530494482 IMP  1747104 7
3531523795 IMP  4035858 21
3531623556 IMP  1375194 6
3531695217 IMP  5762069 58
3532391059 IMP  7602142 192
3532408030 IMP  4735345 36
3532427291 IMP  6299870 83
3532440415 IMP  5933928 91
3532716237 Win   233707 0
3533061237 Intractable. 14127885 500
3533071810 IMP  5712831 82
3533321644 IMP  7935241 185
3533399742 IMP  1642213 4
3533406686 Intractable. 13798523 304
3533437234 Intractable. 13500201 301
3533520140 IMP  4092301 24
3533897670 IMP  3927134 76
3533934141 IMP  5458056 85
3534373788 Win  2375950 9
3534389968 Intractable. 11724843 405
3534593532 IMP   893766 2
3535102826 IMP  2604775 34
3535485871 IMP  1672761 7
3535804263 Intractable. 15042646 321
3536499314 IMP  2131676 11
3536699264 IMP  2178797 6
3536822012 IMP  4408030 33
3536901059 IMP   463751 0
3537101539 IMP  1754546 15
3537164346 Intractable. 12851648 397
3537282864 IMP  1237193 4
3537342331 IMP  1902578 20
3537894688 IMP  9453733 170
3538367140 Intractable. 13447396 244
3538662504 Intractable. 15267975 399
3538743248 IMP   555908 2
3538875787 IMP  1239510 4
3539024095 IMP   881347 4
3539241884 IMP  3966168 82
3539267047 IMP  4078382 28
3539282500 IMP   681193 2
3539371189 IMP  1079632 5
3539429806 IMP  1710652 6
3539594717 IMP  1526430 5
3540256410 IMP   977896 3
3540694234 IMP   794772 1
3540740097 IMP  4446042 36
3541028559 IMP  1038072 4
3541028843 IMP  2116499 22
3541260362 Intractable. 14507249 359
3541807671 IMP  1021094 6
3541899929 IMP  7982395 118
3542202744 IMP  3008452 16
3542422820 IMP  1286209 5
3542560352 Win  4155932 46
3542709969 IMP  8488520 286
3543619688 Intractable. 13920281 395
3543836507 IMP  3088675 28
3543842598 IMP 12604531 242
3543865026 IMP  2199389 32
3543891110 IMP   807696 2
3543949036 IMP 11303221 458
3544182339 Intractable. 13924042 482
3544346135 IMP  2841439 63
3544759370 Win   328538 1
3544768673 Intractable. 11240208 236
3544920719 IMP  7639120 173
3545192448 IMP  4287827 42
3545447698 IMP   998935 3
3545606207 IMP   926620 2
3545652565 IMP  7413472 138
3545819969 IMP  9296329 142
3545827183 IMP  4268382 29
3545996224 Win  1331384 4
3546087825 IMP   308695 1
3546102737 IMP  5996254 53
3546425427 IMP  4714872 40
3546487679 IMP  1042766 3
3546542477 IMP   918963 3
3546910890 IMP   815176 2
3547249041 IMP   818858 2
3548132178 Intractable. 12955220 369
3548137397 Win  3921943 33
3548389867 IMP  2033181 12
3548746890 IMP  6165761 79
3548750505 Intractable. 11435021 368
3548769126 IMP  6375587 303
3548815877 IMP  1196286 8
3548817642 Win  2823808 14
3548936578 IMP  1294456 9
3548977071 IMP  7036944 114
3548993181 IMP  2833820 15
3549032166 IMP  2349706 18
3549366369 Win  2533273 12
3549510058 Intractable. 12691636 395
3549797861 IMP   368871 1
3549932055 IMP   708944 2
3550105488 IMP   567107 1
3550158007 IMP  1091718 7
3550203922 IMP  2274193 10
3550253532 IMP  2984812 43
3550281791 IMP  8224207 114
3550435069 IMP  2116537 18
3550479925 Win   555199 2
3550656288 IMP  1684734 11
3550813946 IMP  1327337 14
3551416311 IMP   585284 2
3551424960 IMP  2430532 13
3551549934 IMP   662172 2
3551645602 IMP  4965391 37
3552004405 IMP  1211919 5
3552153602 IMP   487951 1
3552406732 Intractable. 13940993 465
3552744596 IMP 12453544 304
3552768450 IMP  1292404 5
3552771842 Intractable. 12001929 361
3552939985 IMP  3817407 65
3552995095 IMP  3164612 25
3553320700 IMP  7740907 148
3553477925 IMP  1170509 4
3553958996 Intractable. 13243454 344
3554226192 IMP  3653358 28
3554758054 IMP  4552341 35
3554783887 IMP  5338954 59
3554834446 IMP  4227336 26
3554837300 IMP  5843259 54
3554838040 IMP  4916780 47
3554966909 IMP  5106223 57
3555173137 IMP  4179358 42
3555729358 IMP  9883647 154
3556060632 IMP  2124982 10
3556255490 IMP   680499 2
3556277933 IMP  6397838 65
3556292864 IMP  6789394 129
3556789165 IMP  1211349 4
3556977020 IMP  1782001 8
3556987624 IMP  2397991 14
3557005025 IMP  2236142 17
3557104087 IMP  2108250 11
3557155737 IMP  1119215 5
3557286951 IMP  2230292 8
3557430045 Win  5546903 46
3557519006 Intractable. 14653782 283
3557720449 IMP  6951685 100
3557882593 IMP  6735553 145
3558122904 IMP   367049 1
3558233935 Win  1558761 6
3558327432 Intractable. 12720385 254
3558577753 IMP  1121301 17
3558588110 IMP   803579 2
3558652978 IMP  1931101 9
3558711807 IMP  1499468 4
3558983607 IMP  1667275 6
3559012388 IMP  7278774 109
3559112929 IMP  1588494 10
3559609502 IMP  2364658 8
3559686264 IMP   669385 2
3559777825 Win  4768638 45
3560032959 IMP  1390143 4
3560167012 IMP  2061540 18
3560233328 IMP  8505454 180
3560447545 IMP  7098961 131
3560792253 Win  3034587 57
3560834219 IMP  1801113 10
3561486477 IMP  1218803 3
3561583144 IMP  9997405 176
3561662784 Intractable. 11583103 342
3562210067 IMP   257551 0
3563019802 IMP  3055595 25
3563469988 Intractable. 13310037 1077
3563471599 Intractable. 11897184 305
3563564160 IMP  1308848 5
3564318327 Intractable. 13835111 321
3564355352 IMP  8811164 184
3564435450 IMP  9829256 214
3564867449 Intractable. 12847380 281
3565067255 IMP  9442694 146
3565084805 IMP  4075204 27
3565311568 IMP  6594758 54
3565453438 IMP  4922444 36
3565562953 IMP   894431 3
3565598066 IMP  2990504 29
3566250637 IMP  2569170 29
3566594682 IMP  1286557 6
3566727704 IMP   830524 2
3566908787 IMP  1500855 5
3566916290 IMP  4304110 28
3567279781 IMP  1373762 5
3567548487 IMP  1757385 9
3567555600 IMP  6372654 51
3567568912 Win  1472112 6
3567699341 IMP  6201548 98
3567819857 IMP  3384712 52
3568020082 IMP  4588774 47
3568239026 IMP  1656903 6
3568449577 IMP  2969744 23
3568572925 Intractable. 13718317 462
3568589794 Win  1569826 5
3568757141 Intractable. 11944402 307
3568786102 Win  1666301 7
3569129514 IMP  1937465 13
3569283431 IMP  5417015 54
3569294258 IMP  7302800 144
3569482918 IMP  3903669 23
3569646961 IMP  4468874 57
3569697575 IMP 11017054 216
3569776539 Intractable. 12228191 447
3570259425 IMP  4318815 42
3570375863 IMP  5557623 52
3570432323 IMP  6925902 83
3570753624 Intractable. 14259878 401
3571177561 IMP  2691511 19
3571263179 IMP  2414531 9
3571326810 IMP  1658960 8
3571408006 Intractable. 11385507 558
3571427498 IMP  4701107 50
3571757318 IMP  3246486 15
3571799451 IMP  6282414 119
3571954001 IMP  4829231 43
3572092317 IMP  1083614 6
3572177667 IMP  3034305 44
3572790902 IMP  1404486 4
3573378886 IMP   727654 6
3573455118 Intractable. 13384906 1303
3573526806 Intractable. 11691518 499
3573579609 IMP  2604794 15
3573853105 IMP  1961214 9
3573862392 IMP  1592674 4
3573916495 IMP  2887028 28
3574221203 IMP  1393676 4
3574456490 IMP  1750715 7
3574467018 Intractable. 11959300 456
3574818474 IMP  2133550 13
3574971060 IMP   514066 2
3574973710 IMP  2063698 24
3575152324 IMP  8352727 127
3575183504 IMP 11433043 353
3575226699 IMP  2738850 16
3575241027 IMP  3148585 38
3575279737 Intractable. 15590293 706
3575343001 IMP  2358235 10
3575923680 IMP  2661933 21
3575989004 IMP  4120882 33
3576103714 IMP  1664828 12
3576106793 IMP  8252079 143
3576472336 IMP   857985 2
3576888181 IMP  7219312 95
3577079686 IMP  6453439 302
3577247054 IMP  3657713 23
3577444573 IMP  5450420 90
3577670684 Intractable. 15992974 372
3577820505 IMP   643623 2
3577838399 IMP  1401542 6
3577910396 IMP   541570 1
3578083416 IMP  1450239 7
3578103328 IMP  2754490 13
3578484151 IMP  1357959 3
3578608371 IMP   490391 1
3578786339 Intractable. 12173074 335
3578857833 Intractable. 12646921 295
3578909272 Intractable. 13284762 402
3579008734 Win  1629791 6
3579251222 IMP  3187776 31
3579328214 IMP  4223000 25
3579781145 IMP  1179604 6
3580014797 IMP   395507 1
3580100880 IMP  1094530 3
3580111292 IMP 10041014 263
3580212222 IMP 10502261 222
3580323376 IMP  4061949 52
3580562650 Win  2874435 14
3580656011 IMP  5564089 172
3581176418 IMP   672140 1
3581250655 IMP   286867 1
3581312058 IMP  1062783 5
3581878272 IMP   619047 2
3582210339 IMP  2945038 27
3582533644 IMP  4306018 61
3582660279 Intractable. 13330221 357
3582731264 IMP   345172 0
3582967279 IMP  5771100 94
3583337767 IMP   854376 2
3583690882 IMP  1625766 10
3583894056 Win  5801496 60
3583945891 IMP  8087252 284
3584340278 IMP  3532051 37
3584508637 IMP  8444679 124
3585200314 IMP   528810 2
3585419686 IMP  2884762 15
3585480438 IMP  3607752 29
3585480980 IMP  3668332 46
3585620707 IMP  3271526 15
3585687953 IMP  2958746 51
3586145307 Win   830879 2
3586212360 IMP  1245087 8
3586384947 IMP  7775841 92
3586955710 IMP  1352558 8
3587332119 IMP  3757829 29
3587511323 Intractable. 13594346 330
3587765294 Win  4107446 35
3588395256 Intractable. 11166353 978
3588467268 IMP   151919 0
3588680626 IMP  1633820 13
3588831182 IMP  3647633 25
3589161241 IMP  6458887 131
3589202918 IMP   274788 0
3589299130 IMP  3930080 65
3589544967 IMP  1616503 4
3589809884 Win    31994 0
3590236831 Win   598188 1
3590415074 IMP   885823 1
3590872624 IMP   358067 1
3590974824 IMP  9007620 177
3591030507 IMP  1205037 7
3591091570 IMP  5536058 117
3591122143 Intractable. 11533972 325
3591159698 IMP  1051283 7
3591293715 IMP  1051184 6
3591430838 IMP  5169114 64
3591637116 IMP  3499917 43
3592146035 IMP 10170875 174
3592486623 IMP  2577065 15
3592796075 IMP  2250392 34
3592893103 IMP   693694 1
3592917538 IMP  4962522 44
3592922195 IMP  8321601 175
3593006975 Intractable. 13426135 625
3593272725 IMP  4357531 49
3593363436 IMP  3074505 126
3593452735 Intractable. 14206782 504
3593480455 IMP  1889470 8
3593746826 IMP  7075760 197
3594043407 IMP  2032020 11
3594188303 IMP  9652517 158
3594318791 IMP  5433994 47
3594955942 IMP  1899707 8
3595558010 IMP  4859547 72
3596040508 IMP  3462208 21
3596051282 IMP  9018607 382
3596177171 Win  1210049 6
3596441106 IMP  5311926 42
3596517390 IMP  3212374 23
3596562499 Intractable. 12522871 304
3596638301 IMP  4096022 58
3597605259 IMP  2584215 25
3597669795 IMP  7692282 186
3597802957 IMP  1086394 6
3597844492 IMP   743531 3
3597879709 IMP  6203975 120
3598239410 Intractable. 14095641 402
3598289468 IMP  2304744 8
3598318414 IMP  1432214 7
3598487497 IMP  3709880 36
3599027653 IMP  9116370 170
3599167437 IMP 10577535 312
3599224844 IMP  1057513 2
3599315302 IMP  6238441 115
3599565239 IMP  8321522 112
3599604038 IMP  1758876 12
3599691028 IMP  1525384 7
3599787264 Win   656482 2
3599990633 IMP  1286580 4
3600320014 IMP  4717473 40
3600516772 IMP  3459620 105
3600864657 IMP 12474013 636
3601026108 IMP  4333943 46
3601424052 IMP  5706982 65
3601480080 Intractable. 15134191 820
3601584856 IMP  2523755 14
3601629528 IMP  4133888 28
3601674409 Win   474216 1
3601947279 IMP  4690537 44
3602284828 IMP  1369397 3
3602592075 IMP  4099398 39
3602694152 IMP   586957 2
3602948293 IMP  8765747 165
3603586782 IMP  4855891 55
3604215231 IMP  1598104 8
3604526882 IMP  5926341 135
3604978662 IMP  8962873 180
3605116332 IMP  1460888 5
3605579449 IMP  2651480 21
3605707599 IMP   540566 1
3605744820 IMP  3521074 29
3605867662 IMP  1144358 6
3605977668 IMP  3456352 106
3606350739 IMP  9191685 129
3606660282 IMP  8415978 573
3606720276 Intractable. 13203785 335
3606815515 IMP  3253818 22
3606958568 IMP   439800 1
3606991538 IMP  9368450 153
3607131780 IMP   874319 3
3607174161 IMP  2108610 12
3607357960 Intractable. 12783661 323
3607619696 IMP   857255 2
3608193045 Win  5846144 53
3608285757 IMP   508720 1
3608359916 IMP  3148614 16
3608736965 IMP  3422917 27
3608870261 Win  2054631 9
3609169694 Win  6765899 126
3610185024 IMP   588611 3
3610421002 Intractable. 13705761 462
3610808331 Win 12442461 212
3610851300 IMP  1697740 9
3611694660 IMP  3167857 18
3612109130 Win  1328556 4
3613155323 IMP 11079072 275
3613931956 IMP  1711830 6
3614105011 IMP  1369198 6
3614173683 IMP  1635926 19
3614296521 IMP  4739533 128
3614409729 IMP  2378608 13
3615143806 IMP  2584263 9
3615383359 IMP  1474717 8
3615767129 Win  4208409 46
3615874424 IMP  1196457 3
3616015924 IMP   508213 1
3616202086 IMP  2464077 12
3616404181 Intractable. 12198413 287
3616642019 IMP  5309709 45
3617265185 IMP  1967314 10
3617493138 IMP  1789363 32
3617539103 Intractable. 11880415 345
3617738407 Intractable. 10669251 1001
3617869034 IMP  1301506 6
3617877646 IMP  5224589 143
3617982170 IMP  3521728 31
3618057926 IMP  1967126 10
3618098288 IMP  3314305 30
3618561202 IMP  3242885 25
3618638633 IMP  2065512 15
3619049769 IMP  1546943 8
3619539917 Win   567865 2
3619564231 Intractable. 12986903 302
3620792744 IMP  6204800 103
3621049767 IMP  1407020 10
3621065686 IMP   288895 1
3621411780 Win  1116845 2
3621875243 IMP   307014 1
3621897027 IMP  2962998 28
3622053485 IMP  2949570 24
3622063125 IMP  7562151 132
3622529808 IMP  9888645 135
3622599850 IMP  4076811 36
3622808360 IMP   901649 6
3622896401 IMP   251071 0
3623546160 IMP  3974622 23
3623722771 IMP   593238 2
3623791009 IMP   248510 0
3623915507 IMP   663272 2
3623916428 IMP  1152859 5
3623924801 IMP  1031138 2
3624330638 IMP  3843089 33
3624564339 IMP  1382393 5
3624684044 IMP   914493 2
3624925133 Win  4605439 47
3625102534 IMP  2603568 19
3625174105 IMP   513521 1
3625222283 IMP  4517817 37
3625277449 Intractable. 12891996 373
3625383775 IMP   623378 2
3625754849 Intractable. 14200816 311
3625843223 IMP  2014943 9
3626327318 IMP    13625 0
3626331042 IMP   765724 2
3626520478 IMP  2008210 20
3626536688 IMP  2859656 20
3626589187 IMP   364978 1
3626639926 IMP    56525 0
3627056969 IMP  5725634 158
3627148185 IMP 11570636 257
3627309390 IMP  4650001 32
3627638935 IMP 12077007 324
3628780887 IMP   527434 1
3628786864 IMP  5714911 74
3628952135 Intractable. 13229574 368
3629018868 Intractable. 11102310 268
3629106788 IMP   794929 4
3629627807 Win  4032019 35
3629851291 IMP  1353921 5
3630666973 IMP    40736 0
3630978352 IMP  3587857 25
3631075170 IMP  5284895 67
3631404790 IMP   623569 2
3631454719 IMP  2579275 21
3631650167 IMP  6240925 150
3631652086 IMP  1215937 3
3632636602 IMP  3886926 87
3632707673 IMP   905113 3
3632917694 IMP  6035251 109
3633391080 IMP   817016 3
3633923376 Intractable. 13144227 267
3633990090 IMP  1027081 2
3634016707 Intractable. 12137022 293
3634664383 IMP   418801 1
3634723637 IMP  2491663 14
3634767821 IMP  2286925 16
3635375302 IMP  5755049 64
3635555546 IMP  1487306 4
3635999099 Win  1887404 7
3636165815 IMP  1170653 3
3636645176 IMP  2004474 8
3636680176 IMP   628433 1
3637320673 Win   483800 1
3637546929 IMP  3513688 32
3637907932 IMP  8444619 315
3638178830 IMP  2991281 13
3638262997 IMP  3191764 22
3638279694 IMP  3879190 41
3638286433 IMP   804911 2
3638341488 IMP  1727947 9
3638766178 IMP  4002643 35
3638973784 IMP  1733485 18
3639226588 IMP   173030 0
3639357176 IMP  3101398 23
3639382525 Win  7963444 106
3639537129 IMP  4247500 51
3639820097 IMP  2135769 8
3639859589 Intractable. 12201616 310
3640004278 Intractable. 11944710 259
3640122238 IMP  3375083 20
3640302462 IMP  5257159 70
3640423295 Win  1756962 7
3640444110 IMP  2675527 18
3640495389 IMP  1226194 9
3641797749 IMP  2239694 13
3641829266 Intractable. 12532922 275
3642282030 IMP  6290321 126
3642314230 IMP  8808015 210
3642862102 IMP   545887 1
3643009292 IMP  3607685 48
3643036352 IMP  4330174 49
3643356547 IMP  1953203 9
3643477867 IMP  3977551 32
3643704814 IMP  1431405 5
3644641414 IMP   863403 3
3644773253 IMP   769638 3
3644816259 IMP  3192741 19
3645157863 IMP 10007771 247
3645194038 IMP  2577342 33
3645820759 Win   204365 1
3645829403 IMP  2974485 14
3646092581 IMP  6244579 56
3646131534 Intractable. 15283678 876
3646410659 IMP   554228 2
3646674628 IMP  1838893 7
3646779489 IMP 10490571 244
3646800022 IMP  3387074 22
3646840013 Win  2435638 20
3646947838 IMP  6102204 85
3647539701 IMP  5750590 47
3647794720 IMP  1654567 6
3647851785 IMP  2315790 13
3647966376 IMP  2112157 12
3648152795 IMP  1767851 18
3648538681 Win  2464383 15
3649345356 IMP   806400 3
3649660666 IMP  8084653 242
3649892448 IMP  7209494 133
3650144075 Intractable. 14083470 397
3650303607 IMP  1218186 3
3650470554 IMP  2619053 30
3650781546 IMP  4205431 77
3651151613 Win 12531384 288
3651206583 IMP  2281038 16
3651476061 IMP  1143004 4
3651758854 IMP  1013243 3
3651762552 Intractable. 13831119 443
3652020537 IMP   417434 0
3652072078 IMP  1689419 11
3652440465 IMP  1068489 2
3653097863 IMP  2551988 24
3653124870 IMP  9122221 240
3653460240 IMP  3214766 16
3653641496 IMP  8777800 306
3653709738 IMP  5398286 61
3654081354 IMP  7624641 124
3654408721 IMP  3313211 22
3654689136 IMP   926698 2
3654859947 IMP  1599450 5
3654882614 IMP  2284749 23
3655016780 Intractable. 14385629 360
3655487234 Win  3712995 37
3655514576 IMP  4412176 32
3655870880 IMP   660919 1
3657082288 Win  5374188 60
3657084891 IMP  1143924 12
3657194991 IMP  1613767 5
3657268126 IMP  3295771 19
3657272612 Win   772319 2
3657283026 IMP  4549893 87
3658299453 IMP  3361921 65
3658496051 IMP  3637754 28
3658525454 IMP  2156254 8
3658711241 Win   481292 1
3658889201 IMP  1988887 13
3659047687 IMP  1006334 4
3659181244 Intractable. 11842394 318
3659460771 Intractable. 11425459 419
3659574991 IMP   718193 2
3659720530 IMP  9066463 200
3659732826 IMP  1846106 11
3659823514 IMP  1061913 5
3659965649 IMP  4107386 29
3660216010 IMP  2960744 37
3660419517 Win  3082972 16
3660740726 IMP  1643365 17
3661214505 IMP  1500533 8
3661303996 IMP  3402946 37
3661408644 IMP  2214896 13
3661451605 IMP  7751379 163
3661775665 Win  1926671 9
3661790208 IMP  3571844 28
3662356731 Intractable. 14380681 378
3662557351 IMP  2946115 19
3662682789 IMP  5112110 49
3662867830 Win  2570135 14
3663076509 IMP  2720897 17
3663251443 IMP  4351697 33
3663467069 IMP  2894629 33
3663629928 IMP  1299757 5
3664060709 Intractable. 13430555 374
3664067733 IMP 10287872 355
3664187368 Win  6243485 74
3664221117 IMP   766963 1
3664273986 Win   328839 1
3664301411 IMP 10963287 1013
3664615178 Win  1743002 9
3664644874 IMP   580931 1
3664781328 IMP  2398848 23
3664949968 IMP   869928 2
3664965296 IMP  3463495 38
3664987574 IMP  2509102 23
3665000644 IMP   797220 3
3665114727 IMP  1570125 6
3665334540 IMP  3238594 21
3665415028 IMP  5032076 139
3665508236 Intractable. 11369723 484
3665580016 IMP  8525453 226
3665740840 IMP  1058531 4
3665743101 IMP  9375801 234
3666193984 IMP   926783 2
3666234900 Intractable. 13030765 255
3666568096 IMP  4826411 53
3666622600 IMP  4240148 44
3666628299 IMP   662683 9
3666685084 Intractable. 11481523 647
3666969518 IMP  3307895 20
3667331239 IMP  1706455 6
3667362403 IMP  2619146 13
3667540882 IMP  2851628 13
3667709487 Intractable. 11669347 633
3667758795 IMP  3944482 52
3668052213 IMP  1354841 6
3668378340 IMP  4139708 67
3668417950 IMP  4351434 128
3668520944 IMP  1219261 4
3668598153 Win  2203699 7
3668598387 IMP  5265834 59
3669122771 IMP  2451685 19
3669125452 Intractable. 14501521 310
3669424486 IMP  4916633 56
3669425473 IMP  3125954 17
3670014446 IMP  1526575 6
3670694577 IMP  3072558 22
3671135663 Win 11598195 188
3671346245 IMP  1291260 6
3671580641 IMP  5339535 101
3671858825 IMP   191203 0
3672164474 IMP  8264478 128
3672405117 IMP  5454422 55
3672468024 Win  3465679 16
3673169941 IMP  5860782 61
3673581688 IMP  9430396 199
3673686400 IMP  2259427 11
3673931020 IMP  1342210 6
3673992652 IMP  6076795 64
3674131539 IMP  1872670 13
3674387098 IMP  2266992 13
3674731057 IMP   274110 1
3674809395 IMP  8079493 122
3674928709 IMP   570442 2
3675326324 IMP    22500 0
3675472061 IMP  1024588 2
3675490378 IMP  5642861 55
3675802937 IMP  3131215 21
3675975583 IMP  6564844 61
3676183789 IMP   774694 3
3676319387 IMP  1641160 8
3676489751 IMP  5362150 112
3677078460 IMP  2092165 9
3677469447 IMP  1120313 4
3677554860 IMP  4535240 56
3677555900 IMP   168265 0
3677644083 Intractable. 13125785 284
3678150103 IMP   600060 1
3678432457 IMP  3569489 18
3678581949 IMP 10164266 259
3678618208 IMP  4599754 34
3678778662 IMP  3616014 25
3678882427 IMP  6196077 49
3679004693 IMP  1803672 6
3679037598 IMP  5370635 137
3679451115 IMP   670979 3
3679634668 IMP  2070910 12
3679639697 IMP  1715230 8
3679660056 IMP   792890 2
3679834151 IMP   319765 0
3680242960 IMP   984635 6
3680560711 IMP  1579495 9
3681086941 IMP  4415787 27
3681293140 IMP  6729254 125
3681611293 IMP   818643 3
3681618429 IMP  2494943 18
3681816537 IMP  1165838 4
3681988784 IMP  3864097 18
3682379794 IMP  1413042 5
3682413151 IMP  6048046 86
3682820928 IMP  1669583 5
3682882262 IMP  2983376 28
3683351425 Intractable. 12464636 346
3683430750 IMP  1053073 5
3683518364 IMP  1892475 23
3683808398 IMP  1237418 5
3683958215 IMP   811265 2
3684167202 Intractable. 14835705 439
3684260904 IMP  6277840 94
3684706693 IMP   295088 0
3684774243 IMP   605149 1
3684853910 IMP  6100134 137
3684910934 IMP  3641732 28
3684943433 IMP  6835746 265
3685012317 IMP  1275312 4
3685352472 IMP  1640078 11
3685445258 IMP  1828996 7
3685461611 Win   461212 0
3685725172 Intractable. 12736805 313
3686189862 IMP  5755161 64
3686248003 IMP  6260179 90
3686515193 Intractable. 13259890 592
3686725562 IMP  6540286 119
3686953459 IMP 10917112 185
3687005675 IMP  1698407 6
3687008856 IMP  2734439 33
3687136142 IMP  1189383 3
3687186788 Intractable. 11966350 297
3687193274 IMP  4511558 47
3687233228 IMP  6483250 152
3687598041 IMP  2073344 12
3687654136 IMP  2778979 29
3687849821 Win   516680 1
3687855644 Win  4109141 52
3687873834 IMP  2184065 11
3687930162 IMP  4913138 37
3687949190 IMP   869671 4
3687980166 IMP  1963156 7
3688038019 IMP  1461448 4
3688084845 IMP   723794 3
3688421249 IMP   488203 1
3688551372 IMP  1182398 4
3688581455 IMP  4591746 84
3688786739 IMP   368392 1
3688868996 IMP  1056813 5
3688943622 IMP  1488455 10
3689033964 IMP  2939182 15
3689200614 IMP  1482775 8
3689540495 IMP  4698675 77
3689660987 IMP   803281 2
3689676209 IMP  2162021 10
3690063486 IMP  9746921 461
3690092628 IMP   789477 3
3690278320 Intractable. 11864900 328
3690342352 Intractable. 14293798 377
3690413829 IMP  2552346 18
3690447282 Win  2952022 16
3690547597 IMP  2638476 11
3690559970 IMP 11168710 208
3691043050 Win  2985652 45
3691078698 IMP  6279821 116
3691746698 IMP 11790102 290
3691834346 IMP   997505 8
3692336561 IMP   869545 3
3692347041 IMP   642920 1
3692418157 IMP  6219244 73
3692675400 IMP  4299616 44
3692952034 IMP  1270062 6
3693017873 IMP  2841833 17
3693162391 IMP  5452496 53
3693299831 IMP  9440154 194
3693422558 IMP  7388457 118
3693467498 IMP  2410450 14
3694579623 IMP   434047 0
3694668593 IMP  1533768 13
3694896461 IMP  1590194 8
3695198387 IMP  1181794 3
3695454412 Win  3643038 28
3695462302 IMP   610955 1
3695464853 Win  2606252 12
3695577125 IMP  5476240 101
3695582691 IMP  1357442 6
3695648370 IMP  5024351 53
3695900674 IMP  1433662 7
3696034485 IMP  2468420 17
3696084289 IMP  4779430 54
3696637051 IMP  1939178 19
3696875930 Win  7271607 105
3697181323 IMP  1250434 3
3697269584 IMP  1834823 10
3697322539 IMP  2668856 19
3697414419 IMP   955913 2
3697468234 IMP   712751 2
3697764396 IMP  9398508 187
3698155565 IMP   863628 4
3698440968 IMP  1964292 9
3698513152 IMP  2481483 21
3698759444 IMP 10987570 254
3698859548 IMP  1870953 20
3699045357 Intractable. 14494680 370
3699435692 Win  2340854 14
3699479337 IMP  2412420 22
3699753420 IMP 11568842 351
3700158797 IMP  4477129 52
3700293650 IMP  3727158 26
3700459265 IMP   958090 2
3700780606 IMP  1544279 9
3700846797 IMP  6381452 240
3701019947 IMP  1801075 14
3701164853 IMP 11178870 447
3701570921 Win  3905672 30
3702186718 IMP  1764570 18
3702296395 IMP  2120801 10
3702870139 IMP  3335639 26
3702992319 IMP   245912 0
3703206664 IMP  1320611 4
3703454675 IMP  2302346 7
3703642480 IMP  2291319 14
3703685160 IMP   885654 10
3703773010 IMP  1343892 4
3703969284 IMP  1328360 8
3704030140 IMP  1185600 8
3704104282 IMP  3422960 21
3704399530 IMP  7294403 168
3704415042 IMP   503761 2
3704506135 IMP   357736 0
3704509607 Win  8282493 200
3704544647 IMP  1779961 12
3704605561 IMP  3354061 17
3704877191 IMP  1842796 7
3705427068 Intractable. 13132327 344
3705472765 IMP  8288069 98
3705482189 IMP  1994249 8
3705720761 IMP  1145453 4
3705825035 IMP  2979976 17
3705837289 IMP   324495 1
3705993524 IMP   712850 1
3706165423 IMP  2923722 45
3706169609 IMP  1087714 3
3706271671 IMP  2398210 15
3706428969 IMP  3016966 40
3706815119 IMP  8127122 140
3706914210 IMP  1631141 5
3707077730 IMP 13117911 304
3707264859 IMP  3504491 18
3707693922 IMP   371900 1
3707875160 IMP  1769014 6
3707959423 IMP  2599002 18
3708031964 IMP  3066745 50
3708218963 Intractable. 15776102 510
3708326864 Win  8125009 152
3708329001 IMP  3159836 62
3708355551 IMP  3522516 69
3708575478 IMP  3311822 32
3708673724 IMP  3982736 46
3708674454 IMP  2101756 8
3708832647 IMP  1324281 4
3708855204 IMP  7397329 277
3709089309 IMP  1156838 3
3709158058 Win  2515434 10
3709294334 IMP  5317241 108
3709543273 IMP   915592 2
3710328400 IMP  6346705 113
3710329692 IMP  2990469 20
3710456118 IMP  7979941 139
3710987542 IMP  1198830 4
3711050263 IMP  1874783 9
3711063274 IMP  6005939 132
3711471043 Intractable. 14522663 385
3711660924 IMP  1141930 5
3712258194 Intractable. 13992722 298
3712282680 IMP   577558 1
3712414160 IMP  5204621 61
3712441935 IMP  1750346 13
3712462935 IMP   807801 3
3712514248 IMP   539201 3
3712577332 IMP  4058837 38
3713022975 IMP  1754112 9
3713058004 IMP  2151913 17
3713381314 IMP  5205644 80
3713569989 IMP  1793660 13
3713945556 IMP   535467 1
3713993716 IMP  1776061 12
3714369889 Intractable. 13525383 367
3714396013 IMP  7569770 143
3714685348 IMP  1007931 5
3714825860 IMP   406600 1
3714961298 IMP   958845 2
3715020030 IMP  1201529 4
3715412520 IMP   987092 3
3715487992 Intractable. 13749600 849
3715849677 IMP  1225801 2
3715904779 IMP  7330643 112
3716005994 IMP 12465665 328
3716212624 IMP  1110754 5
3716214661 IMP  2445718 17
3716381525 IMP  5544512 92
3716515362 IMP  2994617 24
3716661420 IMP  1820611 15
3716729212 IMP  1456795 6
3716914940 IMP   775419 2
3716953702 IMP  1020908 3
3717438777 IMP  1628138 10
3717677326 Intractable. 16801248 554
3717913191 IMP  9382622 194
3717948872 IMP  7901703 186
3718033522 IMP 13423662 350
3718114133 IMP  3319498 24
3718685672 IMP   807247 2
3718822219 Intractable. 12674338 383
3719068672 IMP  6472289 70
3719150708 IMP  1397373 4
3719642403 Win  7071790 68
3719744249 IMP  2015254 22
3719864412 Intractable. 13543916 431
3720327782 IMP  1549055 5
3720488460 IMP   187674 0
3720659753 IMP  2036043 11
3720892171 IMP  2226979 20
3721056636 IMP   571421 1
3721348247 IMP  1219117 5
3721360216 IMP  8276741 146
3721448938 IMP  1485408 7
3721496548 IMP  2139048 18
3722072323 IMP  1729048 9
3722128296 Intractable. 12870764 537
3722144396 IMP  3356170 34
3722548148 IMP  1097777 3
3722562272 Win  1467372 5
3722590012 IMP  1412261 7
3722934142 IMP  2389132 17
3722991103 IMP  1475971 7
3723387777 IMP   229934 0
3723398567 IMP  3043489 24
3723423506 IMP  5089077 55
3723908747 Intractable. 15259990 304
3724052878 IMP  1367678 5
3724215458 IMP  2755962 48
3724295731 Intractable. 12403108 272
3724351104 IMP  3896046 42
3724723844 Intractable. 13429537 358
3724724177 IMP   506312 1
3724798483 IMP  1222160 3
3724976793 IMP  1673135 6
3724982384 IMP  2321464 43
3725486360 IMP  1625503 11
3725826042 IMP  4414496 34
3725877216 IMP  2070599 11
3726260712 IMP  1659841 9
3726299680 IMP   830668 2
3726953110 IMP  3829317 74
3726964633 IMP  4131148 87
3727116166 IMP  1041874 4
3727741156 IMP   633305 1
3727916629 IMP   711273 1
3728001422 Intractable. 11883206 313
3728242888 IMP  4711459 51
3728342166 IMP  8009726 355
3728379238 Win  1658342 5
3728620673 IMP  4159138 72
3728700281 Intractable. 10856513 274
3728724393 Intractable. 12534569 336
3729128828 IMP  3130916 45
3729158896 Intractable. 11957172 339
3729329579 Win  2701893 10
3729565609 IMP   714678 6
3729607895 IMP 10040262 259
3729743614 IMP  2870197 21
3730117685 IMP  2185853 11
3730351146 IMP  4592056 127
3730898766 IMP  2401954 11
3730920211 IMP  3198191 114
3730986935 IMP  3791772 29
3730994465 IMP  1911870 10
3731441320 IMP  1354812 14
3731802032 IMP  5428623 54
3731881946 IMP  4617716 42
3731895485 IMP   548132 1
3731940614 IMP  2867939 22
3732012771 IMP  2112996 14
3732097405 IMP   855816 5
3732252152 Intractable. 12765788 343
3732262221 IMP  2438725 24
3732264094 Win   649871 1
3732294040 IMP  3797075 80
3732364366 IMP  1426289 9
3732401249 IMP 11319319 305
3732964581 IMP  3368135 37
3733793840 IMP   486024 1
3733810332 IMP   435472 1
3733969461 Intractable. 11552514 248
3734074005 IMP  7613678 200
3734115345 IMP  9554350 252
3734470443 IMP  7707200 96
3734778614 IMP  6404554 115
3734848056 IMP  6287449 86
3734854892 IMP   312780 1
3735239380 IMP  1606857 14
3735295406 Intractable. 13539112 428
3735834523 IMP   695461 1
3735958237 IMP   273535 1
3736105071 IMP   798111 2
3736191860 IMP   357668 1
3736281233 Win   638433 1
3736476525 IMP  2553367 13
3736488420 IMP  7787339 119
3736721963 IMP  1711330 6
3736779972 IMP   611089 4
3736877122 IMP 10034270 518
3736963328 IMP  3984371 22
3737039798 Win   565161 1
3737118367 IMP  5961619 59
3737202211 IMP  1644422 7
3737500226 IMP  1890373 14
3737673875 IMP  7289316 153
3737715236 IMP  4928563 87
3737722681 IMP  6962408 116
3737735545 IMP  3748620 50
3737906614 IMP   672582 2
3737978929 Intractable. 13637393 406
3738003689 IMP  4757155 130
3738033173 IMP   756697 2
3738143788 IMP  2979447 27
3738210726 IMP  4388944 48
3738258949 IMP  3846551 23
3738364540 IMP  1081370 3
3738539589 IMP  8568244 126
3738739450 Win  6438746 55
3738745380 IMP  1081923 3
3738762033 IMP  3245981 26
3739008296 Intractable. 17927253 389
3739064770 IMP  4888705 106
3739466958 IMP  3744011 35
3739538234 IMP  4529240 62
3739629631 Intractable. 14794324 278
3739892010 IMP  6575982 100
3739949175 IMP   766662 1
3739981377 Intractable. 11951853 308
3740100088 Intractable. 16639491 571
3740278138 IMP  1435542 12
3740358822 IMP  1625014 4
3740508805 IMP  1315740 5
3740629585 IMP  4259100 23
3740758764 IMP  3160434 24
3740945651 IMP  1789033 8
3740960255 IMP  2953167 15
3741071540 IMP  2176851 22
3741107469 IMP  1817137 9
3741277202 IMP  6397445 92
3741321343 IMP  1894848 14
3741800225 IMP  3811761 49
3742053080 Win  1287266 3
3742102117 IMP  3657895 42
3742189202 IMP   999562 7
3742271789 Intractable. 11669594 418
3742356754 IMP  1413047 8
3742382097 IMP   910129 2
3742878301 IMP  5045749 61
3742905544 IMP   870625 1
3742949182 Intractable. 13578240 324
3742957847 IMP  1303125 9
3743104134 IMP  1979171 16
3743447349 IMP  2117532 8
3743451030 Win  1179250 3
3743910914 IMP  3594991 31
3744112748 IMP  1617542 7
3744124738 Win  7440957 91
3744259860 IMP  2605957 16
3744314993 IMP   613704 2
3744340663 IMP  1156920 6
3744379571 IMP   704018 1
3744399927 IMP  5198640 52
3744427715 IMP  2132109 13
3744513597 IMP  3592223 36
3744538379 IMP  1643872 6
3744558945 IMP 11552199 251
3744820520 IMP  2115452 8
3744826171 IMP  4218022 92
3745271048 IMP  1373832 4
3745693041 IMP  1986974 11
3746200883 IMP  1904907 7
3746461735 IMP  1049991 9
3746892159 Win   438437 1
3747161601 IMP  1335267 8
3747168161 IMP   668850 2
3747354952 IMP  2616178 14
3747620443 IMP  1996692 37
3747781830 IMP  2319323 18
3748158200 IMP  2183996 11
3748222417 IMP  3599159 25
3748334607 IMP  2190389 9
3748381072 IMP  4312992 65
3748461869 IMP  1388418 5
3748779689 IMP  1598248 4
3749067040 IMP  3812431 116
3749122657 IMP   855628 3
3749470940 IMP  8198396 124
3749609311 IMP  6882335 100
3749615466 IMP   450508 1
3749917748 IMP  4169155 45
Number of Freecells: 3   Mode: 

Winnables: 94
Impossibles: 1021
Intractables: 127
Total time: 29 Hours, 56 Minutes, 9 Seconds
