10004603 IMP  1003221 2
10060943 IMP  1206256 4
10063848 IMP   627321 1
10087481 IMP   850892 1
10143018 Win  4642419 38
10160783 IMP   826795 1
10189021 IMP  2694062 17
10200499 IMP  1508408 5
10203987 IMP   314427 2
10221012 IMP   255637 1
10255765 IMP   476776 1
10259623 IMP  5142003 39
10289687 IMP   304608 0
10345574 IMP   507859 1
10387548 IMP   360886 1
10418955 IMP   413044 1
10499123 IMP  2260319 10
10511235 IMP  5619663 206
10538861 IMP   602328 1
10545460 IMP   341591 1
10567559 IMP  2706909 14
10689856 IMP  3425066 16
10725494 IMP  7083063 135
10819047 IMP  6293361 76
10849186 IMP   819964 3
10861656 IMP   452714 0
10928605 IMP   733442 3
10946467 IMP  1856637 9
11011923 IMP  3366687 44
11017370 IMP   969101 2
11052642 IMP   858330 2
11086411 IMP  2759530 43
11098812 IMP  1270289 9
11140578 IMP   555489 1
11168135 IMP   737543 1
11195173 IMP  2710023 11
11262139 IMP  5704459 66
11267724 IMP  1882671 7
11483144 IMP   976452 3
11551199 IMP   278885 0
11572633 IMP  4399988 24
11577232 IMP   768403 3
11587655 IMP  1012378 4
11621323 IMP   801498 2
11712770 IMP   520712 1
11714556 IMP   861903 5
11774091 IMP   783063 2
11787108 IMP  1183084 4
11945652 IMP   389917 1
11954634 IMP   503005 1
11981167 IMP   394015 0
11992067 IMP  2760165 11
11992408 IMP  1037745 5
12006821 IMP   187417 0
12008191 IMP   901318 3
12049079 IMP  1278679 4
12058441 IMP   631707 3
12061435 IMP   634700 1
12172899 IMP 11419319 315
12242589 IMP  2521912 22
12340397 IMP   993455 5
12426429 IMP   285108 1
12433684 IMP  1932429 11
12463595 IMP  1775437 7
12469619 Win  1991062 5
12501250 IMP  4246173 55
12518207 IMP  7186499 164
12529223 IMP   206523 1
12551337 IMP   684980 1
12603342 IMP   823266 3
12628620 IMP  3496024 24
12644642 IMP  1839190 10
12645603 IMP  7825722 89
12670323 IMP   913608 4
12710482 IMP  1755212 6
12777006 IMP  1224041 4
12786697 Win   125696 0
12790750 IMP   148800 0
12876451 IMP   581969 1
13121357 IMP  9398783 354
13142319 IMP   867670 2
13212642 IMP  2960022 24
13258130 IMP  1075529 5
13294568 IMP  1402182 6
13341169 IMP  1000713 2
13364547 IMP   353321 1
13377024 IMP  1265698 4
13403021 IMP   652303 1
13403990 IMP  4028719 33
13430578 IMP   106292 0
13440753 IMP   294468 1
13457733 IMP   180035 0
13480703 IMP   676690 1
13533568 IMP  1008525 4
13584524 IMP  2783690 19
13608452 IMP   263825 1
13612925 IMP  1506207 7
13649511 Intractable. 10170763 249
13652528 IMP  1510711 5
13714596 IMP  2734648 22
13820977 IMP    16759 0
13824080 IMP   111276 0
13842927 IMP  3799601 25
13871823 IMP   245951 0
13886529 IMP  1928165 36
13901642 IMP   230360 0
13915956 IMP   552585 1
13953914 IMP  1006565 2
13985416 IMP  8662986 133
14008767 IMP   300704 0
14014629 IMP  3083267 18
14027832 IMP  2223462 16
14050075 IMP   665073 2
14101893 IMP   577453 1
14237491 IMP  1155711 4
14283492 IMP   963644 2
14310762 IMP  2763321 12
14337698 IMP   708451 1
14338722 IMP   537854 1
14344839 IMP  1020920 3
14353824 IMP   312995 1
14425147 IMP   373022 1
14428316 IMP   371292 0
14472436 IMP  1434660 10
14483321 IMP   989028 2
14574053 IMP  3138329 24
14606771 IMP   957404 9
14623494 IMP   698693 1
14651248 IMP   873528 2
14770845 IMP  1029972 8
14779805 IMP  1015909 5
14851461 IMP  1627582 9
14876983 IMP  1665715 16
14924161 IMP  4758468 215
14991695 IMP  1541261 9
15071878 IMP  1638947 4
15080572 IMP   764242 1
15134443 IMP   109667 0
15159325 Win  9449765 204
15185030 Win  5733695 46
15193904 IMP  1082373 3
15219428 IMP   287189 0
15266200 IMP   317295 1
15272675 IMP   350229 0
15311498 IMP  1821331 8
15322991 IMP  3685728 82
15349745 Win   456947 0
15484516 IMP   409024 1
15495658 IMP   861745 2
15657151 IMP  3166673 20
15665033 IMP  1765288 8
15767725 IMP   508502 1
15767880 IMP  7266957 113
15867482 IMP   738384 2
15915543 Win  2600437 8
15929856 IMP   486449 1
15944886 IMP   592863 3
15945679 IMP   630019 1
15955394 IMP   365444 1
15956856 IMP 10594519 160
16029573 IMP   750300 1
16057153 IMP  1005144 7
16068504 IMP  2008924 16
16091671 Win  3380178 17
16153854 IMP  1646529 3
16238417 IMP  1507254 7
16243674 IMP   839653 1
16369232 IMP  1178796 3
16430904 IMP  2943054 166
16481779 IMP   217912 1
16498659 IMP   315356 0
16504686 IMP   779276 3
16547451 IMP  1671925 7
16561008 IMP   322174 0
16673167 IMP  1067958 4
16681783 IMP  1270164 4
16699352 IMP  1745178 10
16703077 IMP  1686928 20
16706098 IMP   549798 1
16764545 IMP  1715450 14
16767936 IMP  1922325 32
16800932 IMP  8552012 145
16806151 IMP   370887 1
16808887 Win  7342947 168
16836605 IMP   938510 2
16865467 IMP  2790515 9
16893988 IMP  1530143 11
16929261 IMP  1816666 6
16969372 IMP   782690 2
17168126 IMP   392767 1
17169787 IMP   545878 1
17205649 IMP  1006458 3
17217047 IMP  5157911 47
17218581 IMP  1926298 14
17295091 IMP   228577 0
17334503 IMP  5737847 71
17371359 IMP   337167 1
17430221 IMP   716468 1
17589023 IMP  2627348 28
17589753 IMP  2606332 11
17594672 IMP  1560774 18
17610899 IMP   338826 0
17611030 IMP   954493 5
17673289 Intractable. 13155388 365
17827687 IMP  1260050 5
17845265 IMP   790978 1
17861246 IMP   257650 0
17863073 IMP   580672 2
17896599 IMP  1176863 4
17961408 IMP  4477642 91
18030944 IMP  1218625 3
18065915 IMP   566320 1
18074842 Intractable. 11709253 310
18129410 Win   202286 0
18147763 IMP  1013445 3
18154224 IMP  2602841 12
18194173 IMP  1143728 5
18194425 IMP  2717328 14
18222522 Win   424304 1
18224283 IMP   447272 1
18237045 IMP  1487538 5
18239142 IMP   890632 2
18302515 IMP  1914425 6
18315573 IMP   273244 1
18359672 IMP  2226660 14
18369207 IMP  2791305 19
18398962 IMP  1157218 3
18427016 IMP    94755 0
18459871 IMP  3147811 25
18492276 IMP   163890 0
18499695 IMP   363356 1
18510137 IMP   454064 0
18599732 IMP   469110 1
18626286 IMP   480085 1
18656726 IMP  1812070 4
18664569 IMP  1029851 8
18687679 IMP   958009 6
18714504 IMP   432846 1
18836679 IMP   293286 0
18901314 IMP   290814 2
18927871 Win    12170 0
18940891 IMP   222663 0
18943691 IMP  1755472 9
18965440 IMP   436547 1
19008583 IMP  2002849 9
19016596 IMP   434465 1
19037628 IMP  6000758 107
19059651 IMP  1569611 5
19063128 IMP   751145 2
19095605 IMP   616571 1
19159136 IMP  2614625 17
19159981 IMP  2147631 43
19209813 IMP   590644 1
19241965 IMP   663919 2
19411209 IMP  1360800 5
19416742 IMP  1754908 27
19433343 IMP   812213 4
19478228 IMP  2365689 20
19490378 IMP   457810 1
19531862 IMP   501865 3
19780823 IMP   345558 1
19849723 Intractable. 14320624 401
19904863 IMP   590767 0
19907556 IMP  2679818 12
19993902 IMP  6765756 191
20021533 IMP   237471 0
20027084 IMP   674526 2
20088415 IMP   309802 0
20125048 IMP   415386 1
20139276 IMP   231954 0
20173704 IMP   916388 1
20184707 IMP   137255 0
20196823 IMP   754647 2
20261989 IMP  1657054 6
20331726 IMP   337447 0
20375982 IMP  2081213 32
20380667 IMP  1468717 10
20386126 IMP  2310870 19
20551923 IMP   455240 1
20574338 IMP   637382 1
20598722 IMP   529398 1
20599281 IMP   708457 2
20610047 IMP  5248560 69
20611310 IMP   272966 0
20615656 IMP  7294320 100
20625140 IMP   956067 2
20662817 IMP  1121998 7
20714700 IMP   451077 1
20947073 IMP  3201875 24
20959392 IMP  2130261 8
20961070 IMP   911454 3
20985111 IMP   657705 1
21005617 IMP   701711 1
21008901 IMP  4702731 37
21014769 IMP   894388 10
21016800 Intractable. 13614141 548
21021134 IMP   395654 1
21041914 Win  5358459 53
21055143 IMP   214079 0
21078750 IMP  1075552 2
21122140 IMP  1159829 4
21135997 IMP  5656671 37
21221844 Win   324317 1
21260932 Intractable. 11515251 350
21281579 IMP  1389691 5
21321549 IMP    56496 0
21347253 IMP   363194 0
21353547 IMP  1594561 7
21365899 IMP  1026751 3
21386657 IMP   503748 2
21416203 IMP  1049980 2
21443375 IMP  1193401 3
21494216 IMP   230606 0
21519501 IMP   606024 3
21627911 IMP   257375 0
21629294 IMP   524397 1
21672662 IMP  1658532 9
21688249 IMP  1179674 4
21693130 IMP  3797646 38
21718748 Win   649101 1
21722072 IMP  5680853 71
21842156 IMP   884661 2
21914867 IMP   792214 1
21915640 IMP   437990 1
21925214 IMP  9076938 146
21928766 IMP  5536575 59
21942885 IMP  2012895 11
21965819 IMP  3121280 20
21984672 IMP  1064061 5
22008909 IMP  2239760 9
22087002 IMP  1128521 2
22089406 IMP   851709 2
22096871 IMP  1468636 8
22118316 IMP   281655 0
22125348 IMP   497749 1
22182389 IMP   300499 0
22199209 IMP   531730 1
22215641 Win  3088620 15
22299732 IMP  1134850 5
22304836 IMP  1392086 8
22309183 IMP  2474842 14
22329562 IMP  6380762 62
22384737 IMP   867963 2
22388882 IMP  1462218 9
22403849 IMP   891274 2
22413153 IMP   741937 2
22443423 IMP  4826700 83
22461231 IMP   121034 0
22464642 IMP  3562276 28
22523212 IMP   238619 0
22524144 IMP  2105587 8
22524275 IMP  1612427 5
22616780 IMP   828580 3
22617591 IMP   314989 0
22620017 IMP  1116065 3
22629910 IMP  2963770 14
22675729 IMP   384828 1
22737039 IMP   465025 1
22755151 IMP  6681213 78
22761797 IMP   413593 1
22811300 IMP  3555705 28
22903384 IMP 10685259 154
22909918 Intractable. 12170552 328
22924981 IMP   772245 3
22972895 IMP   637000 0
23029463 IMP   696357 3
23035385 IMP  4377222 50
23068753 IMP   693062 2
23112720 IMP  1372375 4
23147151 IMP  2043001 13
23148202 IMP   666588 1
23251814 IMP   730005 2
23255826 IMP   112225 0
23275653 IMP  2920829 15
23330139 IMP  3037781 21
23353231 IMP    24525 0
23422497 IMP   261098 0
23448988 IMP  1755231 6
23467161 IMP  2734396 25
23492965 IMP  1061771 3
23529502 IMP  1257983 6
23549006 IMP  1870017 15
23556330 IMP  1364420 3
23665774 IMP  2140593 9
23669548 IMP   825313 2
23716495 Win  9918996 167
23784367 IMP   225422 1
23803233 IMP  3144810 18
23918905 IMP   115665 0
23933846 IMP   652546 2
23960161 IMP   481862 2
24049386 IMP  1536730 6
24128659 IMP  1028338 2
24166715 IMP  9463301 331
24183757 IMP   905727 2
24281380 IMP  1926086 6
24293645 IMP  3222407 12
24323130 IMP  3014130 14
24359373 IMP  7543483 80
24362980 IMP   405719 1
24378631 IMP  1444237 3
24414481 IMP  2322300 17
24471479 IMP  3079529 33
24504319 Win  2783619 18
24515281 IMP  7040206 87
24520142 IMP   348828 0
24612284 IMP   922019 2
24615933 IMP  9262771 166
24648057 IMP  3079935 20
24688908 IMP  5039772 49
24693272 IMP   308254 1
24709297 IMP   144065 0
24716594 IMP   710579 3
24766271 IMP   391415 1
24794809 IMP   802985 2
24816492 IMP  1033525 2
24860696 IMP  2363225 9
25002026 IMP  3472167 35
25013310 IMP  9220565 137
25028517 IMP   251531 0
25059524 IMP  1134635 4
25114679 IMP   776710 1
25139139 IMP   678465 1
25168361 IMP   311045 1
25184968 IMP   548803 1
25295271 IMP 10380803 314
25346295 IMP  1515571 6
25513735 IMP   817025 2
25547892 IMP  1437398 4
25552171 IMP   355413 1
25571246 IMP  3510280 21
25576900 IMP   408911 2
25578394 IMP  3380572 42
25579987 IMP  4010738 44
25625768 Win    14405 0
25639575 IMP   539875 3
25666580 IMP  3681735 29
25703641 IMP   898311 1
25710659 IMP   690166 1
25710877 IMP   778765 2
25732273 Intractable. 12675331 279
25752822 Win  8299430 103
25788633 IMP  6564046 154
25830801 IMP  2724982 9
25843496 Win  3057984 17
25845683 IMP   692742 2
25851978 IMP  1626597 13
25857970 IMP   368276 1
25871940 IMP   275786 0
25876669 IMP  8818223 198
25883717 IMP   238075 1
25901755 IMP  1542263 6
25946543 IMP   756231 2
25962788 Win  7333556 91
26019123 IMP  1146449 4
26039996 IMP  1137286 3
26195706 IMP  3480584 28
26206802 IMP   824651 1
26248987 IMP   184114 1
26252065 IMP  9251436 177
26260552 IMP 12275294 700
26269449 IMP  1542371 5
26300718 IMP  3567734 18
26332858 IMP   528101 1
26352224 IMP  2820973 15
26445393 IMP   269026 0
26450713 IMP   123255 0
26491036 IMP  8023963 114
26530026 IMP   336192 0
26543563 IMP  1117919 9
26551560 IMP   520457 1
26569533 IMP   459972 2
26634322 IMP  9320843 191
26735824 IMP  1110878 2
26762005 IMP   916087 3
26762294 IMP   266067 0
26771807 IMP   230893 0
26815639 IMP   812832 3
26869857 IMP   578592 1
27027979 IMP   381957 1
27032391 IMP   860547 2
27076081 IMP   371940 4
27092708 IMP   460787 1
27245631 IMP  2437483 11
27369309 IMP   738605 4
27376038 IMP  1790832 11
27409140 IMP   293005 0
27475558 IMP  1541951 4
27506547 IMP   141044 0
27593313 IMP  2344300 20
27608460 IMP   622378 1
27661484 IMP   124622 0
27722346 IMP  1224895 4
27732030 IMP   695499 2
27759768 IMP   450487 1
27780423 Win    62338 0
27785159 IMP   266359 1
27797395 IMP   562200 1
27801941 IMP   375298 0
27816840 IMP  1032978 2
27872081 IMP   656041 3
27902313 IMP   907000 1
27905633 IMP   885721 3
27906854 IMP  1592556 5
27919888 IMP   410400 1
27942069 IMP   437327 1
27958931 IMP   974263 3
27977504 IMP   658464 1
27987710 IMP  1020421 4
27993066 IMP   766132 2
28030363 IMP   334898 0
28052534 IMP  1116564 2
28062737 IMP  3458936 33
28087211 IMP  3043241 19
28100595 IMP  1505662 6
28101184 IMP  1316243 4
28114934 IMP   326999 1
28135507 IMP   294610 0
28154620 IMP   597874 1
28275099 IMP   290236 1
28293667 IMP  1242224 15
28306154 IMP   793939 1
28313388 IMP   473419 0
28373672 Win  1029374 2
28445602 IMP  3226512 12
28459885 IMP   222912 0
28466108 IMP  5041817 66
28477153 IMP   893815 4
28541651 IMP   658601 1
28547541 IMP   717067 2
28547590 IMP   402286 1
28549989 IMP  2980161 20
28584313 IMP  1167858 4
28591733 IMP  3402445 18
28657314 IMP   365184 0
28657320 IMP   452578 2
28662590 IMP   369748 0
28701719 IMP   765865 2
28774389 IMP  2843673 13
28792811 IMP   235251 1
28806401 IMP   715551 1
28819385 IMP   481794 1
28872399 IMP  1561234 6
28968313 IMP  1880216 5
29032051 IMP   301926 2
29033082 IMP   498864 1
29159630 IMP   526577 2
29338399 IMP    88249 0
29441512 IMP   116060 0
29463730 IMP   325639 0
29500706 Win  1745556 6
29515571 IMP   375979 1
29539877 Intractable. 12236381 305
29545650 IMP  3493542 18
29559799 IMP    89155 0
29579969 IMP   861137 1
29698863 IMP   418433 2
29718089 IMP   303192 1
29754196 IMP  1845808 13
29921612 IMP   615607 2
29927313 IMP  1138699 5
Number of Freecells: 3   Mode: 

Winnables: 25
Impossibles: 527
Intractables: 9
Total time: 3 Hours, 46 Minutes, 0 Seconds
