2800058886 IMP  1060054 5
2800279592 IMP  3190471 44
2800639025 IMP   560381 2
2801070228 IMP  3395191 23
2801192240 IMP  3480638 87
2801231364 IMP   349328 0
2801364906 IMP  2688305 14
2801790039 IMP  3141570 18
2802452271 IMP  5604704 52
2802799520 IMP  4731852 73
2802901335 IMP  1678255 14
2803084344 IMP  1942139 10
2803297867 IMP  1459879 10
2803485900 IMP  2263505 17
2803493010 IMP  1018616 3
2803562364 IMP  9215178 196
2803588856 IMP  6428927 86
2803908543 Intractable. 12937531 393
2804644575 IMP  5174243 38
2804774977 IMP  1185546 4
2804793003 IMP  3259446 20
2804882127 Win   759512 3
2804938574 IMP   633359 2
2805021664 IMP  5643784 78
2805247412 IMP  3478653 29
2805269873 IMP  2720616 37
2805593061 IMP  2438130 16
2805705792 IMP  1953744 24
2805748886 IMP  8285580 291
2805898907 IMP   583691 2
2806028687 IMP  1744290 9
2806029042 Intractable. 13708955 294
2806513723 IMP  2962939 49
2806635025 IMP  9078058 292
2806818409 IMP  9301850 222
2807476702 Win  4507069 84
2807898995 IMP  1401230 6
2808147026 IMP  2111900 10
2808572316 Win  2817958 15
2808583356 IMP  4963184 60
2808709617 IMP   682317 1
2808838155 IMP  1158382 5
2808989629 IMP   965700 5
2809280383 IMP  1156262 2
2809796633 IMP  1734669 8
2809883401 IMP  1630598 9
2810073236 IMP  1990955 13
2810542439 IMP  1395919 5
2811215049 IMP  2280378 14
2811390349 Win  2699272 13
2811394644 IMP  7636991 290
2811435046 IMP  2089755 14
2811576416 IMP  1407127 4
2811591053 Win  1091000 2
2812589974 IMP   854096 4
2812966628 IMP  6800432 191
2813314560 IMP  2803553 25
2813583173 IMP   406471 1
2813623097 IMP  1491752 8
2813822188 IMP  1029165 4
2813895565 IMP  1183134 3
2814395350 IMP   357892 1
2814465692 IMP   686413 1
2814560089 IMP  3961911 134
2815091006 Intractable. 11557224 352
2815270140 Intractable. 13444351 268
2815357394 IMP   796092 3
2815754575 IMP  1527119 8
2816096958 IMP  2487074 16
2816208480 IMP  3394880 48
2816413211 IMP  1502084 10
2816440339 IMP  4791741 167
2816485597 IMP  2191274 15
2816529991 Intractable. 13039681 350
2816913484 IMP   833104 3
2817498041 IMP  1574085 3
2817580948 IMP  3601758 25
2817660552 Win   560843 2
2817669680 IMP  4949307 146
2817940661 IMP  1307113 4
2818507957 IMP   955327 2
2819267789 IMP  6640900 97
2819276484 IMP   806424 3
2819486243 IMP   509192 1
2819561261 IMP   448467 2
2819764560 IMP   568477 1
2819882882 IMP  8246319 166
2819944688 IMP  2788153 29
2820098052 Win  1933194 23
2820209367 IMP  1477322 14
2820497516 IMP   362025 1
2820576036 IMP  4016631 75
2821608106 IMP  1345890 5
2821780374 Intractable. 13105621 360
2821908526 Intractable. 11044274 362
2822257920 IMP  6228077 162
2822395215 IMP  1234098 4
2822871483 Intractable. 14320694 691
2822885342 IMP  1602224 9
2822893933 IMP  2301929 26
2823041304 IMP  1385882 4
2823207166 IMP  9819924 186
2823779681 Intractable. 11899380 246
2823922023 IMP  6072160 73
2824019950 IMP  9569135 618
2824087270 IMP  4645424 48
2824163693 IMP   795259 2
2824522017 IMP  3524619 31
2824685250 Intractable. 13336996 553
2824707648 Win  1073957 2
2824721812 IMP  1490138 5
2825139395 IMP  3205463 53
2825280704 IMP  1263160 7
2825330715 IMP  3680939 58
2825547073 IMP  1612878 5
2825894897 IMP  1130636 4
2826172630 IMP  5843268 62
2826184050 Win  1899759 12
2826479918 Intractable. 13260213 387
2826534551 IMP  4674635 44
2826805924 Intractable. 13900946 368
2826937749 IMP  1130418 4
2827001512 IMP  5768640 150
2827181311 Intractable. 13172050 325
2827211806 IMP  6517812 134
2827289068 IMP    17644 0
2828439676 IMP  3341608 29
2828690304 Intractable. 13206891 338
2829588679 IMP  3274856 56
2829754566 IMP   807124 2
2829952071 IMP  2866196 15
2830197201 Intractable. 13779061 356
2830415834 IMP  1586440 5
2830456830 IMP  1195038 10
2830472043 Intractable. 13001369 305
2831159308 IMP  2458529 22
2831839441 IMP   775499 3
2832145539 IMP  1622314 8
2832705882 IMP  4248053 39
2833228434 IMP  3004113 42
2833276821 IMP  1436508 6
2833773494 IMP  9127293 270
2833968253 IMP   553060 1
2834006589 IMP  1903666 14
2834199055 Win  1183745 4
2834231200 IMP  1630283 8
2834387144 IMP  2280831 9
2834392678 IMP  2530526 14
2834400717 IMP  6538190 173
2834540424 IMP  6254353 201
2834741079 Win  2377845 41
2835113701 Win  3025068 23
2835179313 IMP  3418722 27
2835251735 IMP  5742874 146
2835266185 Intractable. 12826699 530
2835816831 IMP  5621673 66
2835844279 IMP  8575543 132
2836105308 IMP  1036551 3
2836107639 IMP   895215 4
2836178688 IMP  2173322 13
2836580171 IMP  1330153 11
2836622071 Intractable. 12495988 350
2836697509 IMP  1825185 7
2837108844 IMP  1148888 5
2837314937 IMP  1528154 5
2837422689 IMP  3227097 27
2837550204 IMP  5225090 66
2837650605 IMP 10882463 328
2837861202 IMP  6237638 65
2838268865 IMP   702036 1
2838594234 IMP  4088311 36
2838599964 IMP  4131915 35
2839033920 IMP   804712 2
2839492851 IMP   700375 2
2839950537 IMP 11900441 283
2839995087 IMP 11412576 478
2840052934 IMP   488371 1
2840129155 IMP   989031 6
2840224841 Intractable. 13360897 287
2840331982 IMP  2160691 12
2840336940 IMP  1530888 5
2840774872 IMP  2161625 12
2841068604 IMP   162358 0
2841998445 IMP  5393434 76
2842027173 IMP  2600232 22
2842390566 IMP  4154452 30
2842779135 IMP 10885584 198
2843027513 IMP  4575047 45
2843047214 Win  3826041 26
2843451031 IMP  5926246 57
2843483690 IMP  1516558 6
2843611928 IMP  1688539 16
2843809846 IMP  3985391 62
2843867633 Win 12226773 225
2844261736 IMP  4622484 53
2845367173 IMP  1237627 6
2845736228 IMP  2334392 35
2845931315 IMP  5335286 47
2846099115 IMP  7280743 258
2846192521 IMP  2807304 54
2846892223 IMP 11833283 431
2846916732 IMP  1611066 12
2847123577 IMP  1060517 3
2847414511 IMP  9079977 168
2847440399 IMP  2077242 9
2848551888 IMP  5354836 68
2848765470 IMP   357687 0
2848846377 IMP  9983786 152
2848913276 IMP  4497007 39
2848963750 Win  1451400 4
2849029218 IMP  3532546 23
2849079584 IMP  6090726 63
2849116021 IMP  5003087 76
2849192769 IMP   361671 1
2849231371 IMP  3561356 48
2849472774 IMP  1571919 4
2849525555 IMP  4361806 83
2849639104 IMP   263779 0
2850343657 IMP  1992655 13
2850347308 Win   893099 2
2850870228 IMP   801530 3
2851034254 IMP  1852414 8
2851556906 IMP  2185388 18
2852159555 IMP 10322381 404
2852305329 IMP  2785411 35
2852538346 IMP   944991 3
2852577481 IMP  4554883 62
2852967498 Intractable. 10237372 380
2853547202 IMP  3131732 41
2853854159 IMP  2933190 17
2854034011 IMP  7760038 137
2854299434 IMP  7829229 86
2854431288 IMP  3994591 44
2854961099 Win   257342 0
2855066633 Win  1117904 3
2855434791 Intractable. 13144569 525
2855520639 IMP  2898765 17
2855823917 Intractable. 13042874 299
2855927069 IMP   316201 1
2855945865 IMP  1289536 5
2855986846 IMP 11613454 308
2856673545 IMP  2797293 27
2857025982 Intractable. 11016423 409
2857058813 IMP  1445084 7
2857082226 IMP  4252980 26
2858041646 IMP   929653 3
2858333879 Intractable. 14821786 313
2858340761 IMP  4318013 91
2858505682 Win   496429 1
2858542218 IMP 11399321 316
2858826240 IMP  9505185 193
2859207958 Intractable. 14514474 801
2860376934 IMP  3429590 29
2860564964 IMP  1427153 5
2860859712 Win  1823804 6
2860918638 Intractable. 14264499 437
2861061255 Intractable. 11192948 293
2861408780 IMP  6865827 111
2861477800 IMP  2922210 23
2861569758 IMP  3872420 46
2861846974 Intractable. 12726961 490
2861952506 IMP  3445090 28
2862258249 IMP  2882967 24
2862336500 IMP  6853325 152
2862390938 IMP   261871 0
2862832788 Intractable. 12594246 362
2863290190 IMP  3292512 23
2863650998 IMP   281825 1
2863674106 IMP  1640688 13
2863707346 IMP  7953985 157
2863908719 Win  1629805 7
2863934862 IMP  2627230 29
2864007071 IMP  6010360 192
2864046154 IMP  6685813 146
2864515447 IMP  5526849 59
2864652441 Win  1774982 8
2864679264 IMP  5158978 40
2865328838 IMP  1461863 5
2865653861 IMP  3791581 32
2865665195 Intractable. 12841745 616
2866068131 IMP  9811131 271
2866075122 IMP  2477835 9
2866453010 IMP   586949 1
2866699230 IMP  7043139 84
2867142979 IMP   434252 1
2867259257 IMP  2493802 10
2867460910 IMP  1613813 6
2867916029 IMP  1549629 5
2868255129 IMP  1115482 3
2868366063 IMP   537081 1
2868825453 IMP 13274426 324
2868939287 Intractable. 12140625 310
2869083047 IMP  6301303 123
2869108550 Intractable. 12758601 320
2869374517 Intractable. 14708342 806
2869506738 IMP    54626 0
2869690754 IMP  2214235 25
2869700653 Intractable. 13661325 483
2869809607 IMP  1836533 9
2870152767 IMP  3766131 22
2870263587 IMP  7286181 179
2870801775 IMP  2706497 15
2870976279 IMP  1187642 4
2870984908 IMP  2658296 14
2871248502 IMP   776886 2
2871439626 IMP  1665747 10
2871553167 IMP  5516012 44
2871646209 IMP 11984623 313
2871727429 IMP  7085073 259
2871986036 Win  1164150 3
2872011617 IMP  1645461 7
2872057810 IMP  2759401 17
2872632457 IMP  1629598 6
2873151130 Intractable. 12199548 321
2873163167 IMP  7336206 193
2873192350 IMP  1108237 2
2873563077 IMP   457787 1
2873658393 IMP  2217377 16
2874191463 IMP  2117600 22
2874277780 Intractable. 11555020 328
2874521838 IMP   769598 1
2874616339 Win  1547367 6
2874753634 IMP  7950022 208
2874871979 Intractable. 13033704 318
2874919778 IMP  2776877 14
2874925787 IMP  2994549 18
2874996324 IMP  3817802 53
2875227867 IMP  2441017 16
2875296732 IMP  3376581 18
2875343757 IMP  1256246 5
2875413555 IMP  1678505 7
2875499710 IMP   899895 3
2875797846 IMP  3640325 20
2876292131 Intractable. 13308855 667
2876428932 IMP  3418757 27
2876430628 Intractable. 12281080 314
2876561939 IMP  3997090 41
2876868629 Intractable. 14829210 391
2876966023 IMP  1900825 11
2876973001 IMP  2021750 13
2877284896 IMP  1148711 3
2877788600 IMP  2480347 11
2878645155 IMP  1170707 5
2878981982 IMP 12016602 355
2879329753 IMP  3819036 21
2879522286 IMP  7307391 126
2879535775 IMP  2082091 21
2879697945 IMP  3128322 18
2879742719 Intractable. 12893373 285
2879934035 Intractable. 13354701 365
2879989654 IMP  4477982 47
2880127067 IMP  2367432 22
2880816141 IMP  9362056 270
2880843686 IMP  1319709 6
2880892167 IMP  2717306 24
2880989957 IMP  5308975 64
2881108309 Intractable. 13377650 405
2881397630 IMP  1616255 4
2881398490 Intractable. 14663892 344
2881452445 Win  2580559 10
2882120439 IMP  1151207 15
2882303654 IMP  2799767 23
2882395852 IMP  1126491 3
2882450905 Intractable. 15189089 388
2882581667 IMP  5877723 92
2883046704 IMP  2836296 17
2883054594 IMP  7434659 292
2883183716 IMP  2707492 52
2883353284 IMP  1791212 12
2883418715 IMP   765080 2
2883562606 IMP  2126178 14
2884088889 IMP  3719326 25
2884236606 IMP  4442374 78
2884353378 IMP  1743363 11
2884361879 IMP   619975 2
2884414643 IMP  9728549 279
2884687869 IMP  2884478 24
2884862158 IMP  1111141 9
2885732032 IMP   701086 2
2885805370 IMP  7106562 161
2886104417 IMP  2196383 9
2886265306 Intractable. 11521865 260
2886301447 IMP   524640 1
2886496502 IMP   625515 1
2886689096 IMP  5623511 47
2886689387 IMP  2794991 14
2886797429 IMP 10106398 378
2886873332 Intractable. 12634859 366
2887443336 IMP  3931192 45
2887566394 IMP   613436 2
2887626185 Intractable. 15292023 313
2887644067 IMP    84560 0
2887838893 IMP  2193629 11
2888060202 IMP  1428289 5
2888423276 IMP  3439511 26
2888502770 IMP  1344399 6
2888675906 IMP  1926952 7
2889415413 IMP   625532 1
2889449042 Intractable. 11026715 308
2889753169 IMP   970959 3
2889892601 IMP  1739574 6
2889979021 IMP   608571 2
2890577911 IMP 10202176 266
2890658750 IMP   883734 2
2890708148 IMP  2178835 19
2891069088 IMP  2397394 22
2892373314 Win  2931702 17
2892686344 IMP   272563 0
2892804369 IMP  1496956 5
2893025965 IMP  3958574 66
2893606860 IMP  1586178 11
2894227477 IMP  9945049 328
2894252479 IMP   534282 1
2894281111 IMP   615848 2
2894322478 Intractable. 12956807 604
2894530261 IMP   588706 2
2894747663 IMP    15754 0
2895645142 IMP   302865 0
2895889041 IMP  2036901 11
2896054438 Win  1135632 3
2896198317 IMP  5903362 61
2896245872 IMP 11687262 266
2896308913 IMP  2031835 6
2896361398 Win  1391542 6
2896668964 IMP   681752 2
2896889830 IMP  3575004 43
2897043546 IMP  2309831 7
2897160156 IMP   955637 3
2897171173 IMP  1708067 8
2897458270 IMP  1768967 12
2897762861 IMP  2097212 31
2898385735 IMP  2077735 11
2898444334 IMP  2582452 35
2898804005 IMP  3253529 35
2899128511 Win  2145874 10
2899353705 IMP  3997664 104
2899429901 IMP   810050 1
2899537402 IMP  3281916 81
2899642370 IMP  2198864 29
2899819245 Intractable. 12409198 419
2899978818 IMP   851827 2
2900282585 IMP   320499 1
2900446706 IMP  1415242 4
2900538995 IMP  1123534 5
2900828348 IMP  1583272 32
2901023586 Intractable. 11479590 519
2901212703 IMP  4605305 31
2901218122 Intractable. 13904338 549
2901255372 IMP   418247 2
2901304288 IMP   331545 0
2901355947 IMP  1935471 7
2901444906 IMP  4511690 50
2901523356 IMP  3298204 36
2902051817 IMP  2954662 25
2902059975 IMP   980325 2
2902224680 Intractable. 11039321 366
2902377019 IMP  1169643 5
2902730631 IMP  2181922 15
2902755946 IMP  5207475 63
2902804856 IMP   785400 1
2902890828 Intractable. 13917114 289
2903000325 IMP  1099574 5
2903148328 IMP  1349300 3
2903160512 IMP   985414 5
2903425396 Intractable. 14489155 313
2903427521 IMP  7386675 164
2903551528 IMP 10373318 354
2903596247 IMP  2646354 24
2903718391 IMP  2998678 25
2903791614 IMP   683038 3
2903864471 Intractable. 12294277 425
2904314969 IMP  4959932 49
2904723545 IMP  6590246 97
2905014889 IMP  1595547 6
2906058029 IMP  2479581 13
2906976183 IMP 10290076 179
2907439988 IMP  4096010 24
2907606360 IMP  2286945 15
2908010047 IMP  8134131 112
2908126016 Intractable. 13444295 385
2908563973 IMP  5979992 165
2909421139 IMP 10305699 251
2909778945 IMP  9444336 309
2910188699 IMP  7534833 118
2910190298 IMP  4934345 80
2910450273 Win  1754143 6
2910656610 IMP  2836003 20
2910934953 IMP   338672 0
2911043258 IMP  3214557 36
2911054016 IMP  3899884 35
2911201713 IMP  2709631 32
2911262782 IMP  1315546 7
2911761814 IMP  1805515 7
2911786926 IMP  2995245 19
2911791562 IMP  1863522 10
2911793587 IMP    13785 0
2911803205 IMP  7221105 150
2911961993 IMP  1521980 5
2911986913 IMP  4038867 34
2912019618 IMP  2919005 22
2912096643 IMP  1173920 4
2912319928 Intractable. 13041006 318
2912325986 IMP   733118 5
2912617866 IMP  3218311 20
2912619192 IMP  1546811 12
2912782367 IMP  6470762 94
2912940339 IMP  3043480 17
2912942018 IMP  4841173 77
2912972538 IMP  3392475 25
2913065751 IMP  2073442 16
2913194008 Intractable. 14485300 319
2913445704 IMP  1340607 6
2913885351 Intractable. 13096613 317
2914288436 Intractable. 12511926 360
2914477759 IMP  2626422 12
2914680594 IMP  1332026 8
2914749291 IMP  1800894 8
2914779138 IMP 11342472 232
2914810894 IMP  1562260 7
2914854758 IMP  1941505 8
2915044266 IMP  1304563 9
2915148443 IMP  1987650 9
2915338881 IMP  3729147 29
2915725579 IMP   674246 1
2915767864 IMP 10281520 180
2916153329 IMP  8533174 151
2916240654 IMP  6668672 233
2916499089 IMP  2257234 13
2916542860 IMP 10565616 423
2916618064 IMP  3958263 25
2916730416 Win  1941853 9
2916927739 Intractable. 13457401 420
2917072816 IMP  2678444 16
2917083129 Intractable. 11300125 459
2917193973 IMP  9836470 177
2917215137 IMP  2179085 18
2917326632 IMP   307185 0
2917405493 IMP  1390924 6
2917491808 IMP  3853815 41
2917554194 IMP  1297079 7
2917978229 IMP  2821553 24
2918008993 IMP  1261716 6
2918336061 IMP  8337666 175
2918547411 IMP  2787064 20
2919066261 IMP  2892806 53
2919170865 IMP   758201 2
2919183572 Win 11234895 170
2919374779 IMP  3579495 45
2919481110 IMP  4588041 36
2919518388 IMP  3877053 86
2920078921 Intractable. 12725233 404
2921076861 IMP  1816075 15
2921371017 IMP  4212122 35
2921406548 IMP  1467795 6
2921468379 IMP 10277594 266
2921880556 IMP   575588 1
2921892070 IMP  1927981 13
2921913319 IMP  2736142 16
2922015396 Intractable. 12664174 503
2922248573 IMP  1741696 8
2922794640 IMP  4501290 64
2923413414 IMP  2784582 20
2923748424 IMP 11113439 279
2924491013 IMP  1978953 8
2924762881 IMP  6714132 143
2924812990 Intractable. 12300061 402
2925012574 IMP 10317802 427
2925558398 IMP  2372575 21
2925905329 Win  4904574 48
2925944794 IMP  5888516 85
2926118857 Win  2256794 14
2926181907 IMP  4071769 41
2926536528 IMP   927291 2
2926606808 IMP  1140235 8
2926767806 IMP  1577570 8
2926790845 IMP  4777617 73
2926882275 IMP  1322420 3
2926936284 IMP  3489165 57
2927049352 Intractable. 13405439 370
2927217919 IMP 12858574 259
2927541204 IMP  4168962 37
2927715077 IMP  3596332 36
2927803772 IMP  9618546 137
2927961989 IMP  1682051 9
2928072266 IMP  3569032 90
2928199782 IMP  3951529 42
2928318929 IMP  5761841 72
2928372021 IMP  2947327 20
2928388557 Intractable. 13703718 828
2928703579 IMP  6497715 88
2928924018 IMP  6039366 131
2929016308 IMP  2200114 7
2929043050 IMP  5517733 92
2930024335 IMP  1604418 7
2930593932 IMP   876609 2
2930606578 Intractable. 13387161 268
2930891769 IMP  1591029 4
2931267872 IMP 10555531 266
2931458705 IMP  4062493 60
2932103425 IMP  2295866 11
2932122926 IMP  5597371 53
2932227056 IMP   387573 1
2932274792 IMP  7197690 117
2932521591 IMP  1825592 6
2932681520 IMP   768187 2
2933875434 IMP  8630528 162
2933906894 IMP  1768944 11
2934006833 IMP  9517695 152
2934026398 IMP  1867152 9
2934091561 IMP  6031738 61
2934104156 IMP  1779541 8
2934125908 Intractable. 11794661 372
2934300228 IMP 11629603 349
2934435654 IMP  2685086 18
2934707999 Win  2930101 16
2934806333 Win  1091029 4
2934841311 IMP  1650788 12
2935026349 IMP 11384997 243
2935258512 Intractable. 13689359 337
2935674072 IMP  5997190 133
2936060890 Intractable. 12636975 399
2936771649 IMP  2214195 17
2936959260 IMP 11337550 302
2937342371 Win  2495184 10
2937455066 IMP  1254719 5
2937601317 IMP  3373751 32
2937983345 IMP  1307323 8
2938294951 IMP  1875307 24
2938747061 IMP 11792428 305
2939127149 IMP  7899372 113
2939185141 IMP   994051 3
2939522101 Win 10833342 203
2940166344 IMP  5911326 203
2940176869 IMP  2965086 16
2940628432 IMP  8695300 124
2941316136 IMP  5733095 77
2941483652 IMP  3424877 33
2941487878 IMP   206839 0
2942071883 IMP  5664900 52
2942216791 IMP  1964088 14
2942763950 Intractable. 13506863 292
2942847521 IMP  1614254 7
2943077081 IMP  4932181 51
2943642071 Intractable. 12686199 387
2944026464 IMP  4195139 23
2944347749 IMP  5032326 39
2944518242 IMP  2843832 21
2944698104 IMP  2082290 12
2945008287 IMP  1137691 2
2945135374 IMP  1529766 4
2945420442 Intractable. 11126779 299
2945432587 IMP  5271318 52
2945622442 IMP   979225 4
2945648053 IMP  3231137 27
2945933389 IMP  1347923 9
2946001383 Win  2060568 10
2946305150 IMP  2385165 10
2946338045 IMP 10053179 321
2946617113 Intractable. 13402567 502
2946758528 IMP  6921503 87
2946835490 IMP  5923799 123
2946874643 Intractable. 12551670 522
2946934227 IMP   442044 1
2947091831 IMP  6775256 121
2947107980 IMP  2868053 17
2947300628 IMP  8762840 222
2947461226 IMP  1796799 6
2947516341 IMP  3415287 26
2947573987 IMP  2047403 9
2947643312 IMP  8823945 190
2948339713 Intractable. 12377725 409
2948615321 IMP  1659022 5
2949320119 IMP  1327124 6
2949467151 IMP  2353916 18
2949694702 Intractable. 12014154 426
2949765335 IMP  1548161 8
2949865774 IMP 10870184 350
2949980094 IMP  1127898 4
2950141820 Intractable. 10915157 445
2950409050 IMP  3618110 151
2950498069 IMP  9394384 176
2950665671 IMP  1087914 4
2950698042 IMP   532639 0
2950729481 IMP  6839096 437
2950751712 IMP  1197416 8
2950923473 IMP  3201820 17
2951153919 IMP  7682085 84
2951371273 IMP   619408 1
2951547146 IMP   596417 1
2951822987 IMP 11602825 279
2951954250 Win  8015257 179
2952023515 Intractable. 13587300 277
2952340932 IMP  1397123 3
2952343590 Win  1454035 5
2952486683 Win 10803500 180
2952637444 IMP 10077975 198
2952697505 IMP  4211893 34
2953537749 IMP  2222568 14
2953925267 IMP  5438846 60
2954394906 Intractable. 13393437 478
2954411064 IMP  7569743 145
2954606318 Intractable. 11156096 218
2954665229 IMP  1822702 5
2954667239 IMP   659391 1
2954720556 IMP 10801631 477
2955368373 IMP  5048823 45
2955528623 Intractable. 13371432 324
2955736952 IMP  2791913 26
2955822896 IMP  1364182 3
2955826237 IMP 11041623 324
2955893181 IMP   899678 4
2955912369 IMP  2674355 13
2956057679 IMP  5906880 95
2956244505 IMP  3719190 26
2956320003 IMP   919791 4
2956683355 IMP   653143 1
2956873720 IMP    33932 0
2957153864 Win  1026580 3
2957159403 IMP  1967450 11
2957161245 IMP  8845282 151
2957283510 Intractable. 12515952 251
2957424607 IMP  3050813 18
2957433618 IMP  3148853 25
2957600306 IMP  2676240 36
2957612245 IMP  1085620 3
2957806303 Intractable. 14312918 303
2957865209 IMP  6878358 74
2957865845 IMP  6028470 86
2958062224 IMP  4582987 59
2958302384 IMP  1295046 9
2958352914 IMP  1616633 5
2958448572 IMP  8224874 120
2958469394 IMP  1598582 12
2958482672 IMP  2261160 8
2958515735 IMP  2057327 15
2958698346 IMP  1899689 8
2958703305 IMP  9466942 171
2958895627 IMP  1852639 8
2958979196 IMP   970104 5
2959053779 IMP  2120114 17
2959263703 IMP  3690432 129
2959494658 IMP  2600269 37
2960144837 IMP   635979 1
2960184042 IMP  9212256 202
2960496697 Intractable. 14053195 1260
2960532478 IMP  3148216 34
2960556136 Win  6222903 103
2960672152 Intractable. 12469655 307
2960758368 IMP 11131518 274
2960835505 IMP  4324449 48
2961127166 IMP  1459263 8
2961165727 IMP  2259591 15
2961408786 IMP  4677736 34
2961421222 IMP   335387 1
2961596331 IMP  1468917 3
2961738710 IMP  5392905 99
2961866207 IMP  1794619 7
2962029499 IMP   283331 0
2962376302 IMP  1583181 6
2962446295 IMP  3854508 30
2962467522 IMP  3110760 31
2962546639 IMP  1184021 3
2962747214 IMP  2803167 16
2962767061 IMP  1877711 12
2962783738 IMP   541350 1
2962818703 IMP  2337092 55
2963311451 Intractable. 13835794 411
2963401292 IMP  5058785 41
2963606740 IMP  3244538 19
2963640905 IMP  1172692 3
2963807938 IMP  3603141 24
2963884639 IMP   961468 3
2963960350 IMP   918505 2
2964295706 IMP  1478807 6
2964441176 IMP  3574994 22
2964508546 IMP  9334798 167
2964527201 IMP  4776811 37
2964585725 IMP  3163885 22
2965007681 IMP  3006712 14
2965349542 IMP  7309686 130
2965371439 IMP   979938 4
2965435241 IMP  3915525 20
2965748432 IMP  1307465 4
2965758593 IMP  3930764 21
2965933951 IMP   258160 1
2965988786 IMP  1944472 33
2966247448 IMP  1059239 3
2966339221 IMP  1240042 7
2966615365 IMP  1913893 24
2966642023 Win 11921195 353
2966650117 Intractable. 14248091 380
2966831909 IMP   287764 0
2966993747 IMP 11302559 253
2967024747 IMP  6765443 72
2967218606 IMP 10462475 226
2967434621 Intractable. 11226497 304
2967456805 Intractable. 14685376 408
2967760820 IMP  2122613 9
2967814129 IMP  3178040 20
2967838142 IMP  1095417 2
2967908854 IMP  2578880 11
2968371886 IMP  2891842 13
2968617771 IMP  4942776 73
2968633274 IMP  4613995 36
2968778085 IMP  2628230 18
2968866748 IMP  1640344 3
2968905330 IMP   565903 1
2968952769 Intractable. 13672320 549
2969045272 Intractable. 13168206 372
2969111044 IMP 10400456 245
2969357356 IMP  2682594 25
2969639216 IMP   296632 0
2969792017 Intractable. 13332919 371
2970354330 IMP  2752808 24
2970524644 IMP  7825211 121
2970559436 IMP  3997759 47
2970777625 Intractable. 11037117 284
2971166565 IMP  2351246 10
2971694234 Intractable. 13100338 303
2971910947 IMP 10171777 374
2972076646 IMP  2177397 32
2972230501 Win  3409691 22
2972852833 IMP  1234116 5
2972974547 IMP  2890260 17
2973309003 IMP 10290845 231
2973428634 IMP  5119651 68
2973478822 IMP  1158106 5
2973515954 IMP   719981 2
2973693565 IMP 10323768 362
2973868989 IMP  3778869 21
2973936619 IMP  8567663 127
2974047414 IMP  1886297 6
2974144759 IMP  2454555 15
2974415924 IMP   798314 2
2974793197 IMP  6043547 55
2975368139 IMP  1507732 10
2975570233 IMP  1202500 4
2976046026 IMP   913053 2
2976053791 IMP  5665311 105
2976059787 IMP  3507924 26
2976160856 IMP  2517678 15
2976235039 Intractable. 12442014 411
2976323222 IMP  2546633 13
2976331112 IMP  2773196 19
2976545563 IMP  1522812 8
2976617246 IMP  1387129 4
2977075084 IMP  2038856 17
2977242848 IMP  3046678 22
2977317690 IMP  5409570 43
2977419147 IMP  1795031 7
2977502790 IMP  1517040 7
2977525359 IMP  1526830 14
2977914221 Intractable. 12040733 408
2977972260 IMP  1189977 4
2978270048 IMP  1023765 4
2978429558 IMP   592318 1
2978548854 Intractable. 14707648 352
2978919486 Win  2574338 10
2979160532 IMP  1065156 2
2979355920 Win  2485024 17
2979394891 IMP  3465637 22
2979397604 IMP  1072971 6
2979433729 IMP  1308790 3
2979450564 IMP  1054238 2
2979472868 IMP  3116072 16
2979477956 IMP  2910576 24
2979928369 IMP  2712345 11
2980379427 IMP  8369254 291
2980516984 IMP  2215095 12
2980543921 IMP  4043892 41
2980589404 IMP  1335740 3
2980742224 IMP  5816997 77
2980774980 IMP  2960309 24
2980817948 IMP  3821416 22
2981063324 IMP  1897465 34
2981093452 IMP  1737042 12
2981095891 IMP  1457302 4
2981115138 IMP  2476307 25
2981222266 IMP  4790849 38
2981304171 IMP  5912616 94
2981501587 IMP  1380223 12
2981592455 IMP  4644843 48
2981630242 IMP  1505442 5
2981630556 IMP   532576 3
2981826068 IMP  2585920 16
2982262804 IMP  1707517 16
2982352945 IMP  1926782 14
2982369469 IMP  1162662 5
2982663126 IMP  2376893 13
2982702009 IMP  2797453 22
2982865414 IMP  7766700 102
2983134291 Win  9430638 147
2983304309 IMP  2674913 14
2983568027 Intractable. 14426437 271
2983609811 IMP  6348910 110
2983817823 Intractable. 11789544 338
2983819973 IMP  2072335 8
2984235494 IMP   430409 1
2984487104 IMP   977441 4
2984785968 IMP  4714669 31
2984816507 IMP  2834521 14
2985253653 IMP  1115796 3
2985881769 Intractable. 13683999 305
2985966979 IMP  8002572 129
2986062834 IMP  2658784 18
2986214218 IMP   981219 2
2986457487 IMP  4168410 24
2987050830 IMP  1587973 4
2987059215 IMP  1308991 5
2987090977 IMP  3643628 30
2987147293 Intractable. 14394110 231
2987243773 IMP  2855522 16
2987319541 IMP  6434797 103
2987381263 IMP  2990995 24
2987536236 IMP  2560866 13
2988351238 IMP   376647 2
2988539510 IMP   645551 2
2988853744 IMP  5334222 133
2989167238 IMP  2788973 12
2989428030 Intractable. 12692500 478
2989508392 IMP  2146646 25
2989648201 IMP  1602640 5
2989738420 IMP  2595889 15
2989749921 IMP  1490001 6
2990077203 IMP   686218 2
2990160836 Win  5799818 57
2990554396 IMP  5491093 104
2990718659 IMP  6704587 137
2990952708 IMP  1305761 5
2991281942 IMP   842593 2
2991288899 IMP  1380161 9
2991340272 IMP  2816574 15
2991342710 IMP  1766035 6
2991448452 IMP  4411337 58
2991704088 IMP   465971 1
2991846119 IMP  2795252 17
2991886098 IMP  1394296 4
2991954288 IMP  3232501 50
2992000655 Intractable. 11602943 618
2992075451 IMP  1156913 6
2992243406 IMP  2682203 16
2992290353 IMP  7090068 63
2992639252 IMP  6037645 67
2992978989 IMP  2216444 12
2992982891 IMP  2491122 25
2993035460 IMP   529394 1
2993212529 IMP  4193159 58
2993272780 IMP  2960948 22
2993715795 IMP   590665 2
2993980703 IMP   651052 1
2993991464 IMP  4127991 40
2994352510 IMP  5423359 75
2994728528 IMP  3641090 20
2994798582 IMP  1192071 4
2995176881 IMP   855491 2
2995323813 IMP  1145121 5
2995493211 Win  2469198 8
2995524367 IMP   451532 1
2995535452 IMP  2570014 35
2995723215 Intractable. 13064526 250
2995908173 IMP  6919114 344
2996000377 IMP  2401090 18
2996383060 IMP  4942889 74
2996872809 IMP  3025660 44
2997248467 IMP  3306491 31
2997352458 Win  7529733 133
2997735058 IMP  6449250 86
2997779898 IMP  1014052 3
2997896734 IMP  4642603 40
2998240442 Win 11616807 197
2998271424 Win  3339014 14
2998299814 IMP   720250 2
2998306151 IMP   928249 2
2998493997 IMP   648268 1
2998818907 IMP  1542750 18
2999032698 IMP  4964280 61
2999484866 IMP  1954263 15
2999574740 IMP   816126 7
2999726955 Intractable. 14452355 470
2999726969 Intractable. 13512947 309
2999858558 IMP   841293 10
2999859303 IMP   169669 1
2999890772 Intractable. 13349080 217
2999932584 IMP  3872063 32
2999939184 IMP    55381 0
2999943011 Win  3308330 21
Number of Freecells: 3   Mode: 

Winnables: 55
Impossibles: 820
Intractables: 111
Total time: 24 Hours, 58 Minutes, 46 Seconds
