4250061373 IMP  2302180 13
4250114975 IMP   530624 1
4250149234 IMP  1686702 8
4250249442 IMP  1440141 4
4250328129 IMP  2819505 11
4250332222 IMP  2981897 22
4250601311 Win  4617630 87
4250717772 IMP   526286 1
4250818195 Intractable. 13386066 299
4251287436 IMP   535427 2
4251299544 Intractable. 12651203 427
4251420594 IMP  3991589 40
4251484661 IMP  1896805 7
4252416512 IMP  2631329 27
4252494032 IMP  1384765 7
4252558607 Intractable. 11843042 1167
4252563128 IMP  8220517 106
4252617286 Intractable. 12701457 565
4252695387 IMP  1415025 5
4252704730 IMP  7568947 201
4252745667 IMP  7392900 128
4252807990 IMP  4055817 34
4252817524 IMP  1767352 8
4252932974 IMP  9461537 228
4253102407 IMP   995497 3
4253216239 Intractable. 10787083 425
4253432148 IMP  2944030 22
4253791760 Intractable. 15477529 528
4253842778 IMP 12213863 333
4254028614 IMP 11337061 265
4254268561 IMP  2241154 12
4254380970 IMP  8049707 138
4254575641 IMP  5814326 65
4254637832 Intractable. 13801665 270
4254849690 IMP  3442200 49
4254998838 Intractable. 12943945 300
4255086653 IMP   495498 2
4255336748 IMP  2461878 33
4255636885 Win  6920869 88
4255685796 IMP  3155906 76
4255775325 Win  2362208 15
4255847308 Intractable. 13840485 289
4255861938 IMP  5799831 69
4255985028 IMP   681762 2
4256026502 IMP  1171838 7
4256039495 IMP  4283504 27
4256336306 IMP 11780084 383
4256442736 IMP  5150883 152
4256634615 IMP  4741041 74
4256785797 IMP  1299327 5
4257026994 IMP  8339221 148
4257075720 IMP  1258599 8
4257122398 IMP  2097616 21
4257307214 IMP  3462078 33
4257449390 IMP  1024540 2
4257742262 IMP  5548856 86
4257906643 IMP   541537 2
4258008070 IMP  2042487 14
4258063966 IMP  2049478 13
4258069706 IMP   359007 0
4258147268 IMP  2187620 17
4258160597 IMP  2347256 22
4258274874 Intractable. 12654860 252
4258292350 Intractable. 12583069 375
4258928295 IMP  1974632 30
4258956005 IMP  2128980 9
4259384905 IMP  2441639 40
4259530260 IMP  1595739 9
4259603859 IMP  6029266 160
4259607856 IMP  2742478 22
4260151178 IMP  8771811 197
4260169133 IMP  1743910 19
4260448999 IMP  1006345 3
4260683443 IMP  7785718 125
4260787216 IMP  3035675 20
4261066792 Win   799697 2
4261292477 IMP  3304001 48
4261577168 IMP  7002619 194
4261646261 IMP  2748470 13
4261718128 IMP   992076 5
4262058698 IMP 10165825 302
4263084274 IMP  4709241 46
4263219666 IMP  2414795 29
4263224520 IMP  1080202 3
4263459640 IMP  3718648 22
4263494139 Intractable. 14407987 360
4263562117 IMP  1403295 15
4264174957 IMP  2107119 10
4264333366 IMP  2347315 17
4264352885 IMP  2332796 27
4264353981 IMP  4486923 50
4264564200 Intractable. 12847866 262
4264895436 IMP  3372156 33
4265082039 IMP  1003956 4
4265308826 IMP   403512 0
4265864645 IMP  1427940 9
4266018133 IMP  3315327 48
4266068792 IMP  1091257 6
4266393194 IMP  1023779 8
4266422424 Win  3665861 33
4266554314 IMP 10495243 309
4266555716 IMP  2623325 15
4266616786 IMP  1098804 6
4266688629 IMP   645548 3
4266783215 IMP  1055271 4
4266797098 IMP   657323 1
4266802466 IMP  1095235 5
4266892802 IMP  7044653 123
4267031087 Win  2033188 7
4267312174 Win   336889 1
4267455709 IMP   894802 3
4267567101 IMP   870498 2
4267817471 Intractable. 13699334 343
4267818191 IMP  1547143 5
4268055056 IMP  3358712 27
4268163427 IMP  3026563 27
4268446666 IMP  2675342 28
4268731484 IMP   710171 3
4268732748 IMP  1540942 9
4269163673 IMP   850701 2
4269199382 IMP   926761 3
4269313737 Intractable. 13242804 355
4269540587 IMP  4714872 42
4269877325 IMP  2451304 8
4269954154 IMP  3491174 43
4270088973 IMP  1391863 6
4270166350 IMP  2262025 8
4270192319 IMP  2262665 10
4270424267 IMP  4021447 83
4270496938 IMP  2830883 31
4270745858 IMP  2167000 18
4270975800 Win  3110056 16
4271135585 IMP  2655161 10
4271137661 IMP  4584790 35
4271245402 Intractable. 13799849 373
4271537201 IMP  4713488 50
4271582577 IMP  2120184 10
4271584028 IMP   726907 3
4271866080 IMP  1250089 8
4272311555 IMP  1066062 4
4272438487 IMP  9443689 166
4272567622 IMP  1128169 3
4272633650 Win  1016531 3
4272803487 Win  1889480 14
4272939976 IMP  3968458 55
4272952842 IMP  8843324 294
4273132979 IMP  1014975 4
4273168075 IMP  2416878 21
4273625668 IMP  1127422 4
4274682454 IMP  3211499 44
4274719607 IMP  2762505 17
4275122653 IMP  1007475 3
4275171726 IMP  6127893 75
4275257635 IMP 11554944 213
4275597027 IMP  1514571 5
4275608171 IMP  4917894 53
4276017129 IMP  9365250 274
4276318430 IMP   544751 1
4276345268 IMP  1811138 28
4276509979 IMP  9588880 245
4276682091 IMP  2034170 27
4276752166 IMP   662687 4
4277391031 IMP  2595581 13
4277702382 IMP  1077743 5
4277825200 IMP  4819728 55
4278036384 IMP  2307686 10
4278066598 IMP  2285916 18
4278131350 IMP  5840234 56
4278178719 IMP  1165163 5
4278180594 IMP   715249 2
4278339067 IMP   838112 3
4278593546 Intractable. 12633631 528
4278640406 Intractable. 12556245 318
4278783304 IMP  2409787 14
4278890801 IMP   435713 1
4278970467 IMP  7869477 107
4278989877 IMP   442064 2
4279027254 IMP 13044134 300
4279027782 Intractable. 13128759 496
4279323310 IMP  3375996 52
4279328715 Intractable. 12636262 415
4279424165 IMP  1975886 7
4279952307 IMP  1581941 5
4280378148 IMP  1039282 4
4280395323 IMP  6046698 72
4280454715 IMP  3744751 25
4280573382 IMP   228196 1
4280607458 IMP  1444943 7
4280751433 IMP  2948737 23
4280892414 IMP  4080086 27
4280964820 IMP  6264242 82
4280973028 IMP   287055 0
4281438431 IMP  1736091 7
4281538731 IMP    14627 0
4281836669 IMP  6066123 73
4282157146 IMP  4271201 52
4282206205 Win  2468211 11
4282259141 IMP   311657 0
4282320999 IMP  5622410 340
4282633002 Intractable. 14060823 533
4282715071 IMP  1398561 15
4283355666 Intractable. 10827751 380
4283465428 IMP  2995656 19
4283561828 IMP  1730359 8
4283622947 IMP  1315298 7
4283646290 IMP  3139563 40
4283727717 IMP  1582681 6
4283789626 IMP  2066465 14
4284023024 IMP   412961 0
4284466070 IMP  4942266 37
4284548019 IMP  1351434 3
4284551023 IMP  2974647 17
4284683040 IMP  3333244 14
4285341327 IMP   808533 2
4285807695 IMP 11560564 226
4286086913 IMP  2807950 18
4286123356 IMP   604482 2
4286168103 IMP  5175192 53
4286171996 IMP  6986599 173
4286347961 IMP   496846 1
4286555736 IMP   928420 2
4286696392 IMP  6711558 90
4286988178 Intractable. 13969799 275
4287125842 IMP  1942062 7
4287161364 IMP   883292 3
4287255134 Intractable. 12187139 400
4287334965 IMP  1939556 7
4287365568 IMP  4209637 39
4287419279 Intractable. 12889408 357
4287578553 Intractable. 12623269 580
4287733181 IMP  1208143 5
4287778224 IMP  2514199 43
4288059940 IMP 10964680 360
4288180727 IMP   634937 2
4288446679 IMP  1373136 4
4288526535 IMP   832474 5
4288777289 IMP  4148414 23
4288825318 IMP  8243984 126
4288886515 IMP  5279212 111
4288994462 Intractable. 12882769 566
4289121359 IMP  1682397 11
4289275414 IMP 13739749 574
4289372540 IMP   623383 2
4289428749 Intractable. 12860111 362
4289451061 IMP  1460282 14
4289533408 IMP   818196 4
4289917445 IMP  1098531 3
4289937309 IMP  4468713 51
4290192462 IMP  6265496 151
4290646896 IMP  1027896 2
4290675329 IMP  1324570 10
4290717597 IMP  4774705 84
4291530984 IMP  7345113 86
4292133211 IMP  2355946 30
4292232104 IMP  3079235 46
4292277410 IMP  3940205 34
4292457355 IMP  1749288 9
4292720768 Intractable. 12770634 455
4292792763 IMP  2897575 42
4292859357 IMP  4349705 20
4292930723 IMP  5419190 107
4292984936 IMP   649970 2
4293179956 IMP  9406518 275
4293577858 IMP  2017263 30
4293609953 IMP   283924 0
4293802934 Intractable. 14455840 470
4293855221 Intractable. 13239619 346
4294055730 IMP  5641864 85
4294300264 IMP  2541783 21
4294615482 IMP  1248426 4
4294661492 IMP  4194074 69
4294787094 IMP   694696 3
4294907936 IMP  4444313 27
4295083094 IMP  1427189 5
4295090183 IMP  1200503 6
4295377801 Intractable. 13124678 580
4295625055 IMP   274130 0
4295769184 IMP  6406979 56
4296175681 IMP    11354 0
4296286341 IMP  1539533 5
4296537940 IMP  2632763 18
4296665450 IMP   497665 1
4296688544 IMP  8164233 218
4296992463 IMP  2650283 20
4297118091 IMP  1663183 10
4297186467 IMP   894512 3
4297210088 IMP  5555120 83
4297825302 IMP  2034725 9
4297899135 IMP  8643471 323
4297952209 IMP  6426633 197
4297965794 IMP  1899525 14
4298082045 IMP   786874 2
4298087829 IMP  1913229 9
4298130694 IMP  2673921 24
4298640378 IMP  1510656 6
4298658603 IMP  1035852 3
4298750928 IMP  1074297 5
4298773816 IMP  4801347 64
4298978735 IMP  2114620 19
4299210873 IMP   526116 1
4299584539 IMP   384774 1
4300040192 IMP  3669964 34
4300145074 IMP  2705527 13
4300474904 IMP  5902722 47
4300507398 IMP  2224889 10
4300674912 IMP  4922858 43
4300838383 IMP  6941458 133
4300951008 Intractable. 11706163 270
4301077667 IMP  4209093 30
4301225891 IMP  5790817 235
4301271408 IMP  1619931 8
4301292967 IMP  8433723 214
4301329515 IMP   480438 1
4301406676 IMP  2605209 36
4301504136 IMP  5764367 88
4301613348 IMP  2014011 10
4301646981 IMP  4025728 47
4301803198 IMP  2447227 22
4302009882 IMP  1264472 3
4302158133 IMP  1587564 6
4302755487 IMP  4056517 46
4302819326 IMP 10117631 203
4303243011 IMP  2175879 10
4303473089 IMP  1863460 9
4303762396 IMP  2176244 13
4303772718 IMP  1856685 8
4304500988 Intractable. 11788334 433
4305019428 IMP  1741215 8
4305076874 Win   557755 1
4305270393 IMP  1092466 4
4305738048 IMP   766815 2
4305864122 IMP  4052198 28
4305950626 IMP  5164885 88
4306146216 IMP  1630904 6
4306161255 IMP  4161585 27
4306167906 IMP  3308390 44
4306402972 IMP  8315376 137
4306501550 IMP  6501432 145
4306576938 IMP   585848 1
4306896745 IMP  1040254 4
4306953225 IMP   855755 2
4307125888 IMP  9510703 193
4307391415 IMP 13923781 337
4307406623 Intractable.  9900336 367
4307545799 IMP  2403808 22
4307669525 IMP 12773483 322
4307822444 Intractable. 13386632 360
4307853898 IMP  7769708 152
4307909158 IMP  2319350 24
4308041130 IMP   813873 2
4308505868 IMP  3728378 22
4308520290 Win   794644 2
4309066261 IMP  2123846 8
4309162752 IMP   625955 2
4309201933 Win  7383842 165
4309594295 IMP   869434 2
4309649483 IMP  5284715 65
4309671667 IMP  4021981 30
4309766081 Intractable. 11887904 316
4309795545 IMP  5544014 72
4309931400 IMP  3192994 17
4310069064 IMP 10697957 249
4310165907 Intractable. 14488312 520
4310186368 IMP   400312 2
4310410793 IMP  3164355 24
4311033382 IMP  1494324 6
4311603217 IMP  6463787 149
4311641088 Win  3468645 20
4311783111 IMP  1388639 5
4311811264 IMP  1654837 8
4311856736 IMP  2118883 12
4312122935 IMP  1275010 6
4312419640 Intractable. 11946793 402
4312452478 IMP   895847 2
4312866961 IMP  2901087 24
4313316193 IMP  5440655 55
4313414958 IMP  1219425 7
4313560912 IMP  1997081 7
4313567527 IMP  3849991 39
4313703294 IMP  1988619 54
4313764614 IMP  2511119 19
4313817999 IMP 11732044 315
4313832063 IMP  1430597 11
4314050613 IMP 10350516 335
4314092034 IMP  4488524 108
4314411084 IMP  3252172 39
4314471501 IMP  5698511 117
4314653746 IMP  9379965 150
4315040895 Win   544579 1
4315148587 IMP  2691056 13
4315273798 IMP  9885104 242
4316030016 IMP  3011562 21
4316127431 IMP  6183766 104
4316134128 IMP  1574607 13
4316335032 IMP   547942 1
4316408330 IMP  4191519 25
4316420366 Intractable. 15659948 422
4316439364 IMP  1820332 10
4316502611 IMP  1394340 11
4316688944 IMP   622850 1
4316694954 IMP   880802 4
4316779271 IMP  2957751 22
4316835102 IMP  2196613 11
4316841104 IMP  4205820 38
4316985351 IMP   772105 1
4317037427 IMP  1197408 4
4317069974 IMP  5786393 67
4317861056 IMP   977608 2
4318315481 IMP  1191086 5
4318465499 IMP  3959347 57
4318787315 IMP  2659995 16
4318955822 IMP  4609714 53
4319049054 IMP  1459284 4
4319279451 IMP  3193800 23
4319361648 IMP  1966883 10
4319640077 IMP  2474037 23
4319765608 IMP  8264537 123
4320207712 IMP    10663 0
4320252523 IMP   960926 5
4320261019 IMP   876824 5
4320419575 IMP  1494253 7
4320626142 IMP  4937296 47
4320855071 IMP  7373397 99
4320863580 Intractable. 13589015 272
4320946945 IMP  1060283 3
4320986915 IMP   586008 1
4321030305 IMP  1293435 4
4321161897 IMP  4786819 45
4321288011 IMP   531307 2
4321383591 IMP  4524400 49
4321647920 Win  9695123 162
4322268636 IMP  7408745 224
4322427813 IMP  1414899 9
4322643297 IMP   769981 3
4322649992 IMP  1477704 6
4322708760 IMP  3838897 48
4322725117 Intractable. 12449872 341
4323005677 IMP  1871395 9
4323124018 IMP  3107200 16
4323276246 IMP   605989 1
4323429779 IMP  1055923 5
4323695922 IMP  1382754 6
4324159279 IMP  5475133 98
4324341480 IMP   978575 3
4324429442 IMP  1272512 6
4324761878 IMP 11573597 378
4324997663 IMP  7938940 172
4325031550 IMP  3376820 31
4325151749 IMP  1240763 4
4325162789 IMP 10438416 391
4325191259 IMP  8046493 123
4325385219 IMP  1124247 4
4325409303 IMP   663320 2
4325542178 Win  1623864 4
4325641477 Intractable. 12201677 290
4325758894 IMP  1147087 5
4325785926 IMP   842576 2
4326110963 IMP  2907790 22
4326742713 IMP  1280016 3
4327159633 IMP   880322 2
4327294067 IMP  1375526 4
4327350362 IMP   887187 2
4327599191 IMP  1024831 3
4327784534 IMP   268794 1
4327948165 IMP  2392360 67
4328084488 IMP  2983470 21
4328162441 IMP  8025545 132
4328214104 IMP  3734844 23
4328431506 IMP  4222223 39
4328486113 IMP  1091136 2
4328696074 IMP  4559131 45
4328888497 IMP  1046953 3
4328981925 IMP  2102227 10
4329308975 Intractable. 13803823 303
4329512182 IMP   661818 2
4329663830 IMP   578188 1
4329851031 IMP   752297 2
4329898112 IMP  1098517 5
4329901004 IMP  2290980 16
4330180020 Win  8377030 113
4330247920 IMP  8148538 107
4330390362 IMP  2673229 21
4330402471 IMP  4355317 20
4330864824 IMP  1792957 16
4331010860 IMP  2423812 10
4331132624 Win  2458970 13
4331218155 IMP  4909509 49
4331367578 IMP  2473242 12
4331382224 IMP  1157964 9
4331415563 IMP   291033 0
4331474783 IMP  3766933 69
4331576816 Intractable. 11615676 385
4331608153 IMP  2650109 23
4331719914 IMP   745251 1
4331811543 IMP  5003675 49
4332070640 IMP   958398 5
4332090701 IMP  4620040 75
4332309206 Win   799828 1
4332478994 IMP  2101146 11
4332497834 IMP  4682260 52
4332885297 IMP 12034443 400
4332982930 IMP   717670 2
4333189679 IMP  1617568 12
4333274457 Intractable. 14021762 295
4333342720 IMP  1937861 9
4333358827 IMP  3074830 11
4333383714 IMP  1764468 6
4333392704 IMP  1389164 4
4333451340 IMP  2403088 22
4333719938 Win  1716288 4
4334116237 IMP  1371020 5
4334290280 IMP  9170768 283
4334347399 Intractable. 12203807 330
4334406365 IMP   589509 1
4334703665 IMP  6221945 77
4334889743 IMP  1731915 7
4335045005 IMP  1811492 10
4335126220 IMP  3214114 20
4335161480 IMP  5113151 81
4335274037 IMP   855370 3
4335398705 IMP   560252 1
4335739815 IMP  1268783 4
4335763988 IMP    94036 0
4335857152 IMP   436727 1
4336105724 IMP   442073 0
4336244974 IMP    56792 0
4336328587 IMP  3802026 137
4336356930 IMP   447150 1
4336479244 IMP  1467946 4
4336620938 IMP  5207651 79
4336657965 IMP  2513124 14
4336729891 IMP  5395868 46
4336746817 IMP  2682911 15
4336753160 IMP  1808958 9
4337268376 Win  8662212 108
4337285310 IMP  1988570 8
4337814292 IMP   457068 1
4338124113 IMP  4243842 53
4338170126 IMP  2455283 14
4338327558 IMP   974434 5
4338338179 IMP  1726661 26
4338373798 IMP   713988 2
4338462767 IMP   879580 3
4338493950 IMP  9457237 282
4338668755 Win  2781724 36
4338728750 IMP   851385 2
4338782638 IMP  6482843 138
4338906006 Intractable. 10100209 265
4339275195 IMP   865714 2
4339345208 IMP  1425399 7
4339349559 IMP   462570 1
4339431971 IMP  1485338 8
4339488968 IMP  5578685 113
4339778357 IMP   958159 2
4339802581 IMP  1870442 8
4340126425 IMP  4476372 56
4340317595 IMP  1368284 5
4340381514 IMP  2964133 28
4340625549 IMP  5497308 114
4340752764 IMP  2938659 26
4340798622 IMP  3166826 26
4340997522 IMP    14456 0
4341118661 IMP   455493 1
4341192604 IMP  5718994 142
4341406683 IMP  5085760 50
4342089034 IMP  4811458 90
4342214839 IMP   872395 2
4342388392 Win  6098839 41
4342561956 IMP  5150178 131
4342632058 Intractable. 14012741 318
4343297706 IMP  4630482 46
4343657479 IMP  4762936 82
4343683478 IMP  6922170 152
4344182313 IMP  1673743 14
4344246585 IMP  1685554 7
4344395455 IMP  4459441 95
4344495619 IMP 12127352 225
4344541991 IMP  1180432 6
4344593288 Win  1151302 3
4344625204 Intractable. 13022745 280
4344839650 IMP  2142204 11
4344890738 IMP  3867737 136
4344942161 Intractable. 11721247 437
4345049066 Win  4329969 28
4345196646 IMP   981487 14
4345620088 IMP   854672 2
4345884494 IMP  2567588 10
4346066069 IMP  1899762 26
4346147022 IMP  4933371 64
4346614274 IMP   123227 0
4346791961 IMP  2748857 14
4346843637 IMP  5338921 153
4347109747 IMP  5672296 89
4347214499 IMP   883758 3
4347314340 IMP   833851 2
4347329177 IMP   874212 2
4347397119 IMP  8131832 90
4347602035 IMP  1244896 5
4347693037 IMP  1736584 10
4347697582 IMP  1950132 15
4347703640 Intractable. 13382584 311
4348031540 IMP  1324480 5
4348085705 IMP   415461 1
4348481661 IMP  7366631 104
4348518035 IMP  1224730 4
4348531597 IMP  1274567 8
4348639534 IMP  1336073 4
4348979102 IMP  4124810 22
4349146140 IMP   533974 1
4349201345 IMP  1043879 4
4349204503 IMP  5073171 47
4349428857 IMP   399562 1
4349609659 IMP  2435762 12
4349881837 IMP  1664022 11
4349933940 IMP   488311 1
4349947731 IMP  1569062 10
4349996276 IMP  1406192 5
4350083239 IMP  2674848 15
4350160476 IMP  2395191 30
4350161099 IMP  4272204 56
4350592654 IMP   925809 4
4350730459 IMP  1214773 6
4350828905 IMP  1675091 12
4350832633 IMP  1667180 4
4350911582 IMP  1125621 5
4350920210 IMP  1457273 7
4351021947 IMP   738284 3
4351128272 IMP  5342762 66
4351405182 IMP   502249 2
4351641723 IMP  1644255 12
4351939040 IMP  5308630 50
4352749794 IMP  1062035 6
4352939621 IMP  2516826 18
4352982481 IMP   972230 2
4353027696 IMP  3390083 31
4353180724 IMP  1901000 19
4353210373 IMP   985031 4
4353230980 IMP  2372998 14
4353506430 IMP  1263669 4
4353698754 IMP  1124072 3
4353838208 IMP  2836202 17
4353843055 IMP  2709814 12
4353984628 IMP  2146926 14
4354067587 IMP   440760 0
4354165660 IMP  3057439 31
4354366526 IMP  3467592 16
4354598255 Intractable. 14121346 338
4354818876 IMP  4159926 49
4355151056 IMP   747762 2
4355265069 Intractable. 13119967 336
4355317093 Win  4329361 37
4355395352 IMP  1017733 3
4355653994 IMP  2167718 12
4355704985 IMP  4413133 53
4356162469 IMP  3327598 133
4356221503 IMP   842935 2
4356280752 IMP  8306801 198
4356405582 IMP  7613122 106
4356468849 IMP   682057 2
4356651595 Win  2393279 10
4356768490 IMP  1951109 7
4356847186 IMP  1822231 6
4357008024 IMP  6959433 92
4357073685 IMP 11773424 529
4357225087 IMP 13049515 264
4357258096 IMP  2946457 23
4357267097 IMP  1258106 5
4357302166 Intractable. 11914501 259
4357323570 IMP  3400692 34
4357484735 IMP  9077963 167
4357566161 IMP  2051653 28
4357632764 Intractable. 13835243 571
4357657173 IMP  4508026 50
4358006936 IMP  2445849 38
4358230370 Win   381146 0
4358390602 IMP  1706855 7
4358427257 IMP   298934 0
4358950130 IMP  1800885 8
4358996679 IMP   703687 1
4359186224 IMP  5634882 54
4359545283 Win 12871183 246
4359570033 IMP 10182269 457
4359584737 IMP  2226680 11
4359883013 IMP  3208111 25
4359932492 IMP   400974 1
4360042080 IMP  1916836 14
4360348534 IMP   814186 3
4360468869 IMP   795487 1
4360475915 IMP  2421579 8
4360497008 IMP   662040 1
4360692804 IMP   820905 2
4361214803 IMP  8933177 159
4361269180 Intractable. 13246465 650
4361965147 IMP  2493043 18
4362000238 IMP  2965959 27
4362063816 IMP   751056 2
4362309517 IMP  3061591 16
4362347718 IMP  5033372 40
4362504499 IMP  5662578 193
4362520454 IMP  6933547 144
4362757126 IMP  1049510 6
4362944871 IMP  8834289 214
4363681554 IMP 11416398 292
4363957467 IMP 10943339 206
4364238184 IMP  8881608 157
4364423493 IMP  1725598 8
4364581486 IMP  5886397 218
4364673036 IMP  4661557 66
4364771260 Intractable. 12075476 380
4364872631 IMP  4401594 72
4364970330 IMP  4335617 61
4365169102 IMP  5487620 61
4365327354 IMP  2759084 18
4365577228 IMP  6853341 154
4365669724 IMP  2984595 16
4365690147 IMP  4688674 103
4365772327 IMP  2486117 14
4365782503 IMP   793878 3
4365960858 IMP   377029 0
4366033573 IMP  2782018 20
4366098270 IMP   243310 1
4366174811 IMP  8418359 443
4366451647 IMP  2229022 29
4366819782 IMP  3575471 40
4366998753 IMP   851257 4
4367046818 Intractable. 14585511 380
4367289824 IMP   753945 1
4367331357 IMP  7679284 213
4367397256 IMP  2621921 11
4367407345 IMP  1602930 12
4367731092 IMP  1392041 6
4368137460 IMP  3248190 76
4368146928 IMP  8189518 113
4368517192 IMP  1141531 5
4368522743 IMP   175115 0
4368565020 Win  2358458 10
4368713433 Win  3421642 40
4368824465 IMP  9000386 175
4368832731 IMP  2452677 11
4369009518 IMP  2879238 12
4369169740 IMP  2813024 13
4369357651 IMP  1303576 4
4369834501 IMP  1859739 8
4370169959 IMP  5002419 41
4370404694 IMP  8385911 148
4370505904 Intractable. 13080880 410
4370539546 IMP   871737 4
4370558186 IMP   814467 3
4370617169 IMP   512809 1
4370712904 IMP  6704916 100
4370919119 Win  5498394 68
4370939077 IMP  9815347 157
4371208909 IMP  1451407 12
4371843885 IMP   533366 1
4372011130 IMP  8123892 212
4372038154 IMP  3898034 41
4372306343 IMP  3568598 36
4372579718 Win  1472480 5
4372608919 IMP  4644452 52
4372657926 IMP  4313878 34
4372670468 IMP  4123478 49
4372688875 IMP   923460 3
4372689554 IMP   432195 2
4373036971 Win   809804 2
4373125797 IMP  1320438 10
4373721513 Intractable. 12780509 344
4373753709 IMP  8246917 161
4373780668 IMP   985401 3
4373793555 IMP  3725034 27
4373808368 IMP  1289603 5
4373840474 IMP  1409210 5
4373861380 IMP  1516640 8
4373979637 IMP  3698908 34
4374239704 IMP  1021834 4
4374562992 IMP   744372 2
4374622886 IMP 10007454 262
4375279373 IMP  1404187 6
4375285874 Intractable. 14380152 309
4375533249 IMP   294876 0
4375644567 IMP  5001643 108
4375658545 IMP   320105 1
4375895144 IMP  2218940 15
4376055792 IMP  3989612 81
4376122474 IMP  1351190 6
4376136436 IMP  2143763 20
4376553601 Win   498546 0
4376916589 IMP  3208365 21
4377198211 IMP  3438116 56
4377369489 IMP  4900149 37
4377969351 Intractable. 13149632 380
4378646094 IMP  5469177 68
4378921718 IMP  2318657 17
4378996230 Intractable. 13127275 339
4379069978 IMP   702942 2
4379094408 IMP  7324064 95
4379119716 IMP   686980 1
4379213123 IMP  2769172 23
4379296416 IMP  2360133 17
4379350064 IMP  3810432 26
4379497292 IMP  6054451 105
4379713592 IMP   755200 1
4379827818 Intractable. 11049074 291
4380064812 IMP  3249117 32
4380183395 Intractable. 15374455 497
4380515094 IMP  4183943 42
4380542814 IMP   407210 1
4380652803 IMP  6304605 63
4380760081 IMP  1484894 26
4380845455 IMP  3778279 35
4380985880 IMP  3286049 19
4381004776 IMP  4964944 81
4381086665 IMP  3136584 22
4381138311 IMP  5669930 86
4381140890 IMP  9894256 242
4381163665 IMP  1658362 8
4381209905 IMP  4231613 30
4381375885 IMP  2630502 25
4381520124 IMP  4318231 123
4381846564 IMP  6424591 136
4382178508 IMP  4994496 82
4382293327 IMP 10614468 295
4382361359 IMP  2130788 13
4382602680 IMP   892987 2
4382860965 IMP  3754982 30
4382973467 IMP   435696 0
4383448032 Win  9458898 296
4383678479 IMP  4411971 205
4383739329 IMP   994180 3
4384029062 IMP  5534581 48
4384079032 IMP  1405893 11
4384226482 IMP   750838 2
4384355335 IMP  8145433 111
4384478952 IMP   844218 2
4384487317 IMP  4410472 56
4384489226 IMP 13267101 453
4384525921 IMP  2183229 10
4384651007 IMP  2215054 11
4384857086 IMP  6506802 81
4384878833 IMP  1576450 5
4385110483 IMP  2010090 12
4385175842 Win  1193856 3
4385210499 IMP  1957026 10
4385308738 IMP  1152655 3
4385404575 IMP  6753900 216
4385553286 IMP  8769351 265
4385567406 IMP  1725013 8
4385644364 IMP  1843312 15
4385679729 IMP   988224 7
4385894562 IMP  3768548 45
4385962724 IMP  1087162 2
4386119494 IMP  9413629 180
4386477166 IMP   886052 2
4386515758 IMP  2778786 30
4387241646 IMP   867146 2
4387252296 IMP  4619434 43
4387519600 IMP  8815573 243
4387680012 IMP  8018880 115
4387696620 Win  3385262 33
4387865417 IMP   616536 1
4388110756 IMP  4535742 48
4388191445 IMP   655933 2
4388406383 IMP  2193521 12
4388574731 IMP   744466 2
4388771470 IMP  6509677 125
4388956402 IMP  3637621 51
4389231109 IMP  1340335 4
4389349156 IMP  4856572 39
4389409176 IMP   566276 2
4389455193 IMP   484452 0
4389497014 Win  1804646 6
4389985066 IMP   429000 1
4390263794 IMP  6213943 79
4390785189 IMP   805854 4
4390793445 IMP  5048013 88
4390853825 Intractable. 12321624 519
4391261019 IMP   383251 0
4391324345 IMP  5047976 63
4391415658 Intractable. 13181388 650
4391673131 IMP  4332680 37
4391683946 Intractable. 12512276 386
4391689605 IMP   477325 1
4391897175 Win  4985733 60
4391946513 Intractable. 14406687 485
4392005874 IMP  1308710 5
4392055718 Win  6424164 80
4392118002 IMP   988985 3
4392256944 IMP   731112 2
4392464939 IMP  2379239 11
4392511360 IMP  2548836 12
4392513812 IMP  8007823 182
4392539176 IMP   525123 1
4392769268 IMP   687900 2
4392986424 IMP  8017259 139
4393212836 IMP  1149596 3
4393479321 IMP   572021 1
4393531104 IMP  2060152 14
4393791530 IMP  1009862 3
4394217080 IMP  1136615 5
4394822986 Intractable. 12911390 399
4394971027 IMP  2006012 10
4395362347 IMP  1835783 17
4395475834 IMP  4426528 38
4395842468 IMP   296476 0
4396068960 IMP  8267491 240
4396247483 IMP  2519212 23
4396409110 IMP   570438 1
4396411075 IMP   651029 2
4396421035 IMP  9491646 157
4396440215 IMP  5170526 63
4396608595 IMP  3397798 56
4396627603 Intractable. 11323948 305
4396957037 IMP   723481 1
4397076473 IMP   700135 2
4397148142 IMP  2491194 11
4397165989 IMP  2305718 30
4397699689 Win   974753 2
4398176548 IMP  4699252 50
4398251448 IMP  2433433 42
4398404911 IMP  2259279 12
4398808694 IMP  6174351 83
4399476658 IMP   591392 2
4399583489 IMP  1683122 9
4400156086 Intractable. 14689422 440
4400864519 IMP  1966938 10
4401090227 Intractable. 13598163 378
4401229154 IMP  8797359 320
4401328856 IMP   664412 1
4401408090 IMP  2997712 19
4401435232 IMP  4149561 42
4401456109 Intractable. 11147780 274
4401479749 IMP  4956332 176
4401574983 IMP  5028858 56
4401898729 IMP  3888038 100
4401970509 IMP  1266778 6
4402515801 Intractable. 13547230 302
4402620165 IMP  1034588 4
4402648030 IMP  5137008 74
4402776260 IMP  3517986 32
4402882790 IMP  7887325 281
4402986056 IMP  8187072 166
4403022769 Intractable. 11419702 382
4403339306 IMP  2815697 23
4403346753 IMP  1470327 6
4403649855 IMP  2795889 45
4403705571 IMP   905380 2
4404120738 IMP  1046611 8
4404616038 IMP  2239946 18
4404865202 IMP  5308007 57
4404908518 Win 13430160 336
4405065754 IMP  5412219 69
4405485263 IMP  9452473 764
4406221606 Intractable. 12852480 358
4406239515 Intractable. 14015767 368
4406424765 IMP  1232112 17
4406664311 IMP  1065963 2
4406745715 Win  2559433 13
4406755950 IMP  3053036 28
4407161279 IMP  5662043 90
4407445720 IMP   920861 5
4407481291 IMP  2859172 20
4407571048 IMP  2977387 11
4407629786 IMP  3258153 27
4408061271 IMP  4360652 46
4408076292 IMP  4927991 54
4408127270 IMP  1184141 5
4408242041 IMP  2662226 44
4408242917 IMP  9671847 390
4408313733 IMP   862492 2
4408365227 IMP  2357534 17
4408526786 IMP  1570377 5
4408636121 IMP  1581501 6
4408766496 Win  4740443 42
4408983076 IMP  4936955 125
4409179583 IMP  1212312 3
4409509406 IMP  3630761 56
4409579157 IMP 13127245 272
4409598217 IMP  1664761 6
4409818353 IMP  4371477 54
4410432704 IMP  3839340 38
4410582380 IMP  1119634 6
4410592129 IMP  1313450 4
4410603796 IMP  3275638 23
4411061595 IMP  4248864 35
4411226901 IMP  7716289 130
4411280976 IMP  1413123 5
4411380371 IMP  2450800 15
4411446869 IMP  1950889 13
4411470860 IMP  8710073 204
4411488643 IMP  2723558 20
4411579992 Intractable. 15352200 373
4412033053 IMP  5524758 103
4412080977 IMP 10440243 245
4412210437 IMP  2090153 12
4412328134 IMP  7053986 157
4412372175 IMP  2569670 16
4412422339 IMP  7558117 204
4412859691 IMP  9830519 171
4412971880 IMP  2352616 8
4413022545 Intractable. 13075004 598
4413055686 IMP  2256940 19
4413465794 IMP  4892999 43
4413614066 IMP   571515 1
4413741385 IMP  7445564 295
4413910902 IMP  8888638 190
4413990832 Win   622767 1
4415202309 IMP  1689472 10
4415462587 IMP  2389439 15
4415497216 IMP  2460234 11
4415682287 IMP   728870 1
4415728930 IMP  1041617 4
4415802255 IMP 10867976 206
4415850450 IMP  1495480 4
4415870048 Win  6387941 76
4416171521 Intractable. 13785734 509
4416187538 Win  9624193 145
4416284679 IMP  6760764 78
4416369707 IMP  1421905 7
4416400472 IMP   943800 2
4416500124 Win  5397641 67
4416647239 Intractable. 11356834 305
4416668677 Intractable. 11890621 355
4416696580 IMP  2415404 11
4416734816 Intractable. 11851663 1000
4416822382 IMP  1144085 5
4417015112 IMP  4135110 25
4417155789 IMP 10817266 391
4417164580 IMP   432077 1
4417506174 Intractable. 11388267 710
4417941445 IMP  1219899 4
4417968081 IMP  2317227 18
4418025365 IMP  2156944 21
4418246184 IMP  3375541 33
4418317339 IMP  1167344 4
4418504118 IMP  4646640 50
4418605466 IMP  2733009 26
4418608398 IMP 11662077 259
4418925457 Win  2319105 11
4418968260 Win  7865938 141
4419102198 IMP  5782196 199
4419153911 IMP  1190618 3
4419197792 IMP  8052578 94
4419227814 Intractable. 13484601 403
4419423813 IMP  3214095 21
4419467918 IMP  7338158 94
4419657967 Intractable. 12457482 442
4419723610 IMP  2909123 21
4419902669 IMP  1121907 13
4419975753 IMP  4061802 51
4420703229 IMP   258136 0
4420822330 IMP  6243370 83
4421101165 Intractable. 14476557 350
4421294805 Win  4642781 42
4421411552 IMP  6388176 95
4421953690 IMP 10669703 166
4422103766 IMP  2971992 21
4422226360 IMP   787696 3
4422455770 Intractable. 11683842 322
4422458630 IMP  6111666 99
4422593019 Intractable. 13962120 445
4422623240 IMP   997928 3
4422724460 IMP 12788256 476
4422852320 IMP  2623334 13
4422992388 IMP  7781293 152
4423466618 IMP   588535 2
4423565406 IMP   989320 4
4423858576 IMP   329862 1
4423908230 IMP  5538877 61
4423934727 IMP  7383394 73
4424025156 IMP   868050 1
4424077873 Intractable. 12796593 285
4424419198 IMP  9226298 433
4424984535 IMP   889574 3
4424992782 IMP  7061705 85
4425622752 IMP  2180731 19
4425835410 IMP  1347596 5
4425921473 IMP  1079248 9
4426006051 IMP  2225739 10
4426247927 IMP   388359 1
4426727735 IMP   863080 2
4426790285 IMP   568423 4
4426806686 IMP  5351163 136
4427196851 IMP  4268670 69
4427763767 IMP   266602 0
4427849876 IMP  3575822 20
4427993839 IMP  4948521 38
4428426798 IMP   456192 2
4428984980 IMP  2621097 18
4429161716 IMP  3385796 25
4429271563 IMP  2616379 16
4429607642 IMP  3176038 46
4429914285 Intractable. 12151474 351
4430424821 IMP  2308753 10
4430912394 IMP  1642880 9
4430930904 IMP  2762872 51
4430960732 IMP   757824 1
4431143167 Intractable. 13516818 369
4431397358 Intractable. 14659099 392
4431544787 IMP  4481678 87
4431720664 IMP  2403697 11
4431731879 IMP  1803567 7
4432229643 IMP  5760156 71
4432264245 IMP  9906583 168
4432328067 IMP   551196 1
4432394845 IMP  2530175 17
4432511567 IMP   645865 1
4432611355 IMP  1343316 11
4432734765 IMP   188499 0
4432835663 IMP   267761 1
4432969576 IMP 10094932 201
4433168544 IMP  2676115 28
4433441198 IMP  1604759 11
4433520379 IMP  8331711 174
4433665382 IMP 10944651 261
4433926956 IMP   971722 3
4434112367 IMP   799146 2
4434146729 IMP  6480870 199
4434158890 IMP  1185447 6
4434202161 IMP  4677989 88
4434235885 IMP  1564526 7
4434255360 IMP  1329368 5
4434262731 IMP  1605012 6
4434685351 IMP  9111444 149
4434695704 IMP  6019397 86
4434779343 IMP  1372482 3
4434849398 IMP  8655962 203
4434874497 IMP 10332325 238
4434896330 IMP   914042 3
4435428789 IMP  7516489 91
4435636809 IMP  4140003 58
4435872145 IMP  1591791 3
4436441166 IMP   210057 1
4436566117 IMP  6812826 193
4436610664 IMP  2416694 46
4436639036 IMP   866335 2
4436648533 Intractable. 14231350 496
4436789276 IMP 10638374 281
4437230824 IMP   163960 1
4437724139 IMP  5637802 134
4437790363 IMP   460992 2
4437807007 IMP  1455989 6
4438072843 IMP  2076038 22
4438406152 IMP  3196228 26
4438418937 IMP  6903162 103
4439220151 IMP  1997635 8
4439521153 IMP  7954228 116
4439608350 Win   216148 1
4439816295 IMP  9644586 192
4440037159 IMP  4709804 93
4440058986 Win  1922055 8
4440151697 IMP  1416997 11
4440232974 IMP  1894249 17
4440618275 IMP  1627231 5
4440727522 IMP   699152 3
4440759281 Intractable. 13834469 328
4440822201 IMP  2148232 13
4441080757 IMP  2519006 30
4441109755 IMP  1767760 13
4441199946 IMP  4456491 47
4441830800 IMP 10588930 666
4441937843 IMP  1656946 6
4441997336 IMP  1215555 4
4441999514 IMP  3736252 47
4442486902 IMP  1796160 9
4442727631 IMP  1180703 4
4442829349 IMP  7027657 80
4443155087 Intractable. 13128781 339
4443325395 IMP  2701627 19
4443944728 IMP  2561442 16
4444159923 IMP   369544 1
4444305188 IMP 11563199 444
4445638032 IMP   680082 1
4445755566 IMP  2152928 20
4446139962 IMP  1409938 7
4446202919 IMP  2376841 32
4447026245 IMP  2751818 12
4447055676 IMP  1478729 5
4447154497 IMP  2229687 18
4447178392 IMP  8426129 724
4447340492 IMP  2176684 8
4447629526 IMP 10520177 200
4447750011 IMP   800857 2
4447758446 IMP  3696980 20
4448001644 IMP  2707476 43
4448203380 IMP  4749285 90
4448227060 Win   756215 1
4448364919 IMP 13326525 366
4448431428 IMP  1813242 6
4448519945 IMP  5731554 46
4448715269 IMP  4518773 40
4449289013 IMP  2789482 15
4449320548 IMP  1841946 5
4449340965 Win  1861596 8
4449403233 IMP  3780278 31
4449502777 IMP  4448136 58
4449675485 IMP  3722889 26
4449702216 Intractable. 14890025 620
4449824413 IMP  6087726 125
4449873676 Intractable. 14824421 302
4450059941 Intractable. 14354920 314
4450297822 Intractable. 12574766 560
4450737421 IMP   676992 5
4450834462 IMP  2228609 15
4451112824 IMP  1058320 6
4451489928 IMP   245065 0
4451975936 IMP  3191863 21
4451986308 Intractable. 11827646 389
4452210322 Intractable. 12313882 889
4452422652 IMP 11692461 361
4452437327 Intractable. 14806960 798
4452711569 IMP  5092628 49
4452811776 IMP  1384304 5
4452852785 IMP  1046020 7
4453034180 Intractable. 13615381 384
4453091061 IMP  7079929 208
4453158384 IMP  7622501 80
4453856119 IMP  3835397 25
4454009569 Win  2153674 12
4454259107 IMP  3312033 35
4454512633 IMP   276786 0
4454606789 IMP  5191548 63
4454712214 IMP  1238530 9
4454720234 IMP  3005279 45
4454936150 IMP  1201124 3
4455169513 IMP  3602226 55
4455376511 Intractable. 12690688 265
4455577804 IMP   324379 0
4455916582 IMP  1247770 11
4456430878 IMP  5170675 54
4456566949 IMP  3501429 30
4456835428 IMP   556323 1
4456884641 Win  3702864 23
4456935271 IMP  4063799 48
4457031559 IMP   966710 5
4457354130 IMP  1246617 3
4457417051 IMP  3933743 35
4457581175 IMP  7349628 63
4457938096 IMP   633547 2
4458065455 IMP  5711188 81
4458125898 IMP  3087013 21
4458374999 IMP   740053 2
4458768044 IMP  1426823 9
4458824537 IMP  1682045 13
4459056244 IMP  1079316 3
4459445334 IMP  3331289 68
4459831511 Win  8451003 142
4460165145 IMP  3341365 22
4460214777 Intractable. 14464998 294
4460320997 IMP  2460466 12
4460460188 Win 11758969 202
4460611868 Win  6823718 99
4460614699 IMP  8185428 133
4460804138 IMP  5510714 52
4460863808 IMP 12398947 316
4460907390 Win  3951937 43
4460920730 IMP  5729290 60
4461267387 IMP   639812 1
4461394184 IMP  6134659 84
4461806443 IMP  2306830 39
4462062202 IMP  4134523 43
4462370285 IMP  2851452 14
4462551810 IMP  2914985 16
4462577035 IMP  2842830 39
4462593807 IMP  3327172 51
4462605870 IMP  1427359 3
4462698615 IMP  9386054 558
4462724275 Intractable. 11862383 294
4462797683 IMP  3470816 22
4462859801 IMP  4837087 113
4462873876 IMP  1666578 5
4463318052 IMP  4616730 58
4463467973 IMP   752571 3
4463502930 IMP  1412193 5
4463551615 IMP  1486261 6
4463593715 IMP  9466380 243
4463689376 IMP  1493121 6
4464157849 Win  1516898 3
4464390705 IMP  7304805 65
4464517038 Intractable. 11012612 466
4464748815 Intractable. 13501932 273
4464791537 Win 10711545 195
4464826929 IMP  3627265 22
4464949147 IMP 10999049 554
4465180430 IMP  1422769 4
4465379465 IMP  4212570 43
4465423514 IMP  3552383 23
4465530574 Win  4577238 48
4465551265 IMP   425892 1
4465629836 IMP  7078346 102
4465706016 IMP  1863609 7
4465707260 IMP  2163627 12
4465723629 IMP 10244103 153
4465779950 Intractable. 13960299 600
4465805092 IMP  3826941 40
4465877692 IMP  2057675 9
4466193168 Win  1143449 3
4466201602 IMP  1494805 5
4466239986 IMP  2040631 12
4466379974 IMP  1923824 7
4466670470 IMP  2996310 16
4466886927 IMP   332369 1
4467059141 IMP  5147482 97
4467073809 Intractable. 12171364 445
4467234406 IMP   759967 3
4467307523 IMP  1303187 5
4467317412 IMP  2783899 15
4467524417 IMP  1324237 5
4467615019 IMP  1053960 6
4467750954 IMP  5920631 81
4467801260 IMP  1553791 10
4467816227 IMP  7845457 126
4467851487 IMP   572175 1
4468009270 Win  2319044 10
4468439870 IMP  2446966 16
4468476425 IMP 10213710 174
4468532705 IMP  3197824 26
4468621083 IMP  6376952 67
4468780262 IMP  3809788 24
4469703960 Win  4449452 33
4469716206 IMP  2424015 20
4470051397 IMP  1170099 7
4470141667 IMP  1720616 5
4470796264 Win  7059534 84
4471089667 IMP  3530989 42
4471152902 IMP  1808657 6
4471896311 Intractable. 11398909 323
4471908404 Win  7265974 62
4472171125 IMP  6298393 159
4472233832 Intractable. 13773600 391
4472607768 Win    82256 0
4472964891 Intractable. 12506914 300
4473482880 IMP  2046850 7
4473577023 IMP  1739991 9
4473728940 IMP  2301387 12
4473732016 Win  3670034 107
4473751160 IMP  2651876 38
4473816414 IMP   736763 5
4474286742 IMP   263824 0
4474363838 Intractable. 13551072 487
4474452092 IMP    57964 0
4474454679 IMP  7558698 131
4474458623 IMP  5452543 80
4474522739 IMP  1552940 5
4474697526 IMP  3510070 39
4474974576 IMP 12214433 309
4474986262 IMP   958087 2
4475295885 IMP  6008608 228
4475373765 IMP  3542561 56
4475627734 IMP  5650095 143
4475743050 IMP  3454343 28
4475961309 IMP  4199243 32
4475964740 IMP  4066450 54
4476001810 IMP  1048009 4
4476083568 IMP   355250 0
4476110787 IMP   915950 2
4476125116 IMP   784593 3
4476188570 IMP  4266347 29
4476513620 Intractable. 12052973 376
4476567198 IMP   445066 2
4476746689 Win  2607852 11
4476828165 IMP  2759318 17
4476834133 IMP  2331486 11
4476957906 IMP  4483388 40
4476976091 Win   472492 1
4476992489 IMP  2067027 10
4477089488 IMP   808391 2
4477201685 IMP  6569589 83
4477228651 Intractable. 15074887 371
4477701803 IMP  2339841 11
4477907065 IMP  3020474 23
4477917962 IMP   696221 2
4477945069 IMP  8767595 290
4477951515 IMP  1958898 7
4478104266 IMP  2849817 12
4478268693 IMP  4392169 35
4478308747 IMP   962426 2
4479081788 IMP  2879176 16
4479292726 IMP  1583232 9
4479484778 IMP   372152 2
4479841257 IMP  1372924 8
4480034907 IMP  1926234 12
4480040585 IMP   657227 2
4480114373 IMP  1071324 3
4480115086 IMP   507564 1
4480391056 IMP  1856387 6
4480439558 IMP  3951168 68
4480488547 IMP  2251123 8
4480796710 Win  9568774 208
4480856918 Intractable. 13037852 294
4480901246 IMP  7381147 96
4481407586 IMP  1824335 9
4481700306 IMP  1781248 10
4481711015 IMP  1055686 7
4481751352 IMP  1549332 11
4481924638 IMP  3015579 15
4481928341 IMP  1701748 7
4481935900 IMP  3010515 30
4482115526 IMP  5864234 88
4482439302 IMP  8655939 142
4482475969 IMP   787961 5
4482830270 IMP  6146176 83
4483639683 IMP  4922703 55
4483870787 IMP  2733204 29
4484069592 IMP 13922482 525
4484317071 IMP  1022504 3
4484488234 IMP   647341 2
4484794587 IMP  8237958 227
4484825962 IMP  4800826 85
4484958126 IMP  5798918 183
4485226809 Win  5620565 56
4485321789 Win  2783533 19
4485564478 IMP  2497206 17
4485613986 IMP  1080343 5
4485707183 IMP  6505617 94
4485958291 IMP  5423385 51
4485975237 IMP   538734 2
4486185624 IMP  1477318 6
4486217687 IMP  7066441 74
4486263693 IMP  3442328 32
4486513757 IMP  1845429 14
4486638025 IMP 11027775 319
4486908650 IMP  2404309 13
4487735610 Win   209292 0
4487773470 IMP  1845726 13
4488133619 IMP  1369759 3
4488213013 IMP  1632579 12
4488750926 IMP  1544869 4
4488773506 Intractable. 13455912 419
4488880588 IMP  3213285 55
4488906429 IMP  2498229 12
4490264458 IMP  4495193 35
4490450522 IMP 10739303 220
4490589032 IMP  9168615 228
4490793632 IMP 11969287 265
4491659331 IMP  3931097 21
4491757072 IMP  1520877 7
4491868130 IMP  2137979 12
4491896805 IMP  2458982 32
4492116773 IMP  5335462 45
4492306574 IMP  4486650 45
4492562700 IMP  3390602 37
4492604106 IMP  6704582 143
4492618691 Win   976945 3
4492884209 IMP  2667023 11
4492976734 IMP  9640310 171
4493690106 IMP  4417676 33
4493829448 IMP  1670616 6
4493974801 IMP  2103011 18
4494238046 IMP  1440878 8
4494440851 IMP   659296 2
4494685108 IMP   791723 2
4494728443 IMP  1186187 7
4494783061 IMP  1609405 15
4495018576 IMP  3264606 27
4495360468 IMP  2041085 97
4495866827 IMP  3439352 46
4495903375 IMP  2614684 16
4495958608 IMP  3634481 27
4496056571 IMP  1149162 8
4496184952 IMP  5314555 58
4496218083 IMP  1269998 8
4496386752 IMP   399477 1
4496785168 IMP  4324577 51
4496996805 IMP 10638078 218
4497187184 Win   145338 1
4497425890 IMP  3147991 17
4497431351 Intractable. 11926741 502
4497590630 IMP   502940 1
4497757818 Intractable. 12117926 288
4497881873 Intractable. 12310552 501
4497951047 IMP  3495259 19
4498004237 IMP  3810583 25
4498143596 IMP 10787386 137
4498177148 IMP  2653734 46
4498423896 IMP   849455 8
4498724415 IMP  3951623 39
4498758984 IMP   777469 2
4498844412 IMP   802464 1
4499349115 Intractable. 11295771 579
Number of Freecells: 3   Mode: 

Winnables: 82
Impossibles: 1271
Intractables: 125
Total time: 34 Hours, 4 Minutes, 8 Seconds
