#414294544 Attempt: 1 NumFcs=3 (FCPro - Solved)
2c 21 7b 71 72 73 7a 76 b7 a7 
1b 1a 16 a6 b6 56 15 c1 41 2c 
2b 7a 7h 27 a2 1a 71 b7 c7 47 
46 2c 2b 25 82 82 86 a8 1a 81 
a8 bh 8b 18 1a 17 a7 87 b8 4b 
46 5a 54 46 a6 51 58 5a 87 58 
75 87 58 45 48 28 27 64 65 62 
87 45 84 74 78 48 47 b4 5b 52 
56 87 85 26 b6 1b 75 78 58 57 
87 85 58 15 78 b5 21 6b 61 62 
12 16 26 21 b6 7b 72 b2 82 8b 
87 b7 27 2b 28 b8 6b 61 62 78 
12 16 b2 4b 74 84 87 47 48 24 
26 21 78 72 46 82 87 84 27 24 
74 72 78 28 62 61 48 21 42 47 
27 87 84 82 74 72 78 28 27 62 
48 47 64 87 24 82 72 78 28 27 
12 14 87 24 82 72 78 28 27 12 
16 87 26 82 72 78 28 27 52 51 
87 85 75 78 21 58 57 87 82 85 
25 75 72 78 28 42 46 58 26 52 
57 27 87 85 82 75 72 78 28 27 
42 58 57 65 62 64 87 24 26 82 
72 78 28 27 62 54 65 87 25 82 
72 78 28 27 42 45 87 25 82 72 
78 28 27 b2 4b 46 87 84 b6 5b 
56 b6 5b 74 78 48 47 b4 6b 64 
65 87 45 46 b5 8b 84 b4 74 7b 
78 b8 48 4b 47 b7 1b 14 12 87 
b4 5b 56 36 13 61 b6 4b 42 b2 
6b 16 84 81 74 71 78 18 17 48 
47 61 b6 7b 74 b4 84 8b 87 b7 
6b 16 81 83 13 82 61 b6 7b 73 
78 38 37 b8 48 4b 47 b7 87 8b 
84 83 b4 6b 16 48 43 78 73 71 
74 14 34 31 37 17 47 41 43 71 
73 74 34 37 81 84 14 18 17 61 
b6 48 47 4b 43 b3 73 7b 74 b4 
5b 34 84 83 b8 6b 68 65 b8 1b 
81 85 86 56 58 43 68 65 85 86 
b5 6b 68 b8 6b 62 b2 8b 82 b2 
5b 52 58 28 25 b8 1b 41 31 34 
14 13 81 85 82 15 38 31 37 48 
41 47 43 17 13 87 83 64 61 68 
18 48 73 71 74 14 34 31 37 17 
47 41 43 64 13 61 73 41 74 34 
37 47 43 54 52 73 42 74 34 37 
47 43 54 56 46 73 75 74 35 34 
37 47 43 64 73 53 57 25 24 26 
37 46 42 56 84 85 81 45 68 62 
64 24 26 84 58 51 81 45 46 42 
56 38 34 35 78 74 75 73 45 43 
85 83 53 54 58 57 48 38 35 37 
34 57 65 62 87 b2 8b 84 b4 74 
7b 78 73 b8 48 4b 43 47 37 34 
b7 5b 87 85 84 75 74 78 73 48 
43 47 83 87 53 57 64 68 65 48 
64 6h 3h 3c 3b 3a 36 a6 b6 76 
7b 7a 73 a3 b3 63 6b 6a 67 a7 
b7 8b 85 5h 37 3a 36 38 ah 68 
3a 34 a4 3a ch 5h 8h 1h 84 b2 
3c 3h 