#208978397 Attempt: 1 NumFcs=3 (FCPro - Solved)
1h 71 67 6c 36 7b c7 5c 52 6a 
67 a7 6a 65 16 15 65 86 85 84 
83 23 64 48 46 86 84 83 b8 64 
6b 76 78 68 76 73 63 86 83 63 
b6 8b c8 6c a6 c6 8c 46 4a 48 
a8 4a 41 7h 72 46 17 16 34 76 
b7 2b 37 47 43 24 73 b4 14 1h 
3h 3b 73 b7 5b 56 a6 2a 52 54 
15 31 34 14 21 25 15 41 74 73 
13 27 61 65 15 81 82 12 38 31 
81 48 43 13 14 51 b5 34 83 3b 
38 48 43 83 84 28 34 b3 1b 21 
81 58 b5 7b a7 27 1a 17 a7 3a 
31 41 43 13 14 21 34 a3 5a 85 
b8 2b 52 a5 1a c1 b1 5c 25 3b 
32 42 43 23 24 12 34 b3 8b a8 
7a 72 71 21 27 a1 3a 32 42 43 
23 24 12 17 34 a3 27 3a 32 42 
43 23 24 12 21 34 32 42 43 23 
a2 7a 71 a1 3a 23 24 a4 3a 32 
42 a4 8a 28 42 43 83 28 24 34 
83 52 c5 3c 38 48 43 83 84 68 
34 c3 5c 58 56 86 85 c6 3c 38 
48 43 83 84 58 34 c3 2c 52 82 
58 51 81 a5 3a 38 48 43 83 84 
18 34 a3 2a 28 a8 3a 32 42 43 
23 24 52 b5 34 a3 5b 5a 65 68 
58 a5 25 3a 32 42 43 23 24 52 
b5 34 a3 6b 6a 61 a1 b1 5b 5a 
85 81 51 a5 25 3a 32 42 43 23 
24 12 c1 34 a3 6c 6a 67 a7 c7 
3c 3a 36 a6 46 4a 43 a3 63 6a 
64 a4 1a 21 34 36 32 62 42 46 
43 63 23 26 24 36 34 32 42 43 
23 24 63 64 34 32 36 42 46 43 
26 23 63 c6 8c 82 87 c2 3c 63 
68 64 84 c4 3c 36 38 46 48 43 
83 84 c3 1c 12 18 17 2h 27 21 
71 72 12 17 71 21 27 17 12 82 
38 34 64 63 43 84 16 18 68 26 
28 78 72 82 87 67 26 28 68 32 
36 26 42 43 63 64 56 b5 34 23 
7b 72 82 b8 5b 65 76 71 61 26 
21 61 32 36 46 43 63 64 56 b5 
34 23 1b 12 b2 8b 81 21 28 b2 
5b 65 86 16 21 52 b5 8b 87 b7 
3b 38 48 43 83 84 18 17 34 b3 
67 61 71 7b 76 b6 16 1b 17 b7 
67 6b 61 76 71 b7 5b 25 61 17 
12 16 72 76 71 61 67 21 82 36 
38 48 43 83 84 18 17 34 63 87 
16 18 68 26 28 78 72 82 68 56 
b5 7b 71 b1 2b 21 b1 3b 32 42 
43 23 b2 5b 65 36 23 24 64 12 
16 26 82 81 61 26 52 b5 8b 87 
b7 3b 38 48 43 83 84 18 17 34 
b3 87 3b 38 48 43 83 84 18 34 
b3 5b 25 62 68 78 76 71 61 81 
86 87 16 17 18 78 71 28 52 b5 
6b 61 b1 8b 86 87 16 17 18 67 
68 b6 78 7b 71 b1 81 8b 87 b7 
17 61 3b 38 36 86 46 48 43 83 
63 68 64 84 16 18 34 b3 1b 78 
67 16 61 b1 3b 36 46 43 63 64 
16 34 b3 5b 25 12 62 56 b5 7b 
72 82 87 27 b2 3b 38 48 43 83 
b8 5b 65 36 83 84 64 28 26 76 
72 62 86 58 b5 7b 71 b1 2b 21 
b1 2b 27 b7 3b 32 42 43 23 24 
12 17 34 b3 67 61 21 3b 36 32 
62 42 46 43 63 23 26 24 64 12 
71 76 34 b3 5b 85 26 38 32 42 
43 23 24 12 17 34 83 67 61 71 
27 48 46 42 62 82 36 38 34 84 
24 28 23 83 12 18 28 43 42 32 
34 24 62 56 b5 7b 71 81 87 17 
b1 3b 38 b8 2b 28 48 42 82 b8 
4b 43 b3 2b 23 b3 1b 12 72 71 
21 27 b2 5b 65 17 21 36 32 62 
86 83 23 62 56 b5 8b 84 b4 3b 
34 38 b4 5b 65 36 86 28 26 46 
84 32 38 35 83 23 18 12 72 71 
21 27 32 35 25 17 12 72 71 21 
82 38 b3 83 3b 38 b8 3b 31 