#232568396 Attempt: 1 NumFcs=3 (FCPro - Solved)
21 42 4c 42 4b 43 54 1a 51 52 
82 c5 1c a1 4a 45 a5 1a 14 c4 
1c 14 12 13 17 21 72 17 31 36 
16 b1 c1 51 5c 5b 58 b8 c8 18 
1c 1b c1 5c a5 1a b1 a1 45 4b 
4a 81 84 14 18 48 41 a4 81 8a 
b4 54 5b 15 18 a1 51 2a 25 a5 
7a 72 52 a5 7a 76 c6 3c 31 73 
76 72 25 27 26 76 56 57 52 72 
62 65 67 25 27 26 76 72 62 67 
52 57 27 25 26 75 76 72 56 52 
37 34 62 65 74 25 26 27 56 57 
67 65 62 52 15 18 72 58 75 76 
25 26 27 56 57 67 65 62 52 c5 
72 7c 76 c6 a7 1c 1a b1 5b c5 
8c 85 c5 1c a1 81 8a 83 a3 13 
1a 51 53 13 c1 8c 81 84 c4 26 
82 2c 28 68 62 82 86 c6 2c 28 
c8 6c 62 82 86 18 26 c2 1c a1 
51 2a 25 65 62 52 56 35 31 51 
26 25 65 62 52 a5 7a 27 52 56 
76 25 27 67 56 a5 8a 68 62 72 
76 26 82 37 38 34 84 74 28 27 
67 62 72 76 37 26 82 18 14 84 
b8 5b c5 a5 3c 35 ch 2c 2a 23 
a3 63 6a 62 a2 32 3a 36 a6 5a 
53 a3 26 c2 1c 1a b1 5b c5 4c 
45 4h 2h 62 c5 4c 47 c7 1c 61 
21 26 16 12 71 a7 1a 71 a7 8a 
b8 3b 38 62 63 23 26 b8 36 32 
62 6b 63 b3 23 2b 26 b6 36 3b 
32 43 b2 4b 48 62 b8 38 5b 53 
57 71 75 78 31 b1 58 4b 43 45 
b3 4b 34 35 45 13 14 18 34 63 
23 26 36 32 43 48 62 64 24 26 
38 46 42 62 63 64 23 24 26 34 
36 b3 46 4b 42 b2 62 6b 64 b4 
1b 24 21 26 41 46 42 16 12 54 
51 53 41 62 65 64 54 24 25 26 
45 46 42 14 13 62 61 21 26 51 
56 43 16 15 12 52 62 64 61 65 
41 21 24 25 26 14 15 16 45 46 
56 51 54 52 61 64 62 65 42 45 
12 15 25 24 21 26 41 51 54 56 
52 62 65 42 64 12 54 15 14 54 
24 21 25 41 45 42 52 54 65 12 
14 61 51 a5 7a 24 27 65 47 42 
72 74 17 15 24 21 41 42 75 12 
14 24 27 21 71 41 47 42 72 47 
45 12 14 17 24 27 21 25 71 75 
72 41 45 15 17 12 72 34 31 37 
41 64 52 76 17 16 76 51 57 21 
27 25 75 72 15 12 87 81 71 b7 
3b 52 53 23 25 87 35 32 13 17 
52 51 21 25 37 15 12 52 53 51 
31 21 23 25 35 c3 15 1c 12 c2 
52 5c 51 c1 4c 21 24 25 14 15 
12 45 42 61 64 52 14 51 21 25 
15 12 c1 3c a3 1a b1 61 6b 52 
36 43 41 31 54 53 43 23 24 25 
34 35 32 45 42 63 64 6h 52 62 
c2 34 1c 13 c3 8c 84 c4 76 7c 
74 ch 6c 64 c4 8c 86 83 63 c3 
5c 56 c6 8c 81 c1 7c b7 87 2b 
28 26 8h 28 25 85 65 68 62 82 
52 56 58 26 28 25 85 82 18 17 
52 62 65 87 25 26 28 56 58 52 
82 85 18 62 65 76 78 71 81 87 
38 61 36 31 61 81 25 26 28 56 
58 52 82 85 38 37 62 65 25 23 
26 6h 53 56 52 62 87 16 18 17 
32 87 67 48 46 86 48 4h c4 84 
1c 18 c8 6c 64 c4 5c 56 c6 3c 
23 2h 7h 6h 7h 7h 6h 8h c2 32 
2c 26 23 63 c3 2c 25 26 2h 6h 
8h 1h b2 c5 2c 23 c3 27 