200824418
200883084
201689372
202146717
202149846
202681933
202740836
202760896
202813941
202859380
203029446
203037861
203164154
203379713
203410932
204178564
204179781
204268781
204327259
204668165
204910017
205037833
205125315
205135551
205349842
205596701
205961034
206189086
206297844
206678133
206711092
207041692
207158946
207256395
207831040
208210711
208512796
208660437
208772331
209207909
209314165
209330476
209542910
209601474
209669811
209803977
209913110
210028681
210169685
210210613
210451772
210495386
210519947
210536133
210773052
211445664
211775146
211828315
211877714
211893274
212198178
213061920
213262877
213360232
213401121
213710305
213743440
213789156
213874105
213969635
214302613
214340337
214440739
214677200
214820845
214961545
215293902
216113068
216362172
216466077
216469921
216585915
216586836
216775464
216799680
216867874
217026918
217075091
217118997
217216098
217550364
217626702
218222998
218312858
218504985
218562584
218652954
218694181
218981406
219023173
219223436
219227608
219336735
219435993
219474039
219548593
220035146
220434055
220470392
220883109
220892806
221203516
221379322
221680546
221705450
221730702
221736979
221905497
221940073
222317140
222422602
222808716
222823449
223108850
223132287
223135112
223251423
223683727
223685972
224128587
224247737
224302636
224606715
224667330
224711924
224820837
225822708
225843010
226097869
226627795
226724393
226727178
226794321
226873381
227131051
227273494
227614853
227650484
228219004
228459951
228558224
228867538
228992976
229148538
229149638
229432247
229527093
229911561
230147051
230416910
230540070
230626622
230757063
230804450
230955200
231171852
231519114
231650209
231756710
231792656
231854025
232182669
232491106
232671984
232736736
232893083
233057040
233764861
233880562
233886372
233899528
233914682
233989500
235021673
235156943
235357625
235517398
235629073
236335938
236416676
236494526
237054424
237154377
237203477
237450133
237481722
237590293
237700386
237760151
237768519
238215552
238423518
238607064
238675280
239272233
239492563
239494344
239628717
239674754
240181709
240505955
240784393
240825945
241434011
241648597
241731498
241783807
242114558
242210560
242646999
243084459
243223743
243776380
244090368
244138830
244160511
244194269
244603802
245035944
245116628
245123034
245230804
245368289
245548590
245561423
245647509
245913821
246147855
246291378
246551396
246958942
247394311
247664221
247844068
247969356
248043739
248653564
249238308
249282846
249382349
249408604
249661324
249888987
249959654
250041112
250140100
250208357
250224075
250304209
250375416
250774239
250836107
250996161
251134384
251231489
251302064
251344240
251527284
251607936
251863323
251940698
252292220
253098764
253117651
253245851
253654612
253724406
253953800
254003639
254051901
254344003
254593819
254645013
255078943
255084110
255171775
255314917
255390609
255394251
255556337
255652866
255661590
255871859
255953045
256325502
256467858
256545806
256655555
256796130
256970759
256993699
257064450
257307032
257625745
257837531
257914688
258113585
258132476
258251741
258364186
258586076
258793644
258840116
259027317
259112404
259199849
259283267
259327226
259361862
259366006
259535851
259553865
260052124
260105504
260107059
260110090
260386478
260870727
261129822
261364323
261499172
261807440
262136791
262309590
262448039
262893261
263952258
264249988
264530871
265230760
265409001
266600795
266656941
266745570
266891689
267194939
267232599
267736372
267895539
267915647
268496648
268629715
269007918
269565221
269699598
270247296
270334311
270614287
270616929
270825847
271190342
271760308
271864928
271883001
272065524
272133213
272884393
273346682
273497670
273582821
273975019
274044273
274323230
274336627
274448861
274457086
274674058
274884829
275098748
275308838
275342242
275502141
275505882
275724249
275733905
275818596
275890677
276277684
276360084
276515298
276572908
276838818
277924225
278080276
278110127
278266343
278696285
278800980
278806438
279038224
279086065
279100666
279212653
279217796
279246439
279305574
279499921
279513201
279592611
279761761
280538190
280577390
281921247
282043820
282626232
282892269
282959546
283103998
283250033
283642794
283838844
283901178
284304746
284700590
284921631
285102709
285103836
285235145
285388597
285401264
285486013
285559615
285627812
285937739
286133124
286173699
286221306
286405948
286429198
286903045
287198273
287585520
287784860
287836687
288115777
288211321
288704521
288798292
289279778
289514365
289518364
289825147
289978567
290323111
290335934
290383846
290548238
290598194
290641338
290699431
290880258
290895072
290997033
291093222
291108337
291128617
291344988
291486037
292114956
292278046
292311168
292471110
292486918
292527902
292698893
292971299
293858646
293868415
293936687
294086299
294230521
294288580
294703871
294897736
295053121
295116117
295307525
295337202
295451315
295457585
295488322
295852747
295867279
295955902
295963013
295978856
296244732
296567953
296742423
296861995
297024341
297035092
297128103
297660725
297740131
298210980
298515721
298704727
298842833
299150044
299256004
299414938
299526565
299595553
299818782
299945522
299973525
300364062
300364921
300368355
300374952
300893660
301030420
301178267
301579086
301668817
301685720
301940128
302241541
302254089
302281758
302426020
302534054
302560182
303107143
303163583
303295208
303428195
304267869
304387520
304408742
304626814
305016821
305416404
305789451
305880149
306100652
306198670
306394818
306658168
307055696
307144577
307154233
307432680
307533736
307584424
308556909
308573521
308982508
309037428
309276677
309415194
309485482
309538853
309847689
309992175
310053459
310972586
311484458
311731836
312402274
312458300
312672731
312771985
312786821
312975477
313043224
313277490
313715739
313825945
313964742
314101154
314121707
314213222
314249837
314328250
314663512
314731540
314770862
315045297
315141902
315231619
315482817
315487058
316034550
316067497
316210497
316304749
316588387
316611446
316808438
316939247
317103986
317181657
317642424
318113437
318368889
318444912
318589999
319106739
319408064
319488398
319533270
319549503
319869497
320208750
320257529
320465348
320633183
320908275
321416709
321876862
322098564
322139566
322148272
322157612
322319428
322720573
322763487
322943114
323095841
323196208
323824797
323902240
323991265
324013777
324074400
324300776
324325777
324487309
324503260
324592391
324801434
324891205
325037313
325066683
325301789
325430977
325664281
325725452
325739389
325885021
326434912
326754725
327141099
327267605
327565203
327618069
327720489
328266355
328383619
329186978
329238191
329749148
329927181
330017988
330148067
330208368
330637423
330794066
330828136
330854821
331076623
331472486
331532214
331639503
331749935
331854853
331895542
332824571
333097843
333266562
333518482
333708047
333731060
334034326
334112529
334864085
335003696
335053148
335156481
335509440
335820944
336564792
336807428
337001954
337197175
337330608
337676324
337883682
338083677
338671881
338760047
338827847
339096608
339254085
339317119
339691256
340442419
340665092
340855675
341486951
341687763
341733645
341973222
342206082
342251505
342459468
342749998
342772317
342836318
343012077
343124381
343138031
343206478
343211947
343282414
343406319
343438637
343672855
344107497
344392503
344633198
344740396
344884279
344959461
345258153
345397841
345462786
345605510
345804213
346217410
346232503
346716710
346761010
346771975
347007594
347149529
347324236
347454661
347774313
347961361
348074704
348317656
348509213
348524661
348541393
348647018
349008629
349112787
349377133
350877807
350913750
351094329
351393250
351608811
351643750
351792959
351973653
352393894
352454712
352604375
352694768
352709454
352854933
353066432
353183110
353219675
353319306
353585824
353703244
353908737
354018093
354146431
354692079
354775657
354824031
355167606
355425114
355563320
355663983
355713619
355755628
355935554
356100259
356170689
356220554
356301863
356609087
356633832
356703183
357038811
357392861
357536666
357563068
358130384
358195702
358545224
358815981
359056545
359369030
359632154
359716240
359736595
359882599
360142570
360334641
360479774
360619495
360786057
361321641
361736267
362314601
362349616
362443790
362448336
362619236
363267242
363441638
363745166
363778178
363974442
364904233
365638689
365758465
366141351
366311319
366361398
366482524
366574508
367032373
367351904
367563888
367611926
367810249
367959597
367982398
368176962
368343539
368791318
368876468
369012116
369165105
369285559
369562889
370166214
370202941
370265097
370477907
370611466
370680212
371376560
371685604
372081841
372345185
372538046
372597172
372620310
372639987
372960565
373607424
373640455
374055904
374238175
374266512
374329451
374641467
374645191
374798008
375071643
375264210
375808923
375859094
376146873
376593568
376671396
377197279
377306328
377332245
377354906
377469534
377824841
377827588
377912571
377977045
378017352
378020825
378237665
378352592
378402607
378436045
378519448
378566343
378697478
378716859
378803899
378912199
379196520
379833159
380080672
380084421
380186663
380255610
380412028
381036250
381197593
381240319
381459853
381479898
382118642
382145634
382238871
382374430
382470568
382490303
382769948
382932324
383513121
383519667
383535006
383600646
383688581
383758166
383915581
384132649
384140933
384143293
384598694
384669358
385618213
386566486
386705489
386721318
386810692
386900097
387101597
387333218
387501114
387813831
387852010
388088703
388107966
388197907
388215305
388451627
388530592
388881781
389224503
389260903
389771415
390168978
390249952
390305388
390349077
390646267
390689000
390719999
390744577
390807900
390884536
391098141
391717668
391724307
391834003
391931567
391988663
392011808
392158976
392331701
392454390
392674229
392877402
392975930
393097297
393332483
393447838
393450307
393733917
393938166
393960165
394115727
394605358
395077909
395167547
395544525
395561943
395852668
396182682
396423353
396642676
396798663
396864907
396927193
397671352
397804721
397872286
397875572
398278063
398753970
398915547
398972930
399089515
399267224
399495847
399554179
399818916
