200974970
201953191
202312154
204165821
205435877
207796265
210139597
211028089
211914221
215289934
215852347
216321190
218133676
219055934
219549830
219782757
220635669
222487823
223423487
225019489
225329605
225352506
226090540
227214357
232084141
232453157
233855159
234186680
234617171
235554324
237021148
237627517
237739814
237794240
244372914
244390052
244723286
245119418
246663064
247841044
248100971
249374974
249412209
249671559
252555541
254992315
257080537
260092620
262731049
270466246
273299832
275559085
276088634
279927672
280168431
280860265
282129329
283867336
284451858
285783700
287001742
287686604
287804984
288960344
290522624
292012513
293676096
294318869
294640401
295412795
295853134
296084663
298879263
299315670
300693961
301759308
302126739
302368922
303157542
304534552
305152152
305428349
306759311
307159984
308537344
311634902
316157780
316726674
316743265
317868118
323202999
324361414
325181198
328542948
329678609
333512403
334028557
334534441
334985368
336283050
336713858
340410596
340968217
341495440
341672168
342302172
344461130
346899436
348783657
349284890
349511336
350383633
350882787
351435470
353489821
356746162
356799648
357456525
357594181
359283573
362682138
363726657
364513623
366047777
366184085
366487642
368087171
368878784
372182281
372985194
373205674
375330179
377484163
377509474
377647671
377985858
379091984
380633826
382582859
383442330
383883359
383990838
384885870
385830884
386996079
387890198
392639714
393248665
394046633
394823224
397823322
