200023114
200086739
200120839
200137364
200309666
200511008
200564177
200614530
200846284
201010589
201041669
201223753
201314036
201330473
201405267
201561801
201565579
201626379
201737821
201801177
201986999
202069202
202084037
202095206
202127698
202223214
202421050
202476989
202772883
203160298
203278392
203303030
203401568
203535117
203691473
203703250
203755900
203924715
203939418
203985995
204048659
204096644
204222707
204471313
204510067
204575562
204576334
204605397
204730114
204746888
204870925
204978534
205093505
205157079
205292313
205404390
205421855
205462767
205559449
205565129
205600122
205622420
205722112
205864324
206078633
206315286
206356338
206361934
206379630
206592361
206831948
206888227
206933904
206952618
207083962
207132096
207348549
207381599
207408460
207596474
207729466
207928731
207931308
208103996
208266724
208470224
208555189
208559753
208595046
208697383
208852561
209022125
209037174
209100649
209268087
209343009
209474881
209573390
209625594
209638777
209872027
210026468
210102153
210191205
210200744
210296481
210371437
210488627
210548128
210629973
210642786
210822571
210914663
210944331
210946964
211075844
211210082
211320230
211380811
211575675
211605661
211667820
211795264
211817862
211825389
211831841
211898278
211905505
212200790
212349282
212381606
212593899
212739968
212846904
212901425
213016868
213041656
213065611
213096427
213304374
213581416
213634340
213754186
213798329
214099177
214230115
214408205
214865865
215079638
215159774
215432958
215961680
216016722
216179722
216220651
216387143
216479821
216516758
216594076
216647602
216969310
217104321
217138743
217572955
217630095
217652150
217654407
217750241
217786238
217836875
218238556
218276407
218380444
218383435
218383771
218505223
218528726
218658328
218661105
218730186
218955357
219055162
219130689
219162255
219256695
219362457
219489812
219512226
219590572
219620965
219636801
219697636
219709769
219814976
219861185
219909068
220015743
220030080
220145920
220219763
220242304
220265277
220420335
220705718
220758959
220823170
220841407
220929999
221066502
221274368
221430422
221674580
221834688
221897248
221943975
222177539
222193688
222224982
222229079
222239981
222283829
222394800
222398904
222573856
222629676
222904759
222920781
223042214
223072801
223161391
223279579
223470210
223604003
223724759
223835294
223892877
223898635
224329764
224445216
224466895
224474467
224497807
224612190
224702400
224819484
225145973
225194373
225305434
225350733
225468534
225543387
225558921
225575105
225626633
225770562
225869974
225993458
226002850
226264565
226271672
226395617
226436286
226510532
226570269
226815350
226823459
226873582
226893023
226893397
227010417
227073120
227100281
227139105
227194708
227202246
227251598
227256839
227347322
227578081
227823369
227971435
227998791
228217155
228354192
228449032
228865762
228939263
229050338
229246205
229273723
229402790
229412130
229615060
229900476
229917151
229967955
230045779
230162200
230162470
230169385
230179121
230257233
230270668
230492610
230919062
230974923
231062583
231076382
231147883
231160878
231186145
231331909
231335510
231351688
231478903
231595382
231807191
231812865
232066401
232198338
232351705
232380228
232648254
232656727
232715426
232970653
233076679
233548141
233595750
233696727
233765653
233951297
234153397
234231109
234341230
234378196
234563375
234682998
234690369
234865488
234904463
234965763
235049532
235116530
235149154
235439246
235557984
235581666
235607559
235640648
235776800
235789977
235944798
236041627
236104177
236125877
236287822
236424822
236456580
236577466
236629034
236652849
236741847
236797361
236800715
236846049
236864610
236985627
237000389
237128796
237133222
237221574
237224966
237259516
237456936
237511504
237593278
237802165
237896963
238131906
238372430
238452636
238530068
238583866
238628451
238819898
239084354
239221292
239232993
239262815
239268298
239616413
239631139
239659861
239734565
240004034
240055276
240236311
240648141
240738339
240766963
240834080
241030060
241031966
241137640
241165282
241275635
241380665
241489039
241512553
241598130
241624849
241681799
241883725
242031180
242208800
242259272
242283304
242298278
242438424
242639743
242997459
243149510
243205547
243367803
243370464
243392571
243399528
243792061
243799530
244103449
244125031
244133656
244189167
244315775
244420295
244439998
244451942
244583340
244584649
244756665
244798012
244863878
244932988
245102502
245359865
245711874
245857169
245988934
246246765
246407318
247102637
247278974
247511836
247593325
247606742
247708664
247758863
248010956
248083917
248087214
248150278
248207068
248250925
248294165
248316164
248328003
248575135
248587340
248677951
248765888
249328015
249330865
250063778
250145747
250305191
250305862
250327374
250435544
250581848
250713707
250732472
250805811
251195180
251565554
251689720
251759535
251766716
251786617
251803686
251892178
251907281
251955631
252014920
252211655
252314302
252642607
252674293
252730390
252855622
252977954
253033394
253076141
253385953
253434709
253444080
253577917
253586495
253649663
253706022
253818353
253831890
253955229
254058056
254097315
254121162
254217485
254239330
254297467
254593099
254625022
254677940
254730945
254796321
255160764
255326181
255450550
255473268
255678361
255710653
255768878
255872719
255926855
256157812
256160742
256186966
256374598
256571152
256584263
256872572
256938992
256946481
257278857
257293197
257380163
257437049
257473390
257483669
257581164
257714826
257783926
258047480
258097567
258135933
258260857
258396350
258463431
258558336
258698475
258739610
258988896
259008673
259099273
259173034
259173935
259305709
259448279
259523529
259717916
259990416
260125150
260204600
260247474
260314251
260338049
260357634
260378214
260457109
260535142
260976600
261044272
261219866
261499416
261609118
261769750
261941068
261942115
261992400
262029854
262092624
262133100
262199796
262330344
262351260
262408610
262512539
262605092
262637816
263023282
263245938
263312223
263566617
263682563
263733360
263785673
263828661
263841710
264026088
264138023
264330046
264468300
264616080
264664453
264679198
264702129
264734970
264809087
264940824
264957674
265104128
265114366
265319266
265493227
265569995
265617869
265637164
265704624
265753488
265845320
265875971
265947841
265951117
265988591
266154772
266468917
266469824
266524016
266693858
266756348
266792564
266818638
266863631
266937021
267060926
267084250
267135773
267137812
267167720
267296468
267422148
267528177
267709050
267717044
267736411
267739458
267819056
268042927
268156876
268200608
268425429
268487523
268497811
268767103
268787557
268888563
269001021
269011646
269052885
269276415
269407750
269466308
269513948
269586883
269645767
269682033
269789920
269916382
269959078
270045665
270229824
270380145
270438861
270752357
270912534
270929203
270984037
271136803
271170487
271456498
271585579
271811180
271872846
271917621
272265332
272280359
272447520
272507111
272561733
272571564
272762803
272981135
273004075
273006049
273187375
273465496
273552787
273561655
273753027
273767313
273803837
273807398
273819350
273852222
273884242
273913420
274017956
274069747
274080420
274141798
274215988
274514983
274586728
274588145
274702962
274738475
274740660
274890848
274940157
275007063
275026822
275184455
275185166
275272541
275339108
275392138
275947339
276062636
276076246
276225169
276326884
276390785
276469809
276506870
276796111
276796635
276849312
276871431
277086306
277116509
277149650
277172494
277220515
277342695
277352700
277375262
277453349
277566640
277625951
277719730
277738877
278027436
278067392
278084320
278088355
278138666
278355205
278558730
278724685
278983925
279107729
279116755
279124396
279451966
279463656
279514496
279576008
279729634
279833732
279888625
280127263
280339198
280499787
280522467
280695440
280898373
280908286
280957585
281130761
281433992
281640570
281717238
281842480
282006348
282133626
282359664
282368949
282434712
282435196
282517895
282541827
282577609
282640554
282709036
282874182
283010864
283036678
283181366
283201351
283434189
283841222
283968726
283974863
284158579
284232058
284467061
284505794
284532827
284553577
284642290
284755786
284889649
285161039
285166360
285180070
285282153
285324744
285487602
286152362
286256428
286364848
286422027
286549131
286692972
286970508
287235490
287324761
287390580
287759508
287810697
287919552
287993213
287995106
288187182
288757857
288865556
289049345
289082950
289244193
289258850
289524252
289589196
289673230
289797903
289856779
290103968
290258534
290306144
290397327
290403383
290448177
290575066
290634307
290714104
290720423
290967248
290969863
291307562
291363497
291401705
291408541
291762554
292010568
292057296
292067817
292115667
292137283
292319264
292319653
292331645
292375768
292421975
292468506
292593348
292603709
292632425
292680176
292788539
293052979
293085200
293499380
293518839
293733675
293944700
294138911
294255932
294330210
294470126
294495359
294544668
294549455
294693199
294796096
294857234
294882059
294882266
294892335
294975456
295092004
295117336
295192382
295270851
295483521
295536648
295602179
295782269
296232286
296291540
296323998
296405460
296421174
296477490
296503484
296546105
296604956
296622224
296707048
296789899
296875740
296878300
297049870
297230682
297258234
297270961
297412627
297432546
297451262
297453632
297590692
297652591
297684968
297743699
297747536
297812034
297816469
297818596
297895666
297902577
298056610
298057862
298168186
298221540
298430359
298544428
298638950
298640606
298692947
298744094
298855077
298883086
299004367
299050993
299096041
299182196
299209259
299255311
299334565
299345570
299346933
299588378
299661009
299726858
299750045
299750687
299793892
299854980
299946361
300103449
300246909
300298117
300724737
300808652
300828198
300840317
301008079
301319926
301417925
301497329
301589628
301590935
301636812
301749970
301769928
301846690
301924582
301966908
302047962
302101569
302110500
302322655
302493281
302747416
302968908
302993547
303059760
303165418
303219485
303220372
303258802
303302880
303376763
303458718
303543678
303567314
303612240
303781064
303801815
303855765
304024336
304070162
304097291
304108285
304108324
304156939
304437166
304486517
304498556
304523864
304607703
304608255
304668746
304931032
305116199
305118191
305170710
305215664
305404907
305594231
305649840
305700137
306046338
306221882
306254756
306285563
306331037
306368843
306413202
306471135
306513652
306570830
306643057
306652821
306705820
306733057
306761836
306791728
306903285
307448307
307470449
307605158
307726110
307763855
307929379
308522030
308644385
308648518
308816468
308879759
308915535
309021762
309175715
309324310
309367782
309517283
309728819
309910687
309981756
310005618
310154414
310330446
310396357
310417504
310673490
311075443
311141310
311169637
311375854
311543412
311586590
311634457
311710875
311780912
311809366
311994606
312038988
312072583
312095457
312236132
312252278
312268852
312583626
312621246
312629701
312652004
312712233
312862181
312923083
312948292
312954551
312969661
313163643
313175606
313248345
313368727
313384820
313421734
313452667
313511918
313564552
313655746
313727481
313869460
313963923
313982102
313986155
314103395
314131894
314163103
314430731
314594677
314635200
314724479
314846966
314955707
315001781
315022257
315266962
315410374
315471603
315609715
315679940
316128691
316176481
316180052
316410315
316471949
316479409
316762357
316906413
316955228
317119384
317136808
317156558
317414730
317598447
317691183
317951496
317991576
317999007
318082624
318232683
318242209
318322395
318332502
318332522
318367977
318433241
318467460
318554825
318717848
318871961
318897903
318904394
318914781
318981178
319040255
319186680
319511056
319533922
319593223
319595019
319629172
319686669
320055156
320066247
320219872
320409165
320579046
320649244
320953125
320997698
321094166
321109307
321359266
321481885
321525467
321554536
321667661
321866199
321883663
321933051
322079329
322174028
322194898
322325679
322505952
322595213
322682517
322702680
322729610
323016265
323021566
323044423
323185135
323229960
323235392
323252946
323312148
323318373
323336816
323367168
323594747
323652528
323738239
323851689
323882008
323984203
324051744
324095957
324110699
324230626
324238436
324282137
324338673
324343943
324489008
324691491
324943231
325122014
325216165
325226691
325293851
325388311
325446816
325455325
325508727
325641831
325806390
325836201
325986556
326159571
326340307
326420450
326474385
326574428
326654852
326928737
326956458
327050788
327071009
327078398
327307100
327332677
327409027
327536151
327587583
327664565
327671616
327722685
327764613
327767794
327814833
327891208
327966161
327990836
328029853
328094949
328127499
328418648
328434502
328562557
328578986
328613849
328772973
328787758
328847375
328857240
328915603
328946523
328999468
329334167
329447804
329504569
329532332
329568007
329605761
329697062
329753602
329831276
329929973
329938547
329989319
330038507
330147833
330189594
330195462
330259061
330265877
330395618
330397318
330488333
330512599
330557279
330621413
330726006
330727899
331030179
331287114
331332370
331382125
331389928
331591592
331642946
331643359
331671562
331728396
331895012
332009351
332136490
332310414
332470008
332527434
332531010
332630367
332773278
332824934
332902507
332910426
332913084
333256556
333312936
333416230
333612888
333622350
334206296
334397455
334462610
334503867
334615018
334655522
334820821
334821142
334989413
335105103
335479555
335510595
335537479
335568643
335672171
335785404
335897276
336134731
336179447
336269271
336732425
336748377
336862292
336928832
336974658
336986734
337128301
337197034
337200265
337699257
337854138
337861912
338086324
338195864
338497125
338650295
338702793
338773562
338897751
338995803
339071373
339230124
339230667
339360239
339596355
339806500
339852852
339951766
340146628
340172120
340328980
340407267
340429362
340463411
340663880
340726369
340783558
340820486
340962735
340972215
341000385
341001675
341032049
341164773
341188479
341289809
341343929
341351058
341537965
341725487
341752407
341862186
341881705
342017620
342255693
342264203
342421641
342837491
342955389
343085698
343298553
343388209
343471041
343603520
343754138
344080566
344197957
344283932
344306028
344411642
344438256
344440275
344472280
344487881
344555807
344660035
344719863
345085694
345263447
345418741
345625459
345887161
345895349
345901299
345960375
345964533
346063423
346215989
346307755
346308245
347042505
347099855
347251245
347429088
347763274
347775107
347838112
347992659
348005646
348107762
348278506
348377950
348519476
348554696
348603299
348636429
348641505
348682165
348687968
348725983
348726773
348797306
348822727
348849684
349097486
349296739
349358704
349423941
349742408
349763670
349802288
349889710
350258207
350271757
350432293
350473256
350673049
350688565
350733564
351146054
351189744
351272967
351356124
351392067
351416991
351485893
351674649
351772089
351854417
352137212
352179463
352200251
352264027
352353257
352384307
352458345
352470178
352499733
352697762
352720892
352796141
352837377
352876339
352882606
352957396
353118612
353140767
353179839
353198542
353252206
353341981
353472633
353521247
353538004
353676754
353870791
353874781
353929366
353929499
354180643
354207023
354393145
354451505
354473277
354480514
354482518
354483013
354717870
354818115
354825255
354887387
355008795
355031450
355452180
355538990
355552908
355612190
355645064
355757034
355889249
356023145
356123429
356272778
356291216
356294808
356343922
356377859
356409208
356536930
356555456
356797218
356917486
357010554
357343313
357407170
357418942
357481828
357538063
357577992
357837414
357853357
357876225
357969845
357980555
358130862
358250574
358437915
358564643
358598188
358609114
358797828
358892249
358894543
359434301
359717898
359904235
359973882
359982747
360061249
360185076
360262240
360283438
360301575
360355839
360407427
360542751
360647086
360758281
360896453
360949691
360951695
361002473
361061788
361157058
361261286
361287101
361659537
361682948
361748312
361805764
361887398
361892833
362185047
362192084
362232040
362413580
362495861
362532089
362558576
362627497
362947956
363067689
363105121
363126244
363288379
363497361
363539517
363584922
363607129
363743120
363785788
363986404
364014047
364056122
364138820
364205769
364331680
364339033
364369639
364548639
364739485
364776915
364797073
364809089
364832233
365099399
365213663
365235315
365348011
365351131
365401996
365448134
365469087
365552324
365563312
365683391
365888920
366056999
366101892
366131257
366422368
366567900
366861659
366956953
367095564
367214417
367344306
367349869
367621092
367642333
367839922
368079208
368103437
368498802
368533622
368614430
368621387
368622664
368943752
368996930
369034072
369243649
369330044
369443819
369509145
369530614
369618952
369649590
369675091
369678688
369733583
369830997
369833959
369970335
369975526
369976401
370159051
370172613
370501009
370550108
370559518
370764899
370861287
370864113
370870090
370891918
371110901
371344230
371357651
371444649
371534807
371590343
372040100
372070507
372422447
372452317
372511667
372519892
372733252
372751626
373102819
373105792
373150704
373258436
373564238
373676671
373713155
373733944
373774808
373868654
373994795
373997111
374169318
374189870
374557111
374643015
374656233
374740755
374802864
375041636
375045877
375051294
375111412
375131427
375198494
375321714
375485614
375676231
375816428
375853063
375955439
375991478
376093819
376230019
376375590
376386862
376478408
376761915
376812692
376955110
377164927
377331777
377452342
377503389
377539580
377645766
377659798
377677401
377832717
378044820
378049532
378193438
378244627
378292016
378357780
378440950
378493945
378734972
378857782
378927608
379004915
379283703
379470381
379487106
379661024
379779735
379960451
379968633
380083263
380131506
380557160
380580913
380791891
380812914
380820581
380847410
381006402
381175808
381417819
381741073
381887702
381918107
381957980
382197000
382611554
382698298
382991846
383082132
383117504
383153731
383213829
383217022
383510389
383512867
383675188
383761285
383848751
383950670
383972753
384279415
384371890
384395645
384572084
384609987
384637836
384723529
384725007
384958248
385163721
385243119
385458831
385576892
385709487
385736610
385756852
385855360
385896282
385923532
385936595
385969411
386021481
386114501
386169679
386210428
386228128
386235339
386363562
386571502
386592450
386593191
386641636
386773425
387037724
387191730
387203458
387306258
387390845
387396374
387494261
387506571
387523050
387643496
387751658
387823874
387956043
388364337
388414767
388572905
388771104
388842982
388909020
388937384
388946704
389176979
389310089
389447304
389546634
389554054
389676292
389706630
389722519
389955590
390132508
390141154
390267683
390357113
390416398
390422481
390759385
390780974
390878692
391044770
391200308
391290684
391404745
391738906
391945452
392075809
392104533
392151057
392373395
392446121
392566249
392704820
393064004
393099934
393140287
393157768
393189570
393201848
393478434
393584487
393631097
393950292
393993636
394115349
394402274
394894699
395112093
395147213
395208752
395270780
395323323
395369348
395394100
395832047
395880358
396126595
396162783
396196240
396323859
396403259
396467606
396770350
396867026
397272893
397300804
397427254
397586961
397669243
397695142
397812863
397868391
397904380
397989298
398004569
398080260
398294675
398517678
398626958
398697803
398704190
399102108
399122485
399162092
399310302
399509573
399588168
399758104
399835634
399945796
