1182810776
1979097943
2172090291
2193683037
2211994798
2215634294
2247165161
2248084509
2270053126
2312981554
2313737220
2341039886
2361880143
2373122964
2377559349
2378611815
2379424537
2381867968
2418294567
2423872449
2433048017
2448143411
2465397303
2475881886
2522252406
2522775179
2561950653
2586842927
2588002588
2588595069
2605775268
2621445587
2623745307
2635037716
2659417047
2672814317
2675084897
2688946143
2710345616
2729221384
2736113533
2744987327
2751930971
2809844866
2819541399
2832585890
2926124850
2956356783
2964202888
2983158675
2989863444
3044734909
3055096661
3071767093
3096590435
3117629509
3141911599
3161650131
3184073537
3218338436
3221350576
3275628731
3280208103
3309341831
3334839928
3362346136
3365937861
3370911522
3376655895
3390540318
3398894581
3400023643
3404473597
3475864518
3483175329
3516962470
3523200056
3535409463
3551249232
3562243625
3619322584
3725636020
3738816288
3767170454
3779595572
3798003621
3809123144
3819960092
3829443004
3841573739
3846105882
3928211710
3958937698
3992449505
4058698552
4068282651
4094273142
4130338808
4164831788
4171681104
4184501638
4199696408
4202726924
4266307612
4273521637
4281436065
4288290354
4291163732
4297253986
4301215898
4306958813
4340407727
4386615399
4392551568
4403428709
4440117162
4457308781
4531062597
4552076115
4563945317
4566365404
4595918322
4611326803
4635819260
4656796753
4695669771
4701957851
4712500528
4721899567
4726341538
4739825077
4745362972
4790144564
4804404180
4815692475
4858553346
4864855863
4869465837
4877755812
4901511700
4932257413
4949971435
4950609552
4995884359
5012828767
5037835312
5048720288
5050666448
5055024514
5067750651
5073457671
5088578471
5129261288
5133013151
5188062953
5192502774
5206069658
5211489278
5213961197
5214393464
5255662378
5283215610
5283560524
5288341432
5292009502
5301668296
5303770951
5312354608
5366178416
5379666045
5417588518
5465619820
5468688446
5470240936
5474696021
5483253743
5526927175
5533152376
5536063551
5548472085
5552207428
5554044148
5572366586
5581630452
5586199475
5596772918
5600172863
5611572241
5614753977
5630012669
5642455626
5647841309
5654732739
5659430797
5664978278
5669500702
5691816110
5705070852
5709555580
5721908540
5734624158
5735238059
5738170243
5765441222
5772620254
5778442215
5793783366
5802659936
5802834632
5805767925
5818381570
5834673443
5849708035
5868405023
5872842773
5896351978
5917466763
5950556148
6000011017
6018324638
6034727749
6064208784
6075175431
6077037270
6104079144
6105229156
6109905872
6129502677
6145674567
6149279727
6165150393
6182169863
6185842496
6205682086
6245916751
6252249747
6259424521
6274267173
6299704234
6301882856
6312437282
6315332363
6320183674
6363672909
6381056192
6390192078
6402222974
6404205649
6422450667
6430120588
6439406049
6453817377
6463787813
6489427273
6504927449
6537442695
6541387140
6544247487
6553636235
6555297099
6563363854
6584682791
6593966008
6595187720
6608409085
6638236994
6639565149
6640972076
6645320793
6673685820
6683331452
6696041732
6698996551
6719625067
6781290171
6798364129
6836849516
6863545377
6900726746
6908654608
6913313236
6939200843
6962428243
6969670909
6981065745
6989440293
7002253855
7010936889
7021483151
7041913002
7047210147
7052455308
7058605993
7095404534
7109893499
7118069722
7163514879
7182618275
7213202540
7217970717
7221646092
7227115293
7247252446
7255733819
7272432769
7284181505
7292901660
7322918418
7329625966
7330704425
7331396270
7340238489
7347905673
7349913915
7376012001
7380329650
7393739021
7404145386
7422841517
7423109617
7425234024
7447624222
7460900544
7462592120
7464166529
7505843780
7517228900
7528005420
7536991723
7541722143
7545580703
7588131516
7616439919
7637455251
7642579847
7646869368
7655944106
7662210175
7730046799
7745718671
7779488369
7792605731
7812689575
7851610654
7860619664
7868424226
7869746427
7874318979
7874721876
7893764755
7920530350
7926095480
7930293303
7932790496
7942108262
7954147291
7965830076
7974719759
7982595248
7993406391
7996275088
8049110770
8052093177
8052166472
8067461484
8080168797
8083651538
8089817542
8091978426
8104709314
8126551348
8133700020
8156820150
8164170368
8183175873
8193994708
8196252883
8229288660
8233743935
8243627606
8245660870
8253605575
8254180445
8264364123
8312190813
8314469681
8337971681
8362078222
8383382185
8387763054
8393770586
8393817512
8402208657
8413742591
8414175391
8414248151
8416181792
8428425840
8477053479
8503727014
8512779681
8529519978
8539716001
8553634503
8563709699
8584934104
