400122112
400455143
400560629
400778583
400845897
401107042
401616772
401768985
401831278
401944496
402159790
402180609
402230522
402521527
402593349
402680150
403066927
403451144
403458841
404526692
406090114
406497773
406676807
406688902
407136091
407921532
407997146
408026881
408273793
408530293
409475519
409726073
409911100
409945514
410426950
410900615
411110629
412315897
413303203
414232265
414879271
415297420
415470122
416370584
416827268
417480734
417785748
417976196
418047061
419564295
419951945
420040416
420116096
420493254
421290570
421469436
422744924
422801828
422959189
423234491
424071337
425127292
425266213
425369092
425902347
426270119
426496634
426877258
426951469
427276442
427391051
427435968
427657281
427802209
428268340
428903734
429145451
429147769
429387144
429722068
431334411
431406935
431459050
431606720
431609244
431657198
431946402
431997322
432241403
432803934
432978704
433313944
434123196
434168012
434696018
434700251
435044060
436065746
436414448
436429172
436452913
436522564
436736670
436925432
437169651
437611908
437722557
438223189
438803762
439122539
439143976
439512421
439514149
440252468
440421524
440684259
441227780
441303491
442001970
442599645
443366482
443446173
443522217
443858704
443999218
444497512
444670480
444684627
444707386
444892163
445672875
445912248
446243404
446429086
446576117
446648951
447020676
447059154
447161301
447348149
447667643
447897179
448925868
449088526
449368725
449628736
449648264
449989764
450511625
450575561
450869858
451262453
451646958
452538579
454735395
454748740
455429928
455765964
456187539
456755108
457600423
457874587
458000167
458571809
458576829
458622644
459322973
459467616
460123573
460195889
460404058
460416481
460619071
461095579
462792255
462907864
463155382
463431592
463549455
463731714
463866074
464198913
464586654
464786939
465303075
465865325
466381619
467094244
467899529
468627717
468692139
469291966
470045156
471248595
471328398
471467110
471658548
471675434
472784941
473723961
473977377
474189642
474453249
475017697
475045977
475116495
475134598
475515545
475581842
477003243
477512851
477561368
477961882
478038481
478062905
478252118
478932637
479437722
480780051
480791042
480822631
481489664
481678811
481888975
482664167
482882814
483175352
483547083
484746304
484905732
485324570
485399046
485859363
486730027
487561668
487965117
488763382
489625831
490827532
491081295
491521057
491840441
491946160
493750385
493774982
493868456
493871161
494409760
494631647
494651928
494769742
494973155
496385429
496960029
497376409
498358220
498408248
498811326
498858428
498891967
499050578
499121142
499125369
499291082
499445194
