478420534
515114720
558344663
585337450
611083171
646878580
657387929
714429160
730672248
730998939
732476561
740229561
751170851
756833468
814546580
817035116
839646816
871907942
891784512
894767002
897006953
907730587
917526227
933305723
969487856
1000792621
1029726945
1133603586
1195014056
1212008671
1214781406
1226572326
1230460254
1287608434
1338924230
1347886540
1351419776
1369745666
1377614900
1384419815
1408918154
1415033093
1478704110
1518215653
1527727776
1570402266
1578448364
1601029901
1637110226
1644657333
1654543498
1656045694
1676823304
1699781901
1716570819
1726113066
1761276847
1774076284
1790664364
1892137187
1915982076
1964751737
2133969179
2155894652
2166887765
2175024979
2178298546
2179025898
2182905727
2187573062
2193940532
2194251051
2199830754
2206560612
2208611404
2212844539
2214174717
2221490379
2221739518
2225745653
2225969229
2226851961
2227746526
2227993239
2235031095
2251863357
2252053206
2252088026
2256930281
2257040720
2257753348
2259219996
2260501133
2262198286
2265901660
2268089977
2273656445
2274045524
2274430586
2275867522
2283155726
2290375245
2291295831
2292349904
2294633017
2295996962
2296223458
2296260908
2300594393
2300743254
2300744969
2300988447
2301066339
2301524737
2303063323
2304979822
2305402148
2305491676
2306990686
2309432202
2313373387
2313557798
2315649875
2317751075
2318440697
2322084466
2323108361
2328841626
2329153424
2331659081
2333700734
2337040860
2337252515
2340156600
2340951938
2342109835
2344815533
2345149033
2349037340
2349668754
2350729414
2351968508
2356876698
2356919998
2357454397
2357970574
2359975065
2360988258
2364644617
2365913340
2366154102
2367616021
2372596427
2376804910
2378880325
2379143603
2380105442
2380305382
2382973019
2386556450
2392144191
2395176319
2399337808
2399889405
2400299259
2404193928
2404475575
2406280781
2415285823
2417821534
2417939295
2418123209
2418881248
2418962423
2419399780
2422547270
2427023883
2427517193
2427632036
2428212256
2433593846
2436735266
2441812101
2442279798
2445168003
2447251788
2455287850
2458822912
2461879963
2463772320
2463846932
2465059084
2467250623
2468185505
2474804904
2474872043
2477984941
2480802837
2485011829
2488127784
2491367441
2502213840
2506909057
2508006648
2508252366
2510220084
2511794139
2513377868
2525580143
2526981534
2530015867
2530397742
2532440478
2534104146
2538105353
2539316022
2541249128
2541989906
2542304081
2542634821
2543790209
2545194930
2545732995
2546938694
2549610798
2552091867
2552898229
2553979063
2554616181
2555425845
2555584070
2558601713
2559111419
2566003506
2567283576
2567660319
2567791898
2570880464
2570907719
2572014357
2573098096
2579759441
2579961841
2583915738
2584783703
2585681770
2589154552
2590949167
2592841503
2592953388
2593692774
2598193505
2598782424
2600759670
2602405602
2604048187
2605880359
2607520620
2608151096
2608481274
2608551737
2617832642
2618952108
2624507881
2625450994
2626929217
2627741457
2630024844
2632527956
2632574476
2635214692
2635367976
2635910701
2637153963
2638782457
2647366825
2650958095
2653930118
2654182915
2654197492
2657113171
2658602095
2659719010
2660050211
2660440348
2660538810
2660696636
2660722651
2661532604
2662211721
2662643795
2664548328
2666487812
2669285543
2672711715
2672840486
2674401915
2674780977
2676511595
2676538213
2679091997
2681006012
2681614414
2683440507
2686407361
2689043132
2691211083
2691641603
2692619301
2692654260
2693341336
2693499168
2695213876
2699465371
2700572697
2701683141
2702288463
2706387455
2707244729
2707416711
2707524894
2711239603
2712480102
2714220494
2715677603
2716689399
2717936329
2725276556
2734919895
2735596518
2737576679
2740495538
2754328605
2754550167
2754957256
2756675891
2756864466
2758790206
2758937130
2760534301
2760841209
2764647312
2766133853
2767395452
2769631982
2770950805
2779580391
2780122181
2780139891
2780509598
2781218361
2784427930
2784488955
2786920750
2789775761
2791612189
2793097660
2794903645
2797708803
2800091600
2802168901
2802791576
2805245601
2809087489
2810335321
2812037447
2812858073
2815526374
2816731899
2816855995
2820033793
2826026870
2828320812
2831620675
2831873980
2833336301
2833814506
2834162286
2834561505
2834746111
2837869297
2842494453
2844268660
2845001200
2845924265
2845948644
2849763967
2849857257
2850549226
2851279659
2855831323
2861540213
2865178268
2869206475
2870228578
2870649515
2872737342
2874046421
2874737580
2877289652
2878029619
2880679906
2883946338
2889694495
2891784910
2892452939
2893721618
2896348193
2896695662
2901229386
2902036606
2902458444
2903459394
2904046750
2912873647
2913852906
2917263654
2922034025
2922773374
2936181557
2944700454
2946737086
2950585974
2951175769
2953667210
2959576721
2960742258
2963169117
2963912986
2964812324
2965437138
2965921940
2967093373
2969898032
2970922325
2974018592
2976162265
2978520660
2979808311
2980571107
2981239664
2981340298
2982672376
2982881834
2985086236
2989884654
2992808638
2993214260
2999611431
3001127798
3006417006
3009156877
3025020477
3028382131
3033725469
3039757036
3041171056
3045038028
3047921588
3062286887
3065014181
3068549086
3074611983
3074880308
3075627190
3077478850
3081988747
3085054908
3087113762
3087556124
3092747825
3093420977
3094317584
3102727860
3103342458
3107491161
3108087799
3114417508
3125249522
3125269827
3131248001
3134110004
3134701456
3137652134
3137841190
3142799702
3145793517
3145935785
3146181936
3148160927
3149720115
3151659936
3153966146
3159141273
3161033601
3163820352
3178184770
3178683410
3179785786
3180477813
3183320085
3190651759
3191718167
3194929930
3196800432
3198567215
3204682005
3212615425
3218738970
3220508983
3226521785
3226765687
3227398947
3234274320
3238526224
3238605981
3244370818
3244418960
3245425459
3251787256
3255080827
3255659414
3257333454
3258326350
3258779913
3262271588
3265469136
3267817716
3268408626
3273659795
3274714954
3276879717
3278023813
3278121471
3279130359
3282986109
3285134650
3288202612
3288569644
3294097514
3294769447
3294961793
3298396538
3299437360
3301953319
3305087279
3308486289
3310167435
3310817615
3318265009
3318952745
3328870035
3329470847
3330643030
3331518772
3332265336
3333526444
3334024615
3335005354
3342314973
3344642810
3346630385
3349618169
3361915623
3364945108
3368856191
3370249558
3374268635
3375261341
3384903872
3386474550
3388452689
3393924510
3401782612
3403419474
3404296874
3405037846
3405295777
3407907534
3409222106
3409760516
3411112454
3413654093
3415563645
3418467243
3422583227
3423364818
3425766759
3426129984
3429484612
3433097857
3433331594
3434491523
3436266577
3440554049
3440715138
3442967080
3445979317
3446216647
3446866547
3454939014
3455448726
3457873502
3459224667
3459766351
3459922005
3460781757
3464877073
3470889507
3472886524
3476427591
3476594273
3476725472
3479583545
3482938562
3485694314
3489100551
3500003123
3506649892
3508508437
3510464082
3513755844
3514034105
3515195087
3517313494
3518394263
3519823203
3520665099
3523876987
3539084703
3541660746
3563008152
3563092996
3563740195
3564887329
3567076450
3569565762
3570508222
3577523224
3578461378
3581530042
3583991027
3588986524
3589924595
3590777579
3594967345
3598525833
3599490614
3600928093
3602623058
3603522015
3605596065
3605655697
3610532379
3611667148
3611854050
3611894512
3617757656
3622531607
3625284592
3628161592
3628818390
3634752182
3643117028
3647031451
3647223989
3654208985
3671276757
3671758205
3674132813
3677011955
3679159098
3685801963
3687990317
3692048017
3692538189
3706299284
3706827586
3706885673
3713295801
3717486321
3718924745
3722536471
3723278678
3723598929
3724024134
3724272129
3725732884
3727405152
3728683436
3729212722
3729471522
3729760588
3730695456
3734564362
3737272205
3741431870
3742023392
3749138609
3752293004
3752583521
3764249802
3766629979
3771614985
3772901657
3781537379
3781700645
3783609883
3785958123
3786619184
3786930336
3789922713
3796356616
3797086530
3800429442
3800826860
3803085023
3808041902
3816522591
3820511365
3821595310
3822084473
3823133208
3824552014
3826785635
3827123810
3827931263
3830163741
3832421029
3832612750
3833600904
3835607301
3836376533
3838028905
3838880612
3839242436
3841039065
3843245414
3847761462
3849682872
3849770226
3849963439
3855488461
3855578740
3864470641
3865690511
3869827131
3870145040
3874016667
3877274506
3880758856
3883330278
3888391017
3893621151
3896566929
3897162299
3898272285
3910943522
3912613017
3917243503
3918056057
3922174446
3922877837
3923537079
3923538864
3924746046
3926110049
3932667768
3933510856
3935099142
3935887020
3937804229
3941120900
3951359677
3951547265
3956421324
3956669581
3959760089
3968021659
3968850121
3969119188
3974407432
3976513570
3977717898
3979056909
3982447557
3982826839
3989623995
3998332028
4002035958
4013928137
4015673683
4021101389
4025338685
4025515706
4029644543
4044279267
4047519828
4060687055
4065974997
4069951922
4071547969
4079460799
4080962612
4081276321
4081853877
4084138127
4084655525
4086966478
4087026300
4094122240
4105244586
4110665344
4111005538
4120139849
4129859388
4129961515
4130391786
4130707851
4131646924
4135137525
4145258421
4147703758
4148801572
4155252726
4157529806
4160728981
4169663190
4179472846
4181192254
4183857323
4184860194
4186333385
4188879057
4189841571
4191004818
4194833490
4195725144
4203828286
4207726717
4208799970
4213520549
4214264866
4217672041
4218028560
4229528374
4235112916
4243518425
4245392082
4247207653
4250661467
4251158958
4252556197
4254405084
4268955116
4269952594
4273881295
4279687945
4279912644
4289341628
4296392153
4300389900
4306471347
4306813265
4307971275
4309700617
4310371271
4311101769
4311235133
4311303547
4313113456
4313484818
4320081655
4322617092
4323646947
4324619713
4325741144
4326034458
4329733018
4331472189
4334708997
4338381284
4344729445
4346553756
4347006422
4347195269
4348958501
4353979354
4362854918
4364101589
4368174739
4387136358
4390017716
4401014782
4401068042
4406186727
4408771641
4409391603
4410475523
4410587666
4411359539
4412145383
4415569764
4416186754
4416442084
4424360034
4426294315
4428234292
4428670304
4429196745
4431054175
4432862960
4434159780
4434879161
4439306956
4439469179
4440901721
4441916822
4445337473
4445891675
4447234398
4448069558
4451588116
4452149878
4452491112
4458115555
4459116528
4464537386
4464819521
4466603094
4468771893
4474141580
4477463424
4484634577
4485043966
4490119003
4497252235
4500757043
4501594261
4503962962
4504204784
4504698054
4505058346
4507765513
4508161079
4511448938
4512824534
4523882552
4526098016
4526851177
4527117267
4527790232
4532187473
4533126217
4533571692
4534289283
4536374302
4537805212
4537923383
4539824111
4540551154
4546969516
4553563687
4554249349
4558546787
4559137967
4559919278
4560379658
4561482094
4562326656
4562327487
4562851090
4566423815
4567348799
4569209408
4569914127
4569951504
4570295835
4571808056
4579795714
4580341902
4585512680
4586074715
4591781276
4591875625
4594182810
4597261349
4601180123
4602012475
4604600585
4605718950
4607163402
4608581414
4611494794
4612476251
4613722658
4614389965
4623409340
4628565400
4628875472
4632280665
4635153142
4637334781
4641276515
4642776278
4646009173
4647880185
4648762076
4650007620
4652073170
4657724482
4658302533
4659420355
4660908445
4662894859
4669422290
4670316751
4670407688
4671334947
4676049404
4682075805
4683700044
4684170182
4690223128
4691006239
4696728278
4700763872
4703455043
4703536909
4708721335
4711687253
4712161851
4712446448
4712942833
4712945045
4715834318
4717177602
4720599640
4722886379
4727546772
4732674955
4733411140
4733576458
4735466523
4737174489
4737826833
4746372175
4746416893
4746492732
4746508358
4746599682
4751879628
4752180549
4756536342
4760043232
4760720502
4763366377
4774765858
4778392953
4780131332
4780399520
4781386130
4781576409
4786232205
4789779998
4795521332
4802091981
4802656022
4806910759
4809522585
4810817311
4817595949
4820477230
4831290630
4834039090
4834210880
4836781897
4837523363
4838743005
4839672442
4841787021
4841884020
4858233210
4863676193
4868796167
4871691006
4872538780
4878307742
4880593737
4882891066
4883846047
4884754370
4893627021
4894869008
4905642948
4913784995
4921458559
4926986309
4931372173
4932593530
4935395495
4936112468
4938575198
4946412847
4947936683
4948192507
4948522700
4950869031
4951109841
4953122998
4954554421
4957124561
4957735474
4959649155
4970769972
4975947328
4981918056
4996821854
4999072663
5000854723
5007624449
5011558511
5012844504
5016088175
5022183056
5028232408
5029711307
5030841431
5035293109
5038596041
5038955905
5040092945
5043019338
5043908989
5047573397
5052851780
5057109111
5068290366
5071622106
5072452855
5075459645
5076149080
5078786386
5080918463
5081140174
5083748783
5088461158
5090738713
5091872352
5092132838
5099819860
5100745865
5101281118
5101647250
5105945033
5108145210
5108725123
5111121796
5113635463
5114614788
5119196847
5119766317
5120067190
5120240225
5122381658
5123165646
5126037318
5135968386
5142290314
5142765177
5145817415
5148678052
5150803348
5152330881
5153921559
5158473737
5158817762
5159085673
5160496357
5162265044
5165181056
5169218873
5170701023
5175699988
5179525134
5181648646
5181662046
5181990311
5182046027
5182511136
5183165665
5183283245
5183527126
5183937255
5187956526
5189520213
5189632280
5189718121
5190718751
5191984880
5192516817
5192926010
5193051114
5193612924
5194860336
5195963334
5197212912
5197462659
5204186779
5205412110
5206733997
5206779342
5210342141
5210576506
5212244496
5212705816
5214351059
5214379198
5216825424
5218060604
5220373344
5220452444
5222916403
5223146965
5224293711
5225250146
5233725180
5236887782
5237006867
5241616898
5244727230
5247005695
5250766139
5252714649
5252836084
5255649757
5258707291
5259999615
5260906779
5262190942
5262401169
5264418221
5266242334
5269388777
5269898920
5270669896
5271973538
5272756450
5273562334
5274999768
5277774085
5279322770
5282326609
5282617535
5284210187
5285014708
5286183198
5288018773
5290286388
5291944029
5292118860
5295359274
5295623266
5299085201
5302463187
5302901333
5303264992
5305444419
5315898458
5320824162
5325431225
5326652534
5329097043
5333490931
5334345249
5341995740
5343022263
5343924587
5343960900
5344920206
5345537293
5347333023
5347999938
5352106564
5353964508
5354052782
5358379483
5361113293
5365477568
5365490746
5367660784
5368465778
5368986464
5369505810
5369795277
5372290651
5372439142
5372988200
5373053578
5373117954
5374045776
5374382468
5376422596
5377767023
5377912536
5381736303
5384140455
5384730041
5392300857
5392828057
5395262169
5397416678
5401646439
5404168925
5406842951
5412299869
5413158019
5414959101
5416749473
5424124870
5425780870
5431308407
5433019012
5435921173
5437978431
5438352319
5438669598
5440139702
5440840158
5441209110
5443085791
5454434069
5457077160
5457867460
5459722479
5459919101
5462240113
5462846239
5465290013
5466998577
5468509256
5471281904
5471824811
5472187108
5473764799
5477175910
5479378887
5481985892
5487095144
5487377568
5487543946
5489026577
5489304219
5495859590
5499426843
5499455373
5499770781
5499976720
5503180267
5504010140
5505604108
5507548370
5508250115
5508823360
5510378417
5514207144
5516140686
5520107845
5520491603
5521050532
5521418104
5521873469
5528563090
5529362983
5533292270
5533335745
5535287786
5536608009
5538033711
5538047160
5538826538
5538880342
5538956849
5539525497
5539976528
5540269709
5540630619
5540740244
5541459654
5541607104
5541716151
5543433526
5545950889
5546648925
5549065363
5549726561
5553523134
5554382386
5554702505
5556430286
5558981143
5560971772
5562794776
5566364913
5567115666
5568409153
5571457776
5571583393
5571868765
5574471899
5575755959
5576024392
5576081363
5581265716
5582132676
5587448308
5588200878
5589340738
5591922297
5591975460
5592501372
5594528610
5596473790
5598694669
5599407592
5601946233
5608447160
5608684840
5608838708
5608974503
5612972119
5614337430
5615547881
5616348178
5616551819
5617089640
5617789179
5618948996
5620403268
5620439913
5621512744
5621638826
5628859314
5635592315
5635706690
5637874658
5640004155
5641208674
5641363181
5642794106
5646310240
5646847338
5648149712
5650434024
5654429711
5658118752
5664388804
5664747731
5665110093
5671485656
5672706206
5675657242
5678580604
5681603369
5682804065
5688733307
5689308335
5691909718
5693299855
5693801441
5694437940
5697119504
5698960611
5700023790
5703023233
5704407214
5704610548
5705472055
5708011772
5709316158
5710264682
5711116806
5715123097
5717677507
5717811773
5718330421
5719834041
5719872865
5720859625
5723016970
5723916479
5724898857
5725102827
5726555350
5728263131
5729250854
5729460096
5735866432
5736419482
5738272439
5739565195
5739670539
5741122389
5745228587
5745516589
5748880940
5751356701
5751903258
5751906801
5753287253
5754088098
5754656039
5757268017
5758744854
5758925385
5761108521
5763359220
5763803446
5766200011
5767983228
5768066263
5768185640
5768558678
5769626448
5770423593
5772808345
5772938775
5772963311
5774362563
5775189836
5776047076
5776821133
5779098126
5779935874
5781995397
5782683014
5782846397
5787799770
5788857632
5788940835
5793537827
5797154236
5800141211
5803867418
5807238767
5807835172
5823753027
5826149197
5826209191
5831402405
5832301235
5832414276
5833859745
5834533059
5834591495
5842936915
5842966489
5845342025
5848306335
5851621894
5852852013
5852858076
5860034842
5863162066
5865692078
5871757252
5873241298
5874280554
5875271809
5879460846
5879798022
5883856497
5886601525
5886611443
5889903336
5890097932
5890801881
5893934523
5896412547
5898609357
5898800423
5899165198
5901105690
5901428682
5902185824
5902715312
5903391839
5905090468
5905179030
5908599239
5910230510
5910711546
5912072542
5917441143
5917959664
5919028185
5924329100
5924342336
5926995963
5932973900
5933191480
5936223417
5936284420
5936573189
5936601486
5938184692
5938745161
5941362057
5943085798
5946123445
5946515060
5948108623
5949644530
5950527283
5951799188
5951962151
5965297213
5971269542
5971739200
5973861025
5974702375
5975271596
5976365066
5976636340
5987496811
5996971156
6007163729
6016793382
6025143283
6025727651
6026197954
6029948138
6030827184
6033105374
6033855214
6035111523
6036824510
6040310796
6041544573
6044595218
6045466348
6046369201
6046452603
6048321352
6050840692
6052026142
6053765639
6057512443
6060180915
6060621993
6061336322
6063180377
6064429384
6065158575
6066487393
6066947357
6068134926
6068934178
6069650970
6071237735
6072731171
6072787254
6074089572
6074342940
6074758689
6075409924
6076591568
6080550436
6080600204
6085736915
6088369098
6091601334
6091786666
6093561663
6095144729
6096035217
6098980813
6101396402
6105637548
6106204181
6107108130
6110943996
6116059990
6118999588
6122396801
6123551971
6125764820
6128699032
6128882473
6134197585
6135260592
6142064370
6144117693
6146858054
6148214891
6148517830
6148843991
6152711595
6153342523
6154209868
6155019419
6156072293
6156281389
6160250982
6160474831
6160760174
6164302799
6164654990
6164931972
6168777321
6168942350
6172068325
6176395311
6177110097
6179013151
6180163207
6180634170
6182431264
6184755683
6188043801
6190285426
6192584263
6194899395
6195588932
6196978930
6198920206
6199284337
6201085623
6202664374
6205881620
6206813809
6207911559
6208595749
6209643709
6209853043
6212442487
6212808931
6216900585
6221273357
6222679621
6223834673
6224482312
6228796553
6230226112
6230229741
6233685440
6234619575
6236864376
6241623168
6242694812
6247179483
6247762726
6248620122
6248956200
6249243945
6250803406
6253210818
6255647604
6257514522
6259722227
6260234674
6260808352
6266145781
6266369830
6269641469
6273057280
6273564024
6278049277
6280392007
6280436789
6283688189
6283790857
6286504202
6287839054
6291270084
6294373582
6296879669
6301221912
6301883370
6302842006
6304949165
6305793248
6311660490
6313581305
6314537694
6317323532
6318099416
6320568835
6321901191
6322769200
6323991943
6326669394
6328758142
6329404862
6330001917
6330435847
6331462783
6337350311
6337645481
6338648910
6341078545
6341192110
6343245685
6344409615
6344523508
6345394231
6351474601
6351903839
6358036489
6359759995
6360440027
6360647319
6366071519
6369078188
6370414003
6372723683
6373315564
6373667427
6376198086
6376661910
6377565748
6380737336
6382839808
6385102220
6386892344
6387578557
6391601653
6392732061
6396146575
6396216503
6396953280
6402414645
6402531082
6404787840
6412472714
6412855954
6412954802
6414144036
6415429928
6416492766
6416705237
6420069249
6420302676
6420670204
6421430208
6422581249
6425021662
6425993743
6426757517
6426919454
6433240350
6433788922
6435885455
6438765301
6441784757
6444679020
6445486098
6445601737
6447690164
6448520113
6449853841
6450153408
6455878438
6458591994
6460394532
6462551067
6463114753
6466846243
6469989464
6470440229
6471176025
6473839647
6474846157
6476835385
6477174999
6478361468
6479013842
6479565487
6481841101
6486939290
6488788144
6488941663
6490412311
6491222972
6491697591
6491842511
6492773349
6498045338
6500763007
6506210453
6508119383
6508248418
6510524308
6511959687
6514107616
6515369522
6517467197
6520404655
6523100399
6523323403
6526337427
6526987630
6529550478
6533502168
6534734504
6536366805
6538065107
6539185117
6540838833
6542791477
6543768628
6544760078
6545122800
6546662259
6548804783
6552946243
6554534067
6557753510
6557860724
6566260225
6566400407
6566993186
6567468340
6568003201
6574376939
6575029993
6579731582
6582310360
6587621746
6588257090
6590198211
6598465068
6599451116
6600830074
6601618837
6603764353
6604914916
6606713726
6612846011
6615660123
6615906804
6616455728
6616665795
6617791283
6619242429
6619745394
6619786415
6620267603
6621147157
6622471720
6630979021
6631924102
6632173676
6638160691
6639670892
6640032999
6641149178
6643835065
6643992727
6647662047
6650946475
6652637574
6652738867
6656167202
6657172925
6662343520
6665969241
6668146611
6668324231
6668541823
6668827080
6670732887
6673139657
6677244369
6678053120
6678359972
6678896515
6679806113
6680850793
6686929103
6690363284
6693341974
6693774337
6694196434
6696475040
6700333197
6700388539
6704529138
6705873609
6707658957
6708261294
6709421563
6709681198
6709860390
6709943726
6711054777
6711122031
6711748522
6713018897
6714037382
6715882369
6718809443
6723812029
6725504970
6727363484
6728726618
6734103708
6737031199
6737182460
6740067301
6742870742
6745901721
6746004886
6747479201
6749396634
6752904886
6755031045
6758629839
6762459252
6766140916
6766146478
6766902976
6767148702
6768394221
6769592913
6769660709
6770063530
6775057914
6778184548
6778979813
6782183250
6782258063
6783472037
6783750242
6784862552
6794846476
6800234833
6802521507
6803548604
6814865193
6814958911
6820562455
6822487044
6826103994
6826884677
6829827230
6832471780
6833202826
6833250971
6833982230
6835698535
6838588934
6842104233
6842794056
6845835625
6847819313
6851187285
6851449545
6855229108
6856165520
6857220752
6857774640
6860135896
6861945234
6864481698
6865688510
6867764522
6872978066
6873337912
6876339611
6878622018
6880458267
6880633568
6881584419
6881813605
6894829873
6897052640
6897754928
6898332265
6902630457
6903421872
6904329277
6905485862
6908923268
6909007233
6910115262
6910501458
6912211991
6914500921
6914951383
6921266140
6924945497
6926027198
6927339039
6929058860
6930241190
6931007628
6937348516
6941194852
6945919823
6947242289
6949306288
6952638214
6955112107
6956565578
6958288120
6958289564
6960766667
6962363793
6963598860
6963965851
6967484326
6969361273
6969482131
6974695225
6976135276
6977583531
6978086373
6983756287
6987402634
6993128777
6996651025
6997004390
6999551049
7000725808
7001287583
7003298475
7003795870
7009948492
7014497830
7015213410
7016690657
7017533329
7025721621
7025932842
7026262968
7026611196
7029325208
7035842719
7039356225
7039880927
7043523788
7043622588
7043987255
7045377514
7048436095
7049920219
7057072293
7057727088
7060438990
7062101508
7065193222
7069652521
7070366221
7072883841
7074161065
7077366939
7077588095
7082990536
7083594693
7083682169
7085186946
7086691917
7086771911
7092618212
7093097988
7093427352
7093814661
7095713846
7097108301
7097460757
7099848415
7099976426
7105421819
7108716573
7112062538
7112536226
7115328564
7115450624
7120228207
7121118511
7122978940
7128699508
7130681776
7132755991
7133138258
7133186949
7134694804
7136582736
7143886820
7146244671
7147285291
7150277783
7151135501
7154676775
7155150068
7159119582
7159242781
7159313851
7161741587
7163639447
7163776718
7164138482
7165556632
7167128373
7167685422
7168265960
7169226967
7169670474
7170362997
7171843117
7177935037
7178073467
7179175462
7187374549
7187959882
7193207070
7194424169
7194875957
7195455362
7196772035
7197075760
7198058402
7202324177
7202479540
7204956573
7207027397
7207275211
7212515702
7212776762
7213504681
7215415615
7219671664
7219996131
7221201486
7223492392
7225576832
7227738904
7228599910
7234214970
7235479866
7236036404
7240927106
7242201518
7243230068
7243637243
7243833873
7244522702
7245850324
7247237804
7247694335
7251950203
7252370083
7254057624
7255649858
7256483043
7257723387
7259354145
7259951262
7260793440
7261092811
7266709956
7275080590
7276149922
7280353946
7282593017
7283372792
7284041176
7284099200
7284758818
7285103830
7285657713
7287602680
7290945560
7291291312
7294107815
7295521462
7297235559
7298222129
7301842885
7303814968
7306593450
7307952007
7310658202
7313987403
7317863933
7318071446
7320366405
7321855589
7327511976
7327655023
7327933352
7332218271
7332672870
7333534358
7336897484
7341792922
7342208607
7343345946
7346376523
7348640198
7349417073
7352854946
7354315255
7361120560
7363733362
7365157886
7368664017
7369680457
7372060445
7372286050
7373255242
7375793846
7376528405
7378648015
7378826302
7378920147
7379703656
7380604468
7389604051
7395537887
7397670781
7399137252
7402474900
7402518417
7404243155
7406491701
7407078105
7413766741
7414571300
7414855449
7415323584
7416253734
7418307418
7419641052
7420966000
7422584441
7423185924
7425746415
7434122507
7434209789
7435588982
7439896392
7440339489
7443907236
7445982977
7446774471
7447384118
7449325948
7451428149
7452309419
7453800580
7456258095
7456853556
7459315381
7461392547
7461923029
7464786147
7469215366
7470054556
7470177946
7470238643
7470902863
7471234396
7471434952
7475702813
7476504931
7479481014
7481947258
7482537119
7482616060
7488268730
7490640988
7491321557
7492140897
7497103320
7497215283
7504561556
7505630670
7506697100
7506846991
7507011738
7508415009
7512939362
7513180295
7515821018
7518310706
7521015878
7522123140
7522980509
7523561998
7523877809
7524354601
7525136278
7526030699
7526923778
7528005101
7532387124
7532599596
7533081701
7533394109
7536943642
7537921907
7539227626
7541878051
7546838147
7547444245
7553567159
7555979991
7556480471
7556795131
7557219514
7561669463
7562461256
7563177218
7563517670
7565724885
7569745575
7569787588
7569922391
7572595380
7573042706
7574890193
7578317919
7580777799
7581972899
7586123709
7587102236
7588144957
7588398591
7592013470
7592873453
7593215956
7593797473
7594201079
7596077007
7602525053
7602752113
7604878701
7610931273
7611830452
7613100444
7613326605
7621010356
7621184423
7622879893
7622935862
7629051157
7631410747
7632167939
7634057436
7635226425
7635230875
7636047670
7636431050
7637970153
7640349141
7643378698
7647140996
7647458270
7649528607
7651320597
7654129347
7655173649
7657772366
7661832276
7664740395
7665193056
7666516368
7674398195
7674660523
7674672425
7675472546
7676475194
7679618822
7679913204
7682212477
7682883605
7683363742
7686285458
7686952588
7687756661
7687800709
7689659191
7690075670
7691082923
7691760365
7693435810
7693939848
7694857633
7695014185
7695823020
7696828702
7700367867
7701116308
7707387410
7708379909
7709744623
7711183608
7712030188
7713075658
7714012223
7719987395
7720532054
7720794152
7721074184
7721937640
7725073139
7726325489
7726559133
7727360219
7732195301
7735698111
7735998684
7736863401
7737017173
7737308473
7739053888
7741335419
7743292096
7743726497
7747193871
7749011395
7749113533
7750898649
7753273491
7753616420
7755667504
7758090422
7758272231
7759013507
7761176050
7765438625
7767845283
7775446196
7776559728
7781401316
7781732740
7783423586
7784755977
7785950960
7786247236
7786287606
7788932851
7792562319
7792882128
7801205163
7801451654
7805980499
7807405533
7813738551
7815140929
7815675329
7816640926
7816901617
7817838929
7818538451
7820187293
7822683287
7822783861
7824291619
7824715336
7825378591
7825783302
7826170101
7826826625
7827119211
7827944454
7829157702
7832404523
7835494060
7837082639
7842985861
7843546410
7843671031
7843961545
7844844097
7846253036
7847978894
7848577603
7851457052
7852405657
7854635661
7855545372
7857781974
7859968523
7861601114
7862347371
7864975510
7864988343
7866115165
7866951257
7875130472
7875274658
7876187867
7877558387
7882501713
7885265116
7885996271
7887088684
7889286796
7889550854
7890191547
7890348606
7893567148
7897818325
7900817275
7908860126
7909244043
7909786089
7910784681
7912231764
7914319271
7917894363
7919331579
7925412865
7928690492
7928973230
7930618720
7934005357
7934851921
7936491003
7938730387
7939469785
7940738403
7941592522
7942464411
7943975675
7951784869
7951791918
7952188823
7952277812
7954626893
7958354848
7959283073
7962600160
7963721485
7964719747
7965088168
7966023160
7966039014
7966144991
7966914643
7967427590
7968439221
7969395483
7970531249
7970720986
7972215148
7973286829
7981422008
7981856073
7988648436
7989701244
7990174677
7990761111
7992650228
7995720283
7997301599
7997704395
7998589929
8001288656
8007164159
8010130645
8023234595
8023591333
8025190995
8026986601
8030127771
8031700411
8034244898
8034326706
8043232444
8043351154
8044396087
8045343712
8046879228
8047797945
8053312175
8061112921
8062560270
8065254448
8072493209
8075790224
8078744462
8081224604
8082123775
8083750731
8085349263
8086529792
8092441698
8092612107
8093557741
8093714678
8095212571
8100154342
8100178210
8100674924
8101864563
8103995335
8106623567
8107248634
8109144979
8111444854
8112451485
8114899616
8115608667
8116563628
8121494129
8124690713
8127777136
8128414060
8134833183
8135357669
8136811693
8141486899
8147221597
8149389886
8152588853
8155713576
8156136761
8159976470
8163113223
8166181561
8172339486
8172911162
8173178223
8180492793
8181974546
8182129421
8185966296
8190831860
8191162299
8191880430
8197384976
8198963782
8200402483
8200857071
8201244098
8202019801
8212007998
8217903798
8217924544
8220676995
8223606285
8228463838
8231616657
8234927220
8235576485
8235664843
8235982022
8236679913
8236982794
8237707379
8240520002
8243353240
8244624060
8248862191
8249647950
8250029091
8251102872
8251620811
8252236846
8254259418
8254280644
8259395945
8259823834
8262827896
8266183040
8266420190
8271222648
8273547555
8276475548
8277774693
8287700046
8289463830
8293206731
8293535573
8295091340
8297363540
8302233992
8302733720
8302941559
8304239198
8306030329
8308085534
8309056793
8318851331
8321296599
8322457111
8323495096
8325091829
8328290111
8329471384
8329722848
8329954521
8332301510
8333170476
8339850488
8341094783
8344806122
8346033852
8346133229
8347242823
8348848332
8348952819
8351119068
8352145283
8354509096
8354912119
8355487213
8357986665
8358905220
8361192821
8361402004
8361407547
8363836315
8365581140
8365886398
8366581676
8369731357
8370406229
8371245117
8371387693
8371671478
8375251930
8375692818
8384688423
8385006623
8385572781
8387568520
8388207702
8389717305
8396081237
8396849142
8397612155
8398961265
8401336049
8403149278
8412165442
8412519647
8412553101
8416808308
8417296130
8418351122
8422484921
8428928681
8429838040
8432417899
8432728050
8435754225
8436079286
8440159605
8441343284
8445328381
8448450769
8449805111
8451153660
8453201360
8455636586
8457437363
8457606198
8458179120
8460652672
8462125559
8464377130
8466804351
8467412578
8467701537
8468170896
8468267398
8470716910
8472762660
8473974011
8474090300
8477905962
8479883943
8480537159
8480726868
8480758368
8481898813
8482097546
8482710149
8485849720
8486850981
8491112041
8491460529
8493792198
8497028279
8497854017
8503009344
8509562024
8509631416
8513998519
8514299939
8515111939
8516095001
8517526334
8520437434
8521509576
8522579639
8527715490
8527778369
8529637963
8530189742
8531182021
8532015056
8537642192
8539690796
8540760532
8541766954
8541799785
8542421091
8545106298
8546337195
8549870786
8551963698
8552114483
8552581714
8555776617
8556679666
8557236354
8557447557
8558363860
8562716510
8563247443
8563552337
8569934541
8572456544
8573009043
8573021609
8573166760
8574262411
8574346718
8575766725
8575812899
8579760840
8584368818
8586502925
8586696930
8587201488
8587457943
