419158882
451749520
454407045
470100838
470850228
481524717
547976050
557298560
591716488
608687025
612198108
633063499
683759457
702533321
710563554
713663722
716886996
717215959
729482824
731887504
747530977
754363100
763785661
770339206
774928672
780938724
798261730
798464504
800987002
806669794
810313237
816463158
827984603
830128011
830561704
836079099
839515136
839587960
839842007
844662012
850229893
865947991
872246141
878169198
880096616
895275346
900609649
906140031
919219497
925981026
928292804
931015805
945719590
954748587
959795836
959907296
962530514
970327605
974767295
977798703
984858640
989448535
990534309
1013280748
1026101804
1026411200
1031583420
1057422217
1058859596
1068008118
1071216717
1129238498
1142351823
1144055696
1145869838
1168226164
1173621213
1176514855
1181748032
1207529721
1220076929
1249412333
1253411914
1262417539
1281723891
1300486210
1308898435
1314092274
1325517286
1333335634
1345511151
1350384352
1375295226
1382960531
1393620519
1412917101
1425366213
1429851277
1439926289
1442997424
1450418344
1454480302
1464493522
1468852728
1469776417
1524334135
1525430162
1532281101
1549509934
1551528543
1581559437
1608174254
1610596089
1627621046
1638854991
1654231642
1658000188
1676031055
1691960782
1699346128
1707080673
1714711396
1744913363
1749612385
1749718793
1766870948
1770123213
1770810602
1789777267
1800929658
1806694758
1831876661
1832455419
1835168347
1840037838
1840188961
1843580575
1869048488
1870816075
1873036544
1877452144
1904249726
1910957624
1916022801
1925660295
1938382200
1938444319
1946056688
1953786304
1957640800
1982602062
1985712921
1996931802
1999480240
2011098311
2015353207
2028744237
2029052588
2043620631
2073644212
2083949419
2107856192
2126159721
2150533891
2159711973
2174231529
2178796701
2184994528
2208498054
2209752516
2210425251
2211403247
2212357756
2216011757
2228736529
2234078334
2237947669
2243003457
2243087590
2244251542
2246575731
2246793743
2251683502
2258614239
2263303387
2266261229
2266521407
2267930808
2270260399
2275596875
2279069548
2279467037
2282257512
2283586949
2286346873
2286784820
2289265038
2289376964
2291278177
2292695631
2295545068
2295682042
2296890952
2297155345
2301200812
2301652020
2303791676
2304732317
2309406157
2311246480
2311700916
2312519313
2312911986
2313449841
2315488573
2315770309
2317573220
2317623014
2319308458
2321725605
2321800057
2324244595
2324604476
2324973811
2326128633
2327126081
2327574423
2329477735
2329541306
2332897438
2332905176
2333340497
2334188009
2336584223
2337914907
2338097130
2340261762
2340699061
2342953331
2344673894
2345031646
2347080024
2348595809
2349771731
2353300930
2353545900
2355216539
2355762452
2360195717
2362476516
2363524007
2365295193
2365322877
2371574092
2372202223
2376788715
2377112685
2378635710
2380494389
2384186979
2387619996
2391298144
2391689467
2392598187
2393507193
2395154053
2395668682
2399065427
2399140307
2401154782
2402275912
2402443625
2403182152
2405647253
2407451159
2408453564
2409239473
2411923704
2414822097
2414865020
2416601538
2420560537
2421679494
2423158991
2430654363
2431460081
2431587511
2432236083
2433083559
2435781406
2438928450
2440218691
2440344743
2443475158
2447204354
2448514956
2450615728
2453064419
2453580963
2460604332
2461872078
2463371716
2469966637
2472875174
2473463178
2475183485
2478702125
2481523793
2483030620
2483557141
2484068031
2487311745
2489370056
2489501599
2489566043
2494062021
2494944384
2498772106
2502639701
2503155844
2504341127
2505107297
2511719401
2513025787
2514603731
2518294846
2520442105
2529738455
2530204266
2530266605
2533032243
2533168499
2534383946
2535009874
2535846763
2537229013
2538857112
2539274142
2541022048
2541594052
2543245327
2544027874
2544346305
2546493745
2546770509
2547317247
2550520948
2552206622
2552522804
2553396801
2553592219
2555828172
2557643169
2558725383
2559214368
2559426693
2559872273
2562086934
2562227423
2566111224
2567255414
2567658122
2568082182
2568233208
2568265667
2572286342
2573613837
2574958286
2576258779
2576813240
2577579679
2578379779
2581885891
2582268879
2582643663
2583163683
2583805891
2584194463
2584662143
2584733043
2584963275
2585275486
2585643591
2586689468
2586949615
2587112617
2587363258
2591246881
2592702048
2593121191
2597850325
2598414759
2602115327
2607332500
2608232562
2613046650
2613598540
2614738997
2615886843
2618206939
2620124651
2621743307
2622263486
2625149644
2625854226
2627322764
2628404150
2633169146
2633694460
2634651432
2634947712
2636089639
2636173130
2636957012
2638035984
2640568164
2640780919
2641557022
2641584651
2642025299
2642144403
2643265430
2643613639
2643772651
2647084096
2648679183
2650877889
2655571767
2656235979
2657237464
2657545508
2658717848
2658940624
2660030467
2660504165
2661362949
2663264097
2665473589
2667339469
2667381477
2667834432
2668190436
2670400056
2673927617
2674534328
2674586325
2674719532
2677431611
2678049229
2678070233
2678471654
2678641428
2678934372
2679357502
2679953893
2681050922
2683286294
2686290119
2687624812
2688354398
2690054384
2691535019
2691618905
2691808211
2693654694
2693984693
2694866010
2697584005
2699218369
2700083020
2701375019
2703717908
2704273334
2707912264
2712396543
2715172990
2717300625
2717484751
2720738803
2720890751
2723065235
2724195027
2725214387
2725666667
2726138939
2735687754
2736573597
2737627400
2738397958
2738899604
2739601286
2739849344
2742625951
2744320767
2745049570
2746612318
2746911895
2747782304
2748588010
2752366807
2753177898
2753558389
2758392596
2758738168
2759093863
2759759632
2761520415
2762466851
2763638619
2765391427
2765812260
2767381012
2774299273
2775032060
2778927648
2779079782
2779836727
2784064629
2786897754
2787845649
2790628348
2793015483
2793200768
2795909890
2796019720
2797926402
2798048777
2799899152
2802055197
2804135986
2804329855
2805762292
2806842359
2811052722
2813143679
2815288539
2815754923
2816161795
2819336075
2819667877
2820379160
2820669012
2821659978
2822552923
2827689666
2828980145
2829859085
2830765235
2831350761
2834028694
2834086741
2836352466
2836353631
2837825575
2840901111
2842039587
2844352332
2846026043
2846227046
2849839010
2852411524
2855605754
2855655877
2859744134
2859965646
2861984127
2863811856
2864667539
2866752225
2867570816
2869067543
2870934047
2870954675
2872018475
2875286133
2876978970
2878268925
2883037368
2884890311
2885536413
2885979044
2890404804
2892729156
2896876782
2897121214
2897528026
2897588334
2898676363
2899712812
2900776127
2901086982
2901692883
2903796467
2904174995
2904491239
2905996670
2906127786
2906857152
2911234034
2911368185
2912058094
2913875386
2913972944
2914181501
2915436793
2920091789
2920667444
2920893688
2924178853
2927786731
2927789727
2929066488
2930812808
2933647526
2934906222
2938768141
2939911076
2940336553
2941572105
2943485872
2946471721
2947535512
2949748585
2951947788
2953529010
2955179760
2955912962
2955924525
2956481776
2956754667
2957536128
2957934017
2958533782
2959659818
2960242620
2960535861
2960600265
2964298171
2964616607
2964772882
2964798330
2964995708
2965314474
2967582632
2968302725
2969399968
2969844784
2971371330
2974407130
2975988651
2976367998
2977194572
2979621139
2979702201
2980682918
2983566773
2988294943
2989119601
2989724342
2992290728
2996072828
2996347306
2997613414
2998434982
2998459288
2998826801
2998948486
3009417583
3018751040
3021173089
3027380305
3027578363
3032972842
3035435924
3038564260
3039558943
3039845269
3045010849
3051117112
3052066136
3053799666
3053841471
3054633828
3055983768
3058247517
3058742298
3059826735
3060946407
3062922022
3068011031
3070511816
3070616000
3070806805
3071209523
3072203600
3072714111
3074705800
3076230052
3082822460
3087405557
3088735350
3091172389
3091543646
3092646168
3093813313
3096521320
3099927238
3100514145
3102168797
3102899296
3105534233
3106539038
3106860329
3108723070
3109861275
3116532318
3116850100
3119108857
3120888753
3125424529
3126054381
3129838218
3132092496
3133975981
3135860392
3137053935
3137572822
3141157878
3147482554
3148784423
3148824048
3148973624
3151567084
3155518677
3158140320
3162531938
3165260150
3165540597
3165824067
3167272048
3171423638
3173988706
3174182544
3175527123
3177170969
3178264444
3183347481
3184793076
3185898326
3186905555
3188279813
3188743095
3189843770
3193481623
3196039171
3196712221
3197013651
3203850592
3203901233
3206106238
3206923981
3207412166
3207908065
3208574366
3210497952
3212195698
3214083277
3214689205
3215300134
3216429400
3216932202
3221676249
3221897674
3222972596
3225372944
3225483409
3226309563
3228717207
3230771738
3230917071
3231012616
3233796715
3235961820
3237411735
3239667658
3240735860
3242238839
3244574228
3246175789
3246183998
3249906428
3250940079
3251082742
3251508096
3252593874
3253189550
3253378135
3257440070
3258429346
3258748441
3260081355
3260241829
3261311771
3262143775
3264165069
3264488817
3264746961
3264802634
3269924227
3275300722
3275864932
3275956634
3279419300
3281079164
3281904924
3282364228
3284148438
3284607565
3290345993
3292675721
3296516525
3297492079
3298616271
3299867617
3302058668
3303087757
3303756968
3304926570
3305193579
3305641407
3306210731
3309897662
3311253202
3311602507
3313113825
3313826332
3318993429
3324003772
3324903061
3325430478
3327902170
3331713834
3333242964
3335449349
3336478586
3336670174
3341144000
3343145102
3343309234
3344639445
3346593993
3346729020
3348583476
3353838747
3354526081
3354633064
3355873399
3360266565
3361430114
3362712142
3364653946
3365123880
3368152241
3369605766
3371178744
3374867454
3377594913
3380289566
3382758199
3382877910
3383381098
3383991029
3384368163
3386588028
3387346650
3389289182
3391313291
3395514002
3396023802
3398282084
3399063510
3405291472
3410332596
3412689745
3416088710
3425337522
3427217431
3429165732
3432200551
3433554040
3439048836
3442909976
3447746942
3448524127
3454764946
3465127760
3467074229
3471483140
3472635169
3473783678
3474970054
3477760937
3480036755
3483922687
3483956626
3484222415
3488474023
3491246700
3493663523
3494508146
3496400156
3502128081
3507106688
3507377268
3510516578
3513488678
3514756795
3521381945
3522075262
3525780232
3526140426
3526353597
3527135533
3531894165
3536157688
3537932901
3538365012
3539627250
3542650362
3543484106
3546437342
3548499335
3552227511
3553689994
3555044369
3555846382
3558621600
3559292215
3561455140
3562083116
3562113714
3565439862
3566376976
3567035775
3567759809
3571251193
3571878255
3572104341
3572982379
3573248803
3573266660
3575641975
3576648474
3579555753
3579935290
3579989940
3581065384
3584724395
3584991273
3585294422
3585457941
3587292543
3587789625
3588078255
3592210282
3592644701
3595036139
3595686876
3596748128
3597026642
3597413944
3601112719
3604744615
3606893463
3610174924
3615002200
3618406958
3618639521
3618643738
3618773971
3619823982
3621967013
3622669235
3623700388
3626315342
3626875688
3629567471
3631327627
3632398431
3635665828
3636877836
3638991929
3639668845
3640105365
3644525475
3645328427
3647955544
3648281768
3648566391
3653242452
3654702891
3655690451
3657607352
3658927701
3661139045
3661276981
3661502870
3662612438
3663730165
3664158255
3664749299
3665366051
3666166260
3666727144
3667117661
3667463486
3671802184
3673536882
3675646645
3676451462
3677757926
3678802119
3679463431
3679793913
3680360924
3681271926
3682478275
3683393140
3683637241
3683640583
3684044713
3684400483
3685255487
3685981377
3686556096
3690565745
3691116628
3692435616
3693932334
3694012430
3694195577
3695065671
3695805032
3697701713
3699801607
3700644974
3702094804
3703132339
3704250161
3704973985
3708193746
3708324209
3709849390
3710128862
3710242361
3713363010
3713598196
3713922772
3714376452
3714956259
3715611336
3716580602
3719139658
3721291642
3721550383
3722901024
3723028658
3724312588
3725190052
3726741012
3727117433
3729833365
3729881432
3731420471
3732321572
3735405239
3736221813
3736366430
3736445019
3738287616
3739198288
3739954580
3740805965
3742593547
3743447302
3744368025
3745304727
3745660253
3745731717
3748078168
3751587205
3755185314
3757870605
3758526969
3758788056
3759091124
3760103721
3760693632
3763264272
3763358026
3764836229
3765202246
3768141719
3768847566
3771277544
3771535106
3772657498
3777123609
3779730639
3781919130
3782155422
3784820816
3787528051
3789553186
3789873324
3790072298
3792550448
3794484472
3799402704
3800036838
3800971946
3801048999
3801273093
3802767722
3803019205
3803418152
3805314814
3807681546
3807690230
3809747115
3812076377
3815824610
3815984110
3817223641
3817234306
3817680156
3820605811
3820902197
3821619029
3822680934
3822902278
3824246160
3826226817
3827446965
3830742356
3832539613
3834160151
3834454927
3836111700
3836821044
3838337631
3838959069
3846367488
3846513730
3846561551
3847393743
3847857626
3847947153
3848670537
3850361824
3850931426
3851097655
3853146017
3856093039
3856612930
3857132536
3859019965
3859615905
3862263507
3863897057
3865671311
3866040951
3866702263
3866871134
3867088407
3867954854
3871676454
3872620592
3873354075
3873366877
3873929445
3878928997
3878992629
3879779306
3881771157
3883027695
3883380284
3884184607
3885862077
3886779510
3886905842
3887772125
3892041534
3892111154
3893093811
3896279369
3896592885
3898479779
3898512636
3898980640
3903875794
3904934891
3905795948
3908760222
3909582560
3910908317
3912917951
3912951640
3913573917
3915030766
3919669621
3920938406
3923467501
3923609711
3923892056
3925916880
3926842559
3927290783
3927347814
3927442776
3927471024
3931147915
3931325251
3933803069
3933853678
3934681404
3939280777
3940648768
3941163393
3942268409
3942770032
3947375902
3948128752
3948991791
3949719634
3949871624
3949976015
3952469068
3953016133
3953358751
3953504587
3954594337
3955521896
3955523607
3955608368
3956279880
3957617290
3961952750
3962611243
3963782859
3964392719
3964642864
3970875590
3975194613
3976594214
3978787002
3978907685
3981879964
3982235019
3984815041
3985193493
3985643318
3987569591
3996794587
3998016907
4005759698
4006025060
4007324073
4011841320
4012139135
4014179271
4014585344
4014804250
4019213470
4021079440
4021317510
4022329820
4023842866
4025123585
4025451295
4028341676
4029615411
4029615659
4030085967
4030106518
4031952321
4038127904
4038641696
4039602948
4039619413
4040064848
4042002816
4046274798
4047733073
4048090537
4051270123
4052993328
4054903394
4056586923
4057032580
4058563651
4058953009
4063100865
4066205224
4067347274
4069126909
4069851774
4072004060
4074454692
4078243567
4078575919
4080884466
4082490157
4087915939
4091748004
4096291232
4096533389
4096786576
4098449800
4099590124
4100221698
4100319163
4100821649
4101289147
4104584408
4105056679
4105405752
4116500874
4117410232
4118041977
4119522981
4124211295
4124351274
4125473119
4129598838
4129884189
4134253969
4136402905
4140374006
4143851879
4145116015
4147972757
4149316595
4162404815
4164038503
4164696336
4167757665
4169505759
4172972338
4173609507
4173878386
4175777923
4177142946
4177995398
4178664434
4179618126
4181018246
4182081880
4183160493
4184325853
4184481014
4185409054
4185686702
4194012568
4194061625
4195911512
4197379856
4199626147
4200751074
4201274180
4202399999
4202492565
4203503562
4208480984
4209568688
4211169387
4218074778
4220314922
4222676207
4224636049
4225396964
4229017223
4231135494
4235535228
4239004587
4241077415
4241406527
4246188755
4246393827
4246687966
4249792693
4255332736
4255832992
4258099000
4260524471
4262663138
4266605559
4270007593
4271042222
4271332348
4271427503
4273554132
4274227402
4274948878
4276994771
4278829058
4279245494
4279911988
4287318362
4287774661
4289195956
4289370489
4293331700
4304810370
4305170425
4315360263
4319553173
4325006684
4325566455
4327002370
4327811758
4333762799
4334475984
4334949493
4336083584
4339778539
4342066803
4344444279
4348004436
4355265785
4357178199
4357346856
4361850275
4370822770
4371047500
4376217696
4381467727
4382532032
4383633834
4384373819
4384532859
4384593194
4393724490
4394289856
4397437385
4397680054
4399926492
4401605340
4401649552
4401755298
4403830390
4404261466
4404856497
4405568702
4406690722
4407745045
4408298085
4409258775
4409913396
4412210842
4412240780
4412751431
4413255763
4414783652
4416138751
4416212797
4419386065
4420161352
4422706330
4424411102
4425520151
4426591715
4428423060
4429254368
4432205730
4434228282
4435446990
4436191977
4437494650
4439861511
4441862301
4441951489
4444231866
4444302498
4444433707
4445345990
4445816137
4446158373
4446374064
4446562612
4446671079
4447014096
4447655207
4448202602
4449765855
4449787094
4450740906
4452896847
4453949494
4454046638
4454282277
4454707456
4457344483
4457741134
4457985643
4458912968
4458925913
4459668092
4459806447
4459966408
4462806956
4463000300
4463504345
4467392241
4467554332
4467573926
4469128668
4470020120
4471564255
4472774520
4475284850
4475352396
4476274376
4481427803
4481487311
4482227674
4483699498
4483972448
4485139471
4486011798
4488292190
4490542914
4491435630
4495935270
4498042202
4498921773
4500247186
4500939782
4501139805
4502351479
4503311674
4509070005
4510858264
4511690749
4512290039
4515237405
4515840330
4517233991
4517833200
4518048811
4518463386
4519348886
4520099873
4520324856
4520349312
4528079528
4528690934
4529016052
4531815626
4535635812
4537509791
4538085581
4538379147
4538907606
4539800356
4539830256
4540265301
4540879504
4542329029
4543047186
4544140150
4545688688
4546302309
4549867588
4550109131
4550583107
4552332072
4556646743
4559803712
4564609504
4565280549
4566225021
4566554547
4568361264
4572642835
4573232982
4573874550
4574801413
4577278877
4577492312
4578425363
4579228119
4579276405
4579665907
4581343033
4581734503
4582584646
4583238080
4583382507
4583819665
4584461706
4585415362
4585616444
4588728219
4589650246
4589674459
4589770679
4593785154
4595475443
4598036714
4598449604
4598629033
4599154201
4599171769
4600025259
4600643007
4605669232
4606411623
4606670559
4608417018
4609647419
4613851565
4618073654
4619427037
4620303171
4620566679
4620860870
4621320047
4623468551
4626276081
4628288144
4628613800
4629539550
4633501162
4633913289
4635795234
4638833985
4640358323
4640395660
4640732549
4645657676
4647018314
4647609918
4649579326
4650056833
4651725582
4651732992
4655032095
4656564604
4656641537
4658621742
4659752753
4660089232
4660553097
4663223669
4668959845
4672255455
4673496520
4673726405
4674961559
4676107712
4676335235
4676453026
4679101448
4679755166
4680293725
4680547126
4680892988
4682483243
4684367703
4684736780
4684790009
4684862425
4685927528
4687544033
4689630419
4690088463
4691325249
4692681219
4692854630
4694231868
4695203037
4695898512
4696524771
4699349986
4700580300
4701215559
4702115190
4702626327
4702741765
4704447096
4704832419
4706527767
4707577792
4707773111
4708514056
4708954278
4710008400
4710834634
4713171826
4713392072
4714076759
4714184825
4714972234
4715452541
4716563005
4718521644
4719013696
4719150883
4720341525
4720618509
4721494616
4724398958
4724699236
4725450215
4726378855
4726631413
4726682158
4726916256
4727292302
4727424939
4728705433
4729011234
4729239798
4734238713
4737395976
4738842465
4738861393
4740368351
4744727816
4745012383
4746219561
4748365968
4748719286
4749210206
4749928506
4753161000
4754136761
4755015318
4755803422
4757808077
4759118123
4760920551
4760950851
4762657565
4762683923
4767614214
4768008312
4769534009
4769921587
4771437528
4772254252
4774427064
4777470475
4780294404
4782745907
4783321290
4784267140
4785299441
4786676351
4787005595
4790863424
4790909298
4792801141
4792917265
4793957477
4794340191
4794692037
4797437976
4797531608
4802448332
4805608713
4806035023
4806895661
4811886934
4812738492
4813873757
4815328590
4822160772
4824287983
4831642318
4832303353
4833664022
4838134707
4840532092
4841025893
4842304599
4843345525
4843404651
4845388439
4845407605
4846163293
4847493637
4852303340
4852705873
4853316640
4858995814
4859284338
4859869173
4860425572
4862843112
4866055248
4866437522
4867562949
4867870145
4868215038
4869275400
4873247577
4876031304
4881016038
4881547547
4882953305
4883417019
4885174587
4886236655
4886409914
4887100342
4888115239
4891098094
4891269122
4891849028
4893099588
4895798791
4896229509
4898757980
4899314695
4899758229
4900752371
4903494991
4903737944
4905166507
4908139738
4908407186
4909295816
4911829888
4911943245
4913199063
4914284958
4918704602
4919247325
4919962279
4919974915
4922348964
4928426114
4930777151
4932454349
4933712290
4934344590
4934831951
4935076940
4935094199
4941632192
4942187953
4944178807
4947188429
4949864339
4951227414
4952624691
4952878260
4954397458
4956286797
4957263164
4957710005
4958345341
4959980107
4960198142
4961297378
4961769952
4962674717
4963502480
4964891820
4965109851
4966863686
4968777405
4969960365
4971803110
4972299243
4974460524
4975730946
4976988114
4979662493
4981202883
4982143062
4982399189
4983722546
4987226307
4989216723
4989253032
4991022736
4991252509
4991918010
4992524017
4994095417
4996200807
4996814430
4999353253
5000099688
5001783620
5002928857
5004865224
5005019153
5005623808
5005835621
5010027164
5012203034
5013194548
5017326883
5017752629
5019772909
5021548658
5022186124
5024257975
5025514730
5026369794
5026483044
5027819430
5029466853
5030059400
5030690679
5032784166
5032925878
5033326316
5034174754
5035869949
5039385111
5045766108
5046031930
5047352258
5047862107
5048760588
5049300250
5051546854
5051983878
5052753295
5054807487
5055849770
5056380391
5056878632
5058414103
5058693858
5059547245
5060792971
5061024304
5062743720
5064732545
5064826457
5064921363
5066562980
5066776440
5068163154
5073560166
5073561994
5073594700
5073720971
5074358030
5075003799
5075767985
5077957739
5078399577
5079169581
5081167469
5081785472
5083128103
5083154052
5083885214
5094913247
5096859100
5096999458
5099055179
5105787985
5106141023
5106218240
5106447959
5108897429
5111544956
5112311217
5114163168
5114277063
5116199876
5117189378
5119888492
5121195443
5121445557
5122592915
5122760989
5123086659
5125165316
5127496162
5128606597
5129277775
5129333795
5130650154
5130864287
5132362099
5133096370
5133345076
5134833806
5135078867
5138647280
5139111441
5139835662
5142423033
5144191239
5144910476
5146311758
5146346054
5146936989
5147061847
5150285591
5152008254
5152633488
5152946070
5153128689
5153186963
5154877093
5155952326
5157505970
5157900775
5158456453
5159131515
5159726114
5160841988
5160965782
5161325140
5163218222
5165784479
5166804818
5167262881
5167264623
5167515748
5170787710
5171250765
5171325903
5171393999
5172457103
5176440810
5177343169
5181215914
5182541602
5183687394
5187032441
5187299823
5188307734
5188665464
5189300208
5190083597
5191913595
5192046522
5194789917
5195947916
5196652727
5198542750
5198728466
5198912029
5199205628
5200830511
5203102635
5203117066
5204255668
5204301094
5206086745
5207116502
5209025423
5210605372
5212752967
5213767250
5213781549
5214268223
5216328189
5217169140
5218747488
5220013278
5221544031
5222802804
5226282813
5227271837
5228254069
5230050570
5230736771
5232235584
5232857779
5233016529
5234676316
5240364532
5240439365
5242774568
5242954962
5246060628
5246341381
5246348957
5247992848
5248079629
5248788114
5252970661
5253123045
5255354557
5255854883
5256378949
5257365237
5258366064
5262495415
5265913841
5266316225
5267479679
5269608722
5270126816
5270304462
5274392539
5274421759
5275909687
5276065260
5276496687
5276599426
5278959284
5280437766
5280615911
5281132871
5281359612
5282309408
5283132638
5284613692
5286721345
5287524683
5288460493
5288808485
5289462409
5289745525
5290799294
5291372253
5291844088
5292181615
5294109716
5294615277
5295505120
5296481991
5296547259
5299003033
5301386959
5301519362
5303338057
5308607854
5309376470
5309602063
5309791369
5310352720
5310789297
5312132277
5315651792
5315868463
5315925398
5318450459
5319111980
5320609641
5323424888
5323481470
5323707962
5324967603
5325010196
5326119470
5326487925
5329145499
5330967291
5331680913
5331953567
5332860219
5333351759
5333499623
5333804095
5338366634
5339424283
5341355766
5341777788
5341895147
5342014913
5342360669
5344501180
5345607964
5346108827
5352553083
5352992288
5354210763
5354470463
5355824997
5356460693
5359323694
5361374137
5361626915
5363177255
5366188745
5366876488
5373909211
5374849835
5375376849
5377279368
5379013014
5379730079
5383085159
5383399912
5383490408
5384002275
5385316143
5386404141
5389235994
5389286040
5389397397
5390966094
5395635586
5396216670
5398720986
5399269051
5399593976
5400648121
5401790599
5402920410
5403078154
5403822046
5404299450
5406279752
5406980925
5407111581
5409190359
5409756122
5409869245
5412602461
5414109187
5414827637
5415246382
5416286807
5418423027
5419692243
5420137114
5420189153
5421546248
5422563674
5423618882
5424098100
5426133762
5426513790
5426950379
5427005011
5428031866
5428242601
5429154835
5430330297
5431307643
5435709786
5440190057
5440505170
5440884048
5442997662
5443026805
5445762266
5446106057
5448271371
5449512312
5451163323
5454287566
5457271349
5458112972
5458462652
5458935935
5459265942
5460115880
5461810308
5461983766
5463920790
5464557351
5464643576
5466065766
5466618354
5470154353
5471570033
5472402926
5473991507
5478506481
5481021116
5484685230
5485232420
5485484856
5486598198
5491102884
5491662138
5491839990
5494428692
5498276240
5498575239
5498985886
5499969403
5500680908
5501186592
5501860381
5502003188
5504301479
5506895824
5507376075
5507572676
5509437538
5509722547
5509826940
5511309095
5515815503
5516250048
5517207683
5517656229
5518434921
5518837152
5518914299
5520473288
5520696224
5522080731
5522954542
5526043453
5526583313
5528480793
5528656005
5529022810
5533211270
5534846554
5538739773
5540536196
5540825575
5542316343
5543911530
5544346788
5544432068
5544551210
5550891843
5552208745
5553053676
5556005814
5557109621
5558572882
5559203432
5562256426
5562948424
5563287563
5565002736
5565674187
5566229475
5569956981
5570063643
5570489622
5571032160
5571310869
5573677954
5573927448
5574236242
5575428335
5575785031
5579198318
5580159565
5580492069
5582281062
5584024677
5586169841
5586347126
5587776906
5589173928
5589223277
5591095178
5597219431
5597940607
5601275913
5601536121
5603223854
5604768955
5605325627
5606033537
5606135467
5610737807
5611279874
5611565823
5611989389
5612213651
5612384401
5612734735
5612968193
5613184487
5618256715
5618590260
5618856501
5618951284
5619018312
5619073860
5622021359
5622976429
5623899523
5625958897
5627610153
5628815982
5631504733
5632541502
5634935714
5636817614
5637815659
5640305939
5646510211
5648389856
5649766146
5650775737
5651742097
5652696934
5653601350
5654570383
5655333199
5656512017
5656924886
5657177557
5658456252
5660166780
5661414105
5663175057
5664805919
5664814451
5667598049
5667755171
5667969098
5669626092
5670522412
5670544256
5671918286
5672109626
5672594925
5674331049
5675166303
5675764777
5676490723
5677992165
5678630430
5680656213
5685585680
5689068019
5689287124
5693144085
5695068905
5696600423
5698736947
5699179648
5699597578
5700642169
5701402416
5703527874
5704017399
5704302538
5706272094
5706675163
5709415495
5710212594
5710632383
5711572354
5712123749
5713646004
5714246395
5714769568
5714784169
5714903765
5718000860
5718095952
5718396551
5718502579
5720017976
5720540614
5721353804
5723403967
5724328039
5727400087
5729464611
5731705819
5732477317
5733337671
5738351664
5738644850
5738793683
5740121008
5740189926
5744673855
5744896427
5747080408
5748313672
5750204072
5752612642
5752661844
5754057680
5756072703
5756959870
5758617249
5758727486
5760921131
5760956398
5761359083
5763621564
5764038173
5764610817
5766434167
5768726838
5769466490
5769678916
5771300548
5771594390
5772245747
5774984946
5775257242
5775715041
5776191932
5778982682
5779138105
5782026711
5782530141
5783312078
5787970331
5788398971
5788765346
5790242940
5790272836
5792286701
5794797095
5795790168
5795883092
5796345829
5797330051
5797466338
5798286675
5798459601
5799026142
5800134403
5800754430
5801675237
5802023627
5802670735
5803771805
5804723831
5805234098
5806386744
5807284133
5807907985
5808461865
5808684520
5809767597
5810634196
5812154605
5814396615
5814616659
5816267888
5816510571
5817173540
5817541790
5817903643
5817985087
5819372010
5819785266
5821468449
5821605834
5825712757
5826450307
5827275417
5828214410
5829261695
5830993837
5831143431
5831903850
5834913689
5835059801
5835813740
5836089432
5836473547
5837633708
5838666737
5839777517
5840219282
5840829642
5840896442
5843023044
5843801434
5848443294
5848454435
5848768274
5849487324
5849967158
5850497301
5854811907
5855601805
5856062287
5856706271
5859417006
5859973309
5860122369
5860433198
5860626555
5862406729
5864293673
5865200401
5867036575
5867046801
5867111355
5868395707
5870014169
5871845586
5871980342
5874070526
5875611978
5876210621
5878088476
5879398141
5880415448
5884011048
5884995160
5887873026
5890105189
5892083017
5894393668
5896080131
5896338854
5896517576
5897550079
5897690828
5897902609
5898234860
5899182278
5899326605
5899915501
5902652969
5903505247
5903907966
5905208488
5908089466
5910073375
5910966586
5911493793
5911618661
5911707395
5913173453
5914772339
5915264371
5915339241
5915634830
5915783820
5916480257
5916767569
5919524494
5919927297
5922561590
5924024521
5925600946
5931985392
5932040872
5934750701
5938307653
5938497446
5938667816
5939350018
5939675416
5940156099
5940635146
5942440689
5947168875
5947927261
5949090375
5949385191
5950550477
5950816692
5953031140
5958903360
5959535381
5963688750
5972219193
5976435669
5980896766
5982907590
5986470410
5990766211
6000153087
6001716614
6002073444
6004675318
6006625882
6007505350
6007604162
6008619239
6014671429
6017326588
6020056464
6020288172
6023229582
6024158298
6024664853
6026508649
6026970912
6029342475
6029403372
6029498902
6033125341
6035812680
6037846116
6038138158
6039636710
6040193980
6042689236
6043130784
6048123610
6048508865
6050428529
6051757742
6052567620
6052861047
6057900914
6058908220
6059270814
6060258862
6060761691
6065104048
6067600741
6068349957
6068554327
6068757791
6069004850
6069993029
6070204828
6071860324
6073560489
6075537382
6078184957
6078323015
6082136260
6082935716
6082989905
6083139312
6084362385
6086491048
6086619131
6086727270
6087502456
6091315517
6093735569
6099084856
6099944815
6100488344
6103693230
6104075313
6105371956
6109993500
6112895693
6112985432
6113434492
6116924972
6121521857
6121522102
6127166393
6127366333
6128452121
6128804735
6135079488
6135876833
6137399449
6137747203
6138067118
6141006750
6147082293
6148284252
6148996898
6149189565
6149442000
6150278017
6153129297
6157515594
6160724975
6163896616
6164235043
6166877498
6168190106
6169283500
6172058292
6173631521
6174135846
6177360086
6178422568
6181579679
6181668807
6185882167
6188742586
6188841634
6190489769
6193574194
6194092343
6199376155
6201367272
6203524435
6203655533
6204490710
6204682874
6207073102
6207423320
6208450288
6208563985
6209617494
6210728214
6210887033
6211539162
6211962800
6212544476
6214012646
6214936987
6216778237
6217512746
6217899223
6218669912
6226143121
6226353685
6228385617
6229288209
6232122667
6234120105
6235382108
6235760110
6236696996
6238051610
6239882908
6239960897
6240674678
6242714325
6243363249
6244145760
6245487760
6247845450
6249883883
6251894216
6252035698
6252986354
6253636044
6255394566
6256881983
6257635671
6259223167
6259401318
6261001008
6262956306
6263191776
6264709327
6267897192
6268517484
6269679111
6270734903
6271129628
6272384847
6275864227
6276325227
6276854687
6277151276
6279082957
6284091496
6284268964
6285152510
6287573274
6288431094
6291169502
6293366647
6296053926
6297340720
6297406112
6297674991
6297826457
6298570696
6298661998
6301165430
6303211703
6304210237
6305219888
6305448380
6305484913
6307876062
6308131745
6308173421
6308447202
6308787640
6310543004
6311048321
6313489565
6314967937
6315919431
6316241204
6317907188
6318902555
6322554318
6325848257
6326009988
6326141410
6326528899
6327660988
6328917291
6329030664
6329501544
6330271712
6331157622
6334824423
6335536737
6336411089
6338781881
6340144885
6341167422
6341240098
6341738656
6342678638
6343011753
6343227965
6343681569
6346225637
6346861086
6347688444
6347801899
6347959161
6350834764
6351239460
6352069384
6354635584
6355009652
6356216270
6356689181
6357138972
6357763370
6359555598
6359558254
6359915194
6359930597
6360367030
6362398886
6364986498
6365556409
6369600643
6371145850
6373954482
6374013782
6380663390
6381168699
6384638098
6385649034
6386533726
6388548114
6392507838
6394851546
6395174803
6395492818
6395506098
6397344709
6400364779
6400538017
6401254687
6402792935
6402812890
6403339005
6403559019
6403599512
6404196504
6405382240
6406743773
6407654283
6408501885
6409374138
6411083112
6412243516
6414974999
6415460590
6415531398
6415679744
6418550303
6419247682
6419402726
6419498849
6421188645
6421924373
6422215616
6422758122
6422910159
6422998881
6424478585
6424592215
6424722777
6427961285
6429139337
6429168659
6432434278
6432834997
6433095017
6435874590
6436201203
6437902201
6440135035
6440482132
6441320233
6441481208
6442441948
6443215171
6444687335
6446698069
6450669089
6450988083
6451416496
6451761684
6451824411
6451895943
6455734535
6458202204
6458993479
6460900239
6461991820
6463836064
6464604374
6464795293
6466829570
6467403309
6469338855
6469457778
6470088701
6472294136
6473677504
6475145729
6478339222
6478450381
6480507003
6480803627
6480850118
6481231298
6481449477
6482395685
6483224147
6484140169
6484823333
6486835269
6487915844
6490643099
6494404757
6494445529
6496780763
6497731278
6497784360
6501773113
6503965555
6509156652
6511661689
6513626849
6516084109
6516968824
6517177331
6518486417
6519048251
6519540368
6520288474
6520556158
6521167507
6521340788
6522829403
6522879603
6523443665
6523448635
6524891257
6525287790
6528269479
6528390930
6530430138
6531109547
6533904780
6536863392
6538693860
6539169478
6539178196
6540893407
6541828768
6542696184
6544511686
6546053389
6546174415
6547186232
6547338433
6548126152
6549501718
6551020732
6553623490
6554094371
6555762624
6556987566
6561871909
6562251786
6567144935
6567339831
6567393975
6567498729
6567910706
6568519125
6573747722
6573789513
6574714501
6575453256
6576844880
6577039675
6577730175
6578878030
6579424211
6580935900
6580970482
6581378149
6581644079
6581645450
6582016233
6582895833
6583958280
6584068751
6585094679
6585635492
6587257770
6587282896
6591432727
6591631766
6592087515
6595735787
6595762361
6596364070
6599214383
6599719230
6603362518
6604919487
6610793342
6611444203
6612311706
6614562547
6616711586
6617546714
6617746673
6618875778
6619279883
6619603376
6620531410
6622040178
6622103163
6622267417
6623497895
6625871147
6626141983
6626248520
6628435332
6629926054
6630393783
6631038551
6632353000
6632892601
6634548669
6634980647
6635718024
6636807504
6637588172
6637887716
6639276614
6640050631
6644700039
6646391742
6647299887
6647365152
6648785012
6652245949
6652247338
6652888305
6652917327
6657268332
6659435587
6660706720
6666257614
6669022958
6669444838
6671757135
6672283052
6673185171
6674259979
6678245202
6679236985
6680880194
6682428960
6682941793
6683918845
6684736206
6684853176
6685328232
6686232592
6686287969
6687399022
6692110797
6694245643
6696254959
6696329515
6697854063
6698729397
6699052938
6700004077
6700008541
6703960356
6706674929
6710597825
6711895964
6712404531
6712861618
6713710890
6714489279
6714801407
6715639264
6716838883
6717992563
6718833925
6718912884
6720131282
6720432276
6722029897
6722948532
6723775654
6725118609
6725306100
6725844224
6727013545
6728602234
6729255295
6730651280
6732183681
6733027495
6734520989
6735523181
6736689243
6737660356
6740045464
6740496310
6741347572
6743319151
6746144022
6747790649
6749587505
6752826248
6752862678
6754956101
6755089697
6755104366
6755993674
6756385171
6756472846
6757915810
6759278269
6762583135
6765376154
6765801318
6766140440
6767121841
6767485233
6768722169
6769128223
6769248771
6769837165
6771330532
6771855425
6772836939
6774324400
6779351477
6780197448
6781945965
6784213910
6784404265
6784495908
6787071621
6787693553
6787759793
6788270826
6788527001
6791146053
6792475547
6795352821
6795692427
6797402760
6798069417
6798213794
6802597670
6804548385
6807403354
6807769551
6807935888
6810355047
6811134605
6813230215
6814988725
6815886281
6816829627
6817880936
6818020197
6821868223
6822983282
6824796144
6827468644
6827764196
6829241260
6829266490
6829318325
6830142051
6830407968
6833991154
6837053462
6837983523
6839625642
6839737301
6840829476
6841434462
6842914291
6843902722
6843972978
6844287694
6847141111
6850763203
6850910737
6850971580
6851608321
6851701379
6852216735
6853667054
6854308837
6854393466
6854597428
6854723427
6855463089
6857334557
6859402444
6861353263
6861976472
6862912838
6863455456
6864699031
6869311403
6870548746
6873420497
6879166689
6879184442
6879437323
6880186625
6883020013
6883084283
6885427273
6888590750
6890502995
6891345375
6892945029
6893206251
6893892213
6897058319
6897849746
6898655774
6899435619
6899594190
6900492065
6901494103
6902924702
6903823258
6904324591
6909122223
6909144116
6910169936
6911594758
6912188927
6913149779
6913970995
6915743380
6918304332
6919716570
6921343082
6926222712
6927068308
6928684092
6929039127
6929437501
6931385469
6932029053
6937547322
6937829287
6938016603
6938188140
6938519543
6939857162
6939905695
6940145072
6940512339
6941138566
6941897000
6942893914
6944740093
6946314873
6946448983
6946544645
6949594283
6951036420
6951815074
6953490002
6953633189
6955177323
6955587429
6958725556
6958850051
6963959288
6964205281
6964345944
6965594116
6968916554
6970070880
6973051647
6973538226
6975129468
6978427607
6978885572
6979023317
6979030292
6981282121
6983889572
6985914116
6988099008
6989849684
6991405931
6992592247
6992773241
6995793498
6996940211
6997114779
6997372620
6998539422
6998743252
7000456196
7000852383
7001107165
7001520700
7003286862
7005691586
7007787523
7008217460
7008729882
7008996511
7011117526
7011281512
7013362360
7014845369
7016420144
7019043743
7019977270
7020171516
7020352955
7021914769
7025043041
7025234643
7026182632
7027550427
7027991709
7033264156
7033266716
7033396625
7036641592
7038801097
7039426373
7039862447
7040118486
7040575216
7041525609
7042049606
7045673652
7047681963
7048228349
7050042824
7051287907
7051460705
7053364128
7054114032
7054668020
7055072855
7056753352
7057052449
7057067236
7058502738
7065732689
7066501197
7068135228
7070207847
7071814155
7072176409
7072445530
7072695633
7072875052
7073503760
7074950224
7076611349
7076881932
7079100262
7080046575
7082384796
7082831430
7084455193
7085511628
7086026376
7086842930
7086981281
7088303127
7088732512
7088929079
7089563376
7092602427
7092963530
7094248867
7094394146
7096529397
7098302673
7100096140
7101235996
7102193115
7104330253
7105688819
7107090360
7111892248
7112441447
7113319591
7113476097
7114714703
7114862924
7115014075
7115271902
7117270185
7119335083
7122375694
7122647274
7127896038
7131849168
7133898567
7135175451
7135261123
7135282624
7136113637
7137524167
7140927980
7142155014
7142795704
7143222253
7144486633
7145000310
7146563282
7147139354
7150433794
7151225981
7151404840
7155150261
7158586155
7159444209
7163538501
7165246014
7166941966
7169582055
7169613200
7170164062
7171110479
7173326119
7175124986
7178544496
7179712606
7179717635
7179941331
7182367040
7182434780
7182630337
7183954473
7184415983
7184678487
7185401488
7185841003
7186930637
7187079755
7187871248
7187986290
7188001547
7188357888
7189575499
7190503681
7190582840
7190681163
7190727950
7191857863
7193234436
7194052995
7196593768
7197316177
7199980100
7200032328
7200168747
7200528982
7200760585
7201625569
7203486796
7203773690
7204889509
7209896061
7209937965
7213158797
7213396339
7215727522
7220434492
7221689950
7222031212
7225349759
7225464725
7225487509
7226133530
7227639759
7228902569
7230539055
7232272032
7232681918
7234303266
7234451571
7234644395
7237226575
7239752847
7241929710
7242000973
7242313798
7243756628
7244935699
7247287558
7249269601
7250052229
7250986696
7255453629
7255740832
7255840234
7257536654
7258309369
7259508510
7260470686
7261144030
7262292610
7263404310
7264950783
7265177585
7266100256
7268268838
7268510243
7268522300
7270004733
7270687863
7272132891
7273018128
7273890772
7274366171
7276177807
7277412387
7278105710
7278228688
7282151895
7282760756
7282778795
7283904360
7284306860
7285384416
7287557673
7289101972
7291177530
7292787604
7296823824
7296910004
7299971606
7300881601
7302091652
7302120758
7303486361
7304891082
7306016747
7306764869
7306819467
7307283701
7308889626
7309101228
7309387371
7309779407
7311714757
7312050454
7313076937
7314240402
7314631946
7315379736
7316431798
7316675906
7316721834
7317904769
7318349991
7319419209
7319570771
7319786294
7320420205
7321140590
7321290155
7321682401
7321784557
7322443982
7325689100
7325862794
7326094460
7327667204
7328646361
7331042984
7331310887
7333448437
7334933782
7335411270
7337777921
7338778679
7339022888
7339818790
7340695581
7340867822
7342056878
7342827522
7343626739
7344896491
7350979506
7354074531
7354917072
7355218381
7355607541
7356176493
7356804119
7360050271
7361090071
7362021970
7363739242
7364022402
7367465533
7370988128
7371224721
7373382821
7374079409
7376725955
7377455742
7377590674
7380411148
7383218674
7383651436
7384821046
7385909439
7387579296
7388586294
7389491958
7391033467
7392025257
7392259165
7394806696
7397004320
7399085998
7401879511
7404442318
7404496154
7404669185
7405136367
7406215289
7406975549
7407148472
7407592819
7407847534
7408229152
7412074631
7414424633
7415806349
7418334094
7419163098
7421262186
7421377542
7421786251
7424890498
7428609454
7428674303
7429949103
7432965333
7435591656
7438665590
7439855825
7439930714
7440487497
7441140435
7441591770
7444035710
7445703198
7446321260
7448671583
7449579408
7452031920
7458751170
7460317807
7461029056
7462150781
7463304281
7463505728
7463842710
7464018751
7465095848
7467118520
7468775035
7471028226
7473278602
7474473206
7478794410
7479632360
7480276484
7481693157
7482342315
7483924600
7484168646
7484453845
7486333732
7487918032
7487970341
7489278239
7490372965
7491224179
7492000343
7493045140
7493069492
7494012486
7497484715
7500486724
7501819223
7501882278
7502506639
7508950403
7511926119
7515312928
7515612856
7516260708
7518991095
7522008413
7522137841
7523214912
7523453088
7523734471
7523936388
7524855165
7525258174
7528739523
7529225245
7529724890
7532000434
7532156236
7533103826
7534618404
7535205931
7537305050
7537532016
7537843117
7537940986
7540740832
7541163879
7541862088
7542619004
7542947368
7543153842
7543563082
7545158664
7545415441
7545441285
7546956059
7547433849
7551641067
7553066341
7553940892
7554128042
7555756944
7555857536
7562293046
7562409377
7567639203
7568147506
7568422181
7569674847
7569703925
7569844662
7570691678
7570704746
7572684324
7575905832
7575979470
7578057997
7579333400
7579731975
7581193667
7583569848
7583683385
7584542715
7585860250
7587829291
7588070998
7588254407
7591986848
7592380571
7593024536
7593582344
7594584880
7594600313
7596301526
7598029696
7598843668
7603992945
7605698391
7605779136
7606991580
7607134612
7608186757
7608712035
7609941696
7611423782
7611502914
7615332751
7616063558
7618070257
7619455252
7619628902
7619673159
7620666539
7621814909
7622046728
7622420857
7627894114
7631970442
7632814874
7633676155
7634312806
7634566519
7636065077
7636864415
7638520090
7639167952
7639354138
7641601261
7642553199
7646398099
7646871301
7647431411
7651019567
7651401771
7652130390
7652194345
7653080182
7654690831
7658371203
7658965547
7659183678
7659469683
7660026486
7666418894
7669121633
7669227762
7670029817
7670061320
7673008734
7673066821
7673264515
7673268529
7674315147
7674355411
7674652152
7674701180
7676651653
7679015097
7680171001
7681606382
7683240674
7685844532
7685868904
7687967399
7688937432
7689240215
7690248526
7690524974
7690817427
7691071137
7691392316
7691702534
7691874500
7694719721
7695632151
7701178159
7702788670
7705253304
7705296823
7705401723
7705634889
7707720511
7708131419
7708620351
7711518578
7711743015
7719858202
7720195104
7720257259
7721738736
7722415983
7727707832
7728093054
7728296757
7728613277
7730404943
7730999699
7731671719
7732031927
7736835155
7737253856
7737721804
7740506597
7740706059
7740911114
7742169058
7745294748
7747018274
7747291099
7747747572
7747786584
7751243555
7751334722
7752847652
7753107397
7753595662
7754144785
7754268299
7757023608
7758349358
7759796235
7760661014
7761998856
7762169780
7762740548
7763777577
7764623037
7764720290
7764893701
7765809959
7765914795
7767320855
7767577620
7768956849
7770968558
7772388746
7772683252
7774898871
7775036853
7775273335
7775845549
7776338765
7777486514
7778228434
7782480875
7783625055
7785195320
7786897304
7788588015
7788676840
7789645638
7790786883
7796247220
7798141932
7798651695
7798910767
7799431438
7803566334
7804128899
7806484159
7810311976
7810313028
7813935015
7815992155
7816285421
7816529057
7822566276
7823434393
7823490595
7824080488
7824789071
7825431698
7825704839
7827572537
7828529373
7829001821
7831265931
7832086497
7832303933
7834377280
7835173904
7839518378
7839541677
7840524530
7842639492
7843231057
7844693626
7844913187
7846404671
7846526548
7849927118
7850150523
7850263036
7850878698
7854319421
7856567020
7856704611
7861766415
7861918481
7862414109
7862681480
7863378656
7864386928
7865341930
7865673963
7866143037
7869481854
7871501199
7871812415
7872979004
7874233854
7874291359
7874632267
7884630843
7885830331
7886566104
7890009464
7890584405
7890900271
7892909176
7893754806
7894242012
7894410736
7897869497
7899339582
7899789986
7899829385
7901147709
7902476240
7903431655
7904568909
7908836313
7909053259
7911711687
7911934170
7912963248
7915629443
7918253785
7918902656
7921115121
7922160659
7924536401
7924649134
7926378785
7928484731
7928748187
7928875780
7929815595
7931211413
7932452572
7932566182
7932832397
7933040811
7933968834
7939135399
7939637404
7941841810
7942060079
7943159882
7943720611
7945459563
7946246611
7950004264
7951497175
7956799056
7957163018
7961473501
7961609291
7966420857
7969342329
7971780992
7971880243
7976331658
7976537468
7981534795
7982542783
7985410295
7985766230
7986451057
7990041485
7990173437
7993133032
7995887028
7996161500
7997888938
7998360230
8000273930
8001597701
8007093298
8008253177
8008319833
8008987379
8009634541
8011026797
8014726861
8018229023
8019406284
8019412332
8020092810
8020443222
8022720660
8024642752
8025205996
8025222378
8025521443
8026227523
8027111062
8031838467
8037360920
8039065443
8042992583
8043207419
8045606161
8046455847
8047011685
8050746197
8051224693
8051509859
8054366402
8057105926
8058757353
8061872586
8062268382
8064707877
8064711136
8065097440
8065557930
8065595619
8066606228
8066997234
8067355775
8072852576
8073242961
8074081270
8074874586
8075990523
8083678655
8087076021
8087358010
8093288135
8095368051
8097965735
8098136323
8099592439
8101892230
8102291341
8104736475
8105655314
8107892784
8108335380
8108876072
8109473809
8113399067
8114837062
8115802782
8117131640
8119906352
8120221237
8122454188
8122477769
8123790708
8129585144
8131470835
8132345578
8133470471
8134019746
8136359943
8137878879
8142751514
8142824784
8143184588
8145684507
8147694448
8147972520
8148732879
8151923447
8152661595
8153839482
8154223590
8154571075
8157320330
8158601135
8159271204
8161016799
8162843034
8163635485
8164769518
8167088009
8167307369
8168608165
8169122260
8170323709
8171391911
8173150218
8177713410
8179715188
8180266126
8180783308
8183117963
8185481657
8187893457
8188450906
8191633324
8193593738
8196112767
8197892504
8198429848
8199256634
8203999766
8204496572
8205334054
8205702501
8207937897
8208351706
8208898094
8210941457
8211024446
8214933868
8215571480
8215864291
8217291422
8223194159
8223248659
8223926127
8225924602
8228788065
8230580657
8230674272
8231556920
8232200151
8232452941
8233183050
8234947132
8236526073
8237030473
8237790208
8239522575
8239646511
8240511286
8240692317
8246325258
8246583928
8247129342
8248782999
8249161541
8250044033
8254267635
8254938103
8257682982
8258363176
8258608630
8260093909
8260525371
8260549099
8260626662
8265851658
8268169885
8269267057
8269835508
8270459718
8270700834
8271082129
8271518362
8272148437
8277315996
8277440437
8278922383
8279511131
8279673433
8279839912
8280262817
8280920600
8283056613
8285959430
8286996304
8287680031
8287759105
8288006573
8290271987
8292586510
8293963425
8297333210
8300454794
8304719881
8309126254
8309357424
8310273429
8311398528
8311894155
8313279766
8313869485
8315009764
8316864230
8317287014
8319584973
8320291524
8321577195
8322866340
8323177971
8326119576
8328295936
8332945357
8335874332
8336796420
8337729834
8339449406
8339536366
8340567981
8342200697
8342987109
8343697093
8354065512
8355150589
8355783861
8356583640
8360213384
8360346082
8363436398
8365357636
8365523720
8367219716
8370044950
8370198274
8371343307
8374219611
8374458016
8374737168
8376103973
8376803013
8378987169
8379007517
8382463097
8382603014
8382966565
8384024415
8387788059
8388586691
8388815170
8390607423
8391153527
8391966371
8393945551
8395348687
8398194555
8399158850
8400296539
8403010384
8403369910
8404651848
8405251446
8408168874
8409163499
8410402008
8414201600
8415526583
8416235107
8416979396
8419425316
8420040785
8420753695
8421568001
8422668714
8424267160
8424569319
8424718166
8429625026
8432226735
8432905199
8435643116
8436108092
8437075644
8437758711
8439614605
8440115555
8440465773
8443130727
8443464081
8446876152
8447802286
8450804431
8454879490
8455335998
8462166845
8462601509
8463347744
8463443314
8463834723
8464681673
8465605197
8466886092
8468681717
8474580925
8475678787
8476205731
8477673665
8478406397
8478572974
8479442793
8485240917
8485452915
8485788476
8486367216
8487625725
8494506121
8497297047
8498125212
8499940030
8503966912
8505135705
8505340671
8505458142
8506431431
8506717714
8508215259
8508221545
8510184202
8511527030
8513187039
8513590738
8514283169
8515575741
8515699079
8521750169
8521883242
8522786911
8524562521
8526871023
8529723635
8531433636
8535672949
8536255101
8540728835
8543689501
8545375058
8547288769
8547378304
8548377755
8549140249
8549647917
8551050284
8551624289
8553507400
8554203216
8554455299
8555051889
8556797008
8559398922
8563582553
8564774077
8566751916
8567044663
8568554062
8568807110
8569159232
8570738265
8570809478
8571901351
8572517659
8575076192
8575184575
8575330780
8577685683
8580233722
8581866396
8582314513
8583953461
8586311160
8586355501
8586884612
8588120532
