#2894028577 Attempt: 1 NumFcs=3 (FCPro - Solved)
85 8c 81 83 8b 5a 58 a8 6a 68 
58 56 53 c3 1c 16 c6 17 18 1c 
13 a1 5a 54 35 34 54 a5 3a 35 
a5 4a 45 a5 4a 43 a3 1a 14 a1 
21 1a 14 62 a4 5a 53 a3 4a 74 
71 a1 75 4a 14 a1 6a 67 35 a7 
27 2a 62 65 65 b6 25 2b 23 26 
21 a2 72 7a 75 14 a5 25 2a 12 
42 41 21 24 b2 72 7h 67 6b a6 
56 5a 52 a2 62 6a b6 76 7b 73 
57 53 73 a7 27 2a 23 a3 73 7a 
27 25 75 14 12 17 16 42 47 46 
41 61 64 71 74 14 17 16 24 27 
47 41 46 42 71 76 72 62 67 64 
12 17 a1 31 3a 35 a5 15 1a 27 
21 24 26 71 74 76 14 16 46 42 
47 41 71 21 61 67 62 64 24 74 
14 12 17 16 76 42 46 41 47 61 
67 64 21 27 17 12 14 72 74 71 
76 24 21 41 47 46 42 76 16 17 
12 72 31 37 62 17 a1 51 5a 57 
a7 17 1a 51 53 13 a1 71 7a 73 
a3 13 1a 71 75 15 37 31 35 71 
a5 3a 37 a7 5a 57 a7 17 1a 51 
53 13 a1 71 7a 73 a3 13 1a 71 
75 15 37 31 35 71 a5 4a 87 84 
74 a7 15 1a b1 71 3b 37 73 b3 
5b 57 53 73 b3 6b 67 61 71 b1 
21 2b 27 26 76 b6 16 1b 12 17 
b2 62 6b 67 61 71 76 b1 3b 37 
a3 21 2a 26 b3 a6 16 1b 1a 12 
a2 b2 62 6b 6a 61 a1 b1 21 2b 
2a 26 12 a6 b6 1b 1a 37 26 12 
a2 b2 62 6b 6a 61 a1 b1 6b 6a 
c6 8c 86 21 c6 4c 46 c6 8c a8 
b8 4b 4a 46 45 35 34 54 53 43 
45 73 75 35 34 37 47 57 54 53 
43 84 86 73 78 75 85 35 37 38 
46 57 58 53 54 83 84 73 74 34 
38 37 35 75 85 27 28 26 45 42 
52 54 24 25 45 42 52 54 86 24 
25 45 48 42 43 82 52 54 53 58 
43 23 24 28 34 38 32 35 82 85 
83 53 58 76 42 43 23 27 28 16 
14 12 42 62 64 61 41 37 38 34 
35 21 84 85 83 53 58 43 48 54 
73 78 27 26 76 16 12 17 62 67 
61 71 76 38 37 21 26 87 83 82 
84 32 34 38 35 72 74 24 27 28 
16 12 47 48 78 74 62 61 67 21 
27 84 82 42 48 17 28 24 32 52 
53 23 25 12 16 72 76 71 61 67 
21 27 c2 17 1c 16 84 35 c6 76 
7c 71 c1 3c 37 61 c7 57 5c 53 
c3 73 7c 75 c5 8c 87 83 73 c3 
43 4c 48 47 45 75 85 c5 35 3c 
34 37 38 c4 54 5c 57 58 53 83 
85 73 75 c3 6c 68 67 43 87 c7 
17 1c 18 16 86 c6 76 7c 78 71 
81 c1 4c 45 c5 35 3c 37 38 34 
84 61 68 74 c4 54 5c 57 c7 47 
4c 45 c5 2c 75 72 74 52 54 57 
24 27 18 16 12 62 61 82 81 47 
48 45 21 85 75 78 74 84 54 57 
58 47 48 45 85 84 38 54 74 75 
37 45 87 28 26 86 16 12 18 62 
68 61 81 86 38 21 26 32 82 48 
16 58 54 84 85 78 72 82 45 47 
48 57 58 54 84 85 38 74 75 37 
45 87 38 1h 1h a3 83 3a 38 a8 
3a 