#6370279376 Attempt: 1 NumFcs=3 (FCPro - Solved)
5h 32 54 3c 36 3b 34 4a 34 83 
81 b1 4b 41 a1 8a 86 a8 1a b1 
3b c3 7c 76 47 43 45 46 4h a4 
1a 17 26 47 41 71 74 14 17 47 
41 71 74 14 17 47 a4 3a 53 a5 
4a 41 71 a7 3a 53 54 53 a4 34 
3a 35 a5 1a 13 a3 7a 71 31 37 
45 43 53 54 17 a1 8a 34 35 83 
81 a3 17 1a 18 45 a8 78 7a 71 
a1 81 8a 87 18 17 a1 87 c8 3c 
3a 43 71 53 54 34 35 73 13 17 
37 31 c3 8c a8 71 7a 38 13 17 
a1 5a 31 53 51 31 a1 7a 73 41 
a3 7a 75 a5 3a 35 a5 2a 23 28 
72 38 67 63 68 73 a8 6a 67 a7 
38 3a 43 42 32 12 14 13 43 23 
24 21 41 c4 31 3c 32 c2 12 1c 
13 c3 1c 15 23 c5 2c 25 c5 35 
3c 32 c2 52 5c 53 c3 4c 23 24 
25 34 35 32 52 53 23 25 52 32 
35 42 45 25 23 24 34 54 53 52 
32 c3 42 4c 45 c5 1c 14 c4 3c 
a3 83 8a 87 25 a7 37 3a 23 53 
52 32 35 83 86 25 36 23 53 52 
32 35 a3 73 7a 76 25 a6 36 3a 
23 53 52 32 35 73 78 25 27 57 
52 38 72 75 25 23 27 53 57 52 
37 32 53 54 72 34 53 51 31 43 
41 31 43 45 35 14 15 13 53 51 
43 54 14 15 45 41 74 73 51 57 
43 23 24 34 32 17 15 42 43 23 
24 75 71 34 32 37 51 27 23 73 
72 67 32 42 43 64 68 23 74 a8 
2a 27 a7 37 3a 32 a2 72 7a 73 
a3 6a 67 23 a7 48 4a 24 34 32 
42 43 54 23 14 15 45 41 24 34 
32 42 43 a4 84 8a 87 51 23 a7 
47 4a 24 34 32 42 43 54 23 14 
15 45 41 24 34 32 42 43 84 86 
51 23 46 24 34 32 42 43 54 23 
14 15 45 41 24 34 32 42 43 a4 
74 7a 76 51 23 a6 46 4a 24 34 
32 42 43 54 23 14 15 45 41 24 
34 32 42 43 74 78 51 57 23 17 
15 75 71 48 67 64 68 74 a8 1a 
17 a7 57 5a 51 a1 71 7a 75 17 
15 a1 48 4a 71 15 14 17 54 57 
51 71 75 15 17 71 51 57 41 47 
17 14 15 45 75 74 71 41 27 24 
51 74 34 37 32 72 42 47 43 73 
64 67 23 47 24 34 32 42 43 54 
23 14 15 45 41 24 34 32 42 43 
a4 84 8a 87 51 23 a7 47 4a 24 
34 32 42 43 54 23 14 15 45 41 
24 34 32 42 43 84 86 51 23 46 
24 34 32 42 43 54 23 14 15 45 
41 24 34 32 42 43 a4 74 7a 76 
51 23 a6 46 4a 24 34 32 42 43 
54 23 14 15 45 41 24 34 32 42 
43 74 78 51 57 23 17 15 75 71 
48 51 57 54 74 14 17 15 75 45 
47 41 24 71 51 57 34 32 42 43 
54 74 14 17 15 75 45 47 41 71 
64 67 68 51 23 47 a8 2a 24 a4 
34 3a 32 a2 42 4a 43 a3 6a 64 
23 a4 78 7a 27 37 32 72 73 57 
23 17 15 75 71 27 37 32 72 73 
a7 87 8a 84 51 23 a4 74 7a 27 
37 32 72 73 57 23 17 15 75 71 
27 37 32 72 73 87 86 51 23 76 
27 37 32 72 73 57 23 17 15 75 
71 27 37 32 72 73 a7 47 4a 46 
51 23 a6 76 7a 27 37 32 72 73 
47 48 23 24 34 32 78 42 43 23 
27 24 74 34 37 32 72 37 31 35 
71 42 43 41 31 67 64 68 63 21 
83 86 a3 73 34 3a 36 38 a6 5a 
57 53 73 a3 2a 27 46 a7 17 1a 
12 a2 72 7a 71 a1 8a 87 21 a7 
4a 24 14 12 42 41 a4 64 6a 67 
21 a7 47 4a 24 14 12 42 41 64 
68 21 48 24 14 12 42 41 a4 74 
7a 78 21 a8 48 4a 24 14 12 42 
41 74 76 21 27 46 17 12 14 72 
74 24 27 21 71 c7 41 4c 42 c2 
12 1c 14 c4 1c 13 c3 24 2c 23 
c3 43 4c 42 c2 1c 14 15 32 c4 
7c 17 57 51 71 75 37 15 27 23 
73 72 17 57 51 71 75 a7 87 8a 
86 32 15 a6 76 7a 17 57 51 71 
75 37 15 27 23 73 72 47 45 32 
34 24 23 75 43 42 32 37 34 74 
24 27 23 73 27 25 2h 43 75 47 
45 75 35 34 37 54 57 53 73 75 
17 43 45 14 1h 21 74 35 32 37 
52 57 53 73 75 17 23 25 12 1h 
72 67 6h 35 3h 8h 3h 3h a6 76 
1a 87 82 81 21 28 71 c7 a7 1c 
18 12 1a c8 6c 61 c1 6c 68 6h 
6h 6h c8 6c 