#7376059655 Attempt: 1 NumFcs=3 (FCPro - Solved)
7h 74 2c 7b 8a 87 83 36 c7 27 
25 1c 16 c6 5c 56 c6 5c 56 53 
85 16 1h 47 b8 1b 18 13 51 58 
28 25 b2 8b 18 21 26 16 32 31 
21 62 c6 3c 53 85 b8 6b 26 a2 
6a b6 8b 58 65 a6 8a b8 6b 56 
85 a8 2a 62 b6 8b 58 c5 6c 26 
12 15 25 41 71 72 73 12 13 41 
45 15 61 c6 3c 23 42 48 24 62 
64 24 32 c3 4c 14 71 78 75 b7 
18 6b 65 61 51 56 b1 3b 38 28 
12 16 15 65 61 51 56 21 65 62 
52 56 26 25 12 16 15 65 61 25 
62 12 41 45 c5 4c 42 c2 3c 34 
37 c4 5c 52 c2 4c 47 c7 2c 12 
54 51 41 24 21 c1 2c 25 c5 1c 
15 c5 1c 12 c2 5c 45 21 24 14 
81 87 17 51 54 c4 5c 52 c2 4c 
14 51 56 16 21 26 16 21 25 15 
62 65 61 51 56 21 42 41 c1 4c 
46 c6 1c 16 14 64 61 41 46 c1 
7c b7 1b 16 14 64 61 b4 2b 72 
c7 4c 41 46 c1 7c 27 84 82 42 
14 16 46 74 72 c2 7c 78 c8 2c 
28 c8 2c 27 c7 1c 12 15 c2 6c 
62 61 65 21 25 26 c1 56 5c 52 
c2 62 6c 65 c5 25 2c 26 c6 56 
5c 52 c2 62 6c 65 c5 25 2c 26 
12 15 25 c6 16 6c 62 61 21 c1 
5c 51 52 c1 5c 56 c6 26 1c 16 
12 c6 1c 15 c5 25 6c 65 61 62 
51 52 56 c1 7c 26 25 12 16 15 
65 61 25 62 12 51 52 12 51 56 
16 21 26 b6 2b 25 b5 7b 72 b2 
c2 6c 65 6b 15 61 b1 5b 51 b1 
5b 56 b6 1b 16 b6 1b 15 b5 6b 
65 61 51 56 b1 8b 82 b2 1b 16 
15 65 61 b5 2b 42 64 14 21 b2 
5b 54 b4 2b 12 41 c4 5c 56 c6 
4c 46 16 21 b2 4b 45 b5 2b 12 
64 65 61 51 56 41 54 64 65 45 
46 a4 1a 15 16 a5 6a 61 a1 5a 
51 a1 5a 56 a6 1a 16 a6 1a 15 
a5 3a 61 65 15 21 b2 3b 53 c5 
2c 12 31 36 16 21 c2 7c 73 c3 
6c 67 c7 2c 12 51 56 76 75 65 
16 87 81 83 71 27 21 c1 2c 23 
28 c3 6c 62 52 56 26 25 12 13 
23 65 62 52 56 26 25 65 62 52 
56 26 c2 1c 18 c8 6c 26 25 c5 
6c 61 62 51 52 56 12 16 26 c2 
3c 38 31 81 83 c1 4c 14 13 18 
43 61 26 24 25 14 62 65 61 51 
56 21 32 38 28 12 16 15 65 61 
45 41 51 54 56 46 16 14 15 24 
31 32 12 61 65 15 41 46 56 15 
34 31 41 24 21 41 62 64 24 52 
56 46 45 34 65 26 82 81 21 c2 
1c 71 b7 3b 13 c1 4c b4 c4 1c 
31 6b 63 53 56 36 35 83 65 b6 
1b 13 18 c3 2c 12 82 81 21 28 
32 31 38 21 63 62 52 56 26 25 
12 18 65 36 28 13 12 32 13 14 
34 61 63 53 56 36 35 23 24 34 
65 62 63 52 53 56 23 26 36 32 
35 62 16 43 41 31 83 81 31 63 
65 25 26 56 35 12 b1 6b 63 b3 
1b 21 82 84 24 12 14 24 12 18 
28 61 62 12 31 32 12 43 48 41 
81 84 31 83 43 48 38 34 c3 1c 
18 14 84 81 41 48 c1 3c 84 83 
43 48 38 34 13 18 14 84 81 34 
83 13 41 43 13 41 48 18 31 38 
18 31 34 14 23 21 31 53 52 12 
15 81 84 14 25 21 51 52 12 31 
43 b4 1b 15 25 21 51 b5 4b 34 
c3 1c 51 52 c2 1c 15 25 c2 8c 
81 c1 4c 41 c1 4c 48 c8 1c 18 
c8 1c 14 c4 2c 21 51 52 12 15 
81 84 b4 25 c2 3c 8b 83 b3 7b 
47 43 13 41 48 18 31 38 18 31 
34 14 23 21 51 52 12 15 81 84 
14 25 21 51 52 12 31 53 56 36 
13 16 26 21 61 36 23 25 35 62 
65 63 53 56 13 16 36 31 35 15 
65 63 61 31 51 25 83 82 32 43 
42 32 43 48 38 23 28 38 23 24 
34 12 51 53 56 23 12 16 15 65 
61 25 62 12 81 84 14 c1 3c 32 
c2 4c 74 23 27 37 53 52 72 75 
47 c4 8c 25 32 83 c3 4c 43 c3 
4c 48 c8 3c 38 c8 3c 34 c4 2c 
23 53 52 32 35 43 25 c2 8c 83 
84 c3 1c 31 34 38 14 23 21 51 
52 12 15 41 48 25 32 18 43 41 
31 83 81 31 83 84 34 13 14 34 
13 18 c1 4c 74 b7 38 2b 23 53 
52 32 35 43 48 25 b2 c8 3c 2b 
23 53 52 32 35 b3 1b 25 21 51 
52 12 31 53 56 36 13 16 26 21 
61 36 23 25 35 62 65 63 53 56 
13 16 36 31 35 15 65 63 61 31 
51 25 43 42 32 83 82 32 83 84 
34 23 24 34 23 28 38 12 51 53 
56 23 12 16 15 65 61 25 42 48 
28 62 12 81 c8 7c 37 32 52 53 
73 57 56 76 27 26 36 32 62 76 
43 47 37 83 87 17 81 84 14 71 
74 14 71 78 18 67 61 21 26 16 
12 41 48 62 76 47 87 84 74 78 
b7 14 6b 61 21 26 16 12 41 48 
62 b6 18 6b 61 21 26 16 12 41 
62 b6 8b 81 84 b1 3b 83 43 48 
38 34 c3 1c 18 14 84 81 c4 3c 
83 13 41 43 13 41 48 18 31 38 
18 31 34 14 c3 6c 61 21 26 16 
12 81 84 62 c6 14 6c 61 21 26 
16 12 c1 3c 62 63 23 26 36 13 
21 25 15 32 35 65 26 41 b4 6b 
63 62 32 52 53 56 23 26 25 65 
62 b5 7b 37 32 72 53 57 56 76 
26 27 25 75 65 36 82 87 83 73 
23 67 62 52 56 26 25 42 43 13 
65 61 51 56 16 71 b7 6b 16 15 
b5 6b 61 51 b5 3b 23 12 51 56 
26 12 15 65 26 41 42 48 12 31 
32 b2 3b 38 34 84 83 43 48 b3 
2b 23 b3 2b 28 b8 6b 62 52 56 
26 25 32 38 65 b6 28 6b 62 52 
56 26 25 32 65 b6 3b 34 b4 24 
6b 63 62 32 52 53 56 23 26 25 
65 62 b5 8b 84 b4 3b 32 b2 4b 
14 23 52 51 56 31 23 26 25 65 
62 35 63 23 12 13 23 41 b4 3b 
32 b2 5b 53 23 25 82 35 b3 4b 
42 48 b2 1b 41 81 84 14 18 c1 
2c 24 28 c4 3c 32 52 53 23 25 
42 48 35 c3 28 3c 32 52 53 23 
25 42 35 c3 1c 81 b8 7b 87 82 
84 24 28 14 32 31 51 53 13 15 
41 48 35 23 18 52 51 21 32 35 
15 13 b1 53 25 3b 32 b2 5b 53 
23 b2 5b 56 b6 2b 26 36 32 62 
b6 3b 35 b5 2b 25 43 42 32 b5 
6b 63 53 56 36 b3 8b 82 b2 6b 
36 35 b5 6b 63 53 b5 2b 72 37 
53 56 76 37 35 65 76 43 47 37 
23 b2 8b 87 b7 2b 27 b7 2b 28 
b8 6b 62 52 56 26 25 42 65 b6 
7b 78 b8 3b c3 4c 84 b8 2b c2 
b2 8c 48 6b 64 54 56 46 45 74 
65 b6 8b 84 87 b4 1b 41 47 48 
17 64 61 51 56 16 15 21 65 46 
b4 2b 72 c7 1c b1 c1 7c 27 6b 
62 52 56 26 25 82 65 b6 3b 83 
23 82 81 21 32 31 21 63 62 52 
56 26 25 72 71 21 65 62 52 56 
26 32 13 c1 6c 26 25 c5 6c 62 
52 c5 1c 31 b3 2b 52 56 b6 2b 
25 65 b6 7b 72 b2 1b 12 b2 1b 
17 b7 2b 27 b7 2b 21 b1 6b 62 
52 56 26 25 12 65 b6 7b 72 71 
b2 3b 23 21 27 31 82 83 23 12 
17 27 82 84 24 32 34 24 63 62 
52 56 26 25 12 65 36 13 23 12 
14 24 32 34 24 63 62 52 56 26 
25 12 65 36 73 74 34 b3 83 6b 
68 58 56 86 85 48 c4 65 b6 3c 
3b c3 1c b1 31 6b 63 53 56 36 
35 73 65 b6 4b 43 47 83 48 78 
74 84 87 c8 47 4c 28 32 37 27 
42 48 c2 32 6c 63 53 56 36 35 
13 65 c6 7c 72 c2 1c 21 b2 3b 
43 83 84 34 38 c3 b3 48 4c 4b 
43 b3 c3 83 8c 8b c8 2c 12 b1 
81 6b 68 31 58 56 86 85 28 c2 
7c 65 b6 2b 82 38 18 13 83 81 
28 b2 7b 73 71 31 37 b1 c1 2c 
21 2b 81 28 27 87 b7 6b 62 68 
52 58 56 86 85 26 25 18 17 12 
72 71 82 65 68 58 56 86 b8 2b 
21 27 b1 5b 52 b2 6b 62 b2 6b 
65 b5 1b 17 b7 2b 25 b5 2b 26 
b6 1b 12 b2 1b 13 b3 2b 23 b3 
6b 62 b2 5b 52 b2 5b 56 b6 2b 
82 86 b6 2b 28 68 b6 2b 25 b5 
6b 65 62 52 56 82 86 26 28 25 
85 65 62 68 b2 7b 73 b3 2b 28 
58 52 56 82 86 85 26 25 65 b6 
7b 78 72 71 21 81 b1 6b 67 62 
68 72 52 57 58 56 86 85 76 26 
28 25 85 17 12 18 72 65 67 57 
56 76 b7 2b 28 b8 6b 76 75 b5 
6b 62 67 52 57 56 27 26 76 b7 
3b 38 32 b8 3b 31 b1 21 6b 76 
72 75 b2 6b 65 67 25 27 57 b5 
8b 81 82 b1 8b 83 b3 23 6b 68 
62 82 b2 3b 38 b8 1b 18 b8 1b 
13 b3 8b 83 b3 8b 81 b1 5b 58 
52 82 72 78 75 85 25 27 28 57 
58 52 82 85 b2 6b 68 b8 2b 25 
75 72 52 b5 6b 67 6h 64 5h 6h 
