#8187854194 Attempt: 1 NumFcs=3 (FCPro - Solved)
48 45 2c 6b 62 b2 64 2b 2a 24 
a4 b4 6b 64 b4 6b 5a 56 54 24 
a6 2a 27 28 25 62 67 27 b6 c2 
4c 4b 46 b6 c6 2c 4b 42 b2 4b 
48 b8 2b 28 b8 6b 62 68 b2 6b 
26 28 68 42 46 b4 26 1b 52 51 
21 52 31 56 35 36 53 45 46 24 
56 12 15 25 32 b3 4b 48 b8 3b 
23 52 54 24 35 b3 c2 3c 53 3b 
c3 a5 7c 7a 75 a5 c5 3c 35 b5 
7b 71 7a 41 73 75 75 25 87 82 
83 72 87 86 76 27 23 73 82 87 
27 42 45 12 15 25 21 51 52 12 
15 25 21 62 67 51 27 52 12 15 
25 21 62 68 51 28 52 12 15 25 
21 72 78 51 28 52 12 15 25 21 
72 76 51 57 26 17 15 12 41 52 
54 72 74 24 27 25 75 82 86 87 
45 26 82 72 47 57 54 74 75 67 
62 72 67 68 45 78 27 28 78 27 
26 76 82 86 87 26 82 72 47 57 
54 74 75 67 62 72 67 68 45 78 
27 28 78 27 26 82 87 86 27 82 
62 68 28 26 42 52 54 24 25 86 
82 62 68 28 26 45 42 52 54 86 
24 25 72 76 78 45 47 26 57 54 
52 74 72 42 47 45 75 84 87 25 
47 24 54 52 42 45 64 67 25 47 
24 54 52 42 45 64 68 25 48 24 
54 52 42 45 74 78 25 48 24 54 
52 42 45 74 76 25 27 46 57 52 
54 72 74 24 27 25 75 32 37 38 
45 27 42 52 54 24 25 b2 7b 78 
45 47 57 54 b8 74 75 5b 57 b7 
2b 47 42 45 25 64 62 42 34 32 
42 32 84 82 83 42 84 34 23 24 
34 23 28 75 38 43 48 38 43 42 
32 84 82 83 42 84 34 23 24 34 
23 28 38 43 48 38 43 42 84 83 
82 43 c4 3c 32 38 c2 8c 83 c3 
2c 23 c3 2c 28 c8 3c 38 c8 3c 
32 c2 6c 63 c3 8c 82 c2 4c 74 
54 57 47 45 a4 6a 64 a4 1a 16 
1h a6 3a 34 a4 8a 83 a3 2a 23 
a3 2a 28 a8 3a 38 a8 3a 32 a2 
1a 83 82 32 53 51 71 75 15 31 
87 83 73 27 23 73 27 28 78 37 
38 78 37 32 72 83 82 87 27 28 
37 23 83 82 32 38 c3 a3 6c 6a 
28 26 86 82 62 68 76 72 78 62 
17 16 56 51 61 65 86 15 71 87 
67 26 27 67 26 28 68 76 78 68 
76 72 62 17 16 56 51 61 65 36 
15 71 87 82 72 a7 c7 3c 8a 83 
a3 2a 23 a3 2a 28 a8 3a 38 a8 
3a 32 a2 8a 82 83 a2 6a 86 36 
23 26 36 23 28 38 63 68 38 63 
62 32 86 82 83 23 28 63 26 86 
82 62 68 b6 3b 32 38 b2 8b 83 
b3 2b 23 b3 2b 28 b8 3b 38 b8 
3b 32 b2 1b 13 53 51 31 35 83 
82 32 15 13 53 51 31 35 15 13 
53 51 31 b3 6b 16 31 35 65 83 
86 36 23 26 36 23 28 38 63 68 
38 63 62 32 86 82 83 23 28 63 
26 86 82 62 68 a6 3a 32 38 a2 
8a 83 a3 2a 23 a3 2a 28 a8 3a 
38 a8 3a 32 a2 1a 13 53 51 31 
35 83 82 32 15 13 53 51 31 a3 
5a 56 a6 1a 16 a6 3a 31 61 a6 
8a 83 a3 2a 23 a3 2a 28 a8 3a 
38 a8 3a 32 a2 1a 13 a3 6a 61 
31 36 83 82 16 a1 5a 32 53 57 
a3 c7 37 3c 8a 83 a3 2a 23 a3 
2a 28 a8 3a 38 a8 3a 32 a2 1a 
13 63 61 31 36 83 82 32 16 13 
63 61 31 a3 6a 67 a7 1a 17 a7 
3a 31 71 a7 8a 83 a3 2a 23 a3 
2a 28 a8 3a 38 a8 3a 32 a2 8a 
82 83 a2 6a 86 36 23 26 36 23 
28 38 63 68 38 63 62 32 86 82 
83 23 28 63 26 86 82 62 68 c6 
a6 3c 32 38 c2 8c 8a 83 a3 c3 
2c 23 2a c3 8c 84 c4 2c 24 c4 
a4 2c 28 c8 1c 71 7a 72 76 a2 
c2 1c 1a 16 a6 26 c2 8c 8a 81 
a1 c1 3c 34 3a c4 3c 31 c1 a1 
8c 8a 83 a3 c3 8c 1h 26 2a 28 
ah 1h 8a 87 7h 82 