#8426413577 Attempt: 1 NumFcs=3 (FCPro - Solved)
65 8c 81 85 8b 8a 82 72 73 57 
58 53 83 73 75 28 26 35 86 38 
58 53 83 85 c8 35 3c b8 5b 53 
c5 b3 2c 35 3b b3 53 25 5b 35 
b3 4b 42 72 73 75 46 43 35 37 
57 53 73 75 47 41 42 84 82 42 
35 38 34 84 54 58 53 83 43 48 
45 64 85 a8 7a c7 6c 67 35 c7 
47 3c 34 c4 54 5c 53 c3 43 4c 
45 c5 a4 8c 35 3a 38 a8 58 5a 
53 a3 5a 54 1h 83 a4 57 1a 51 
85 84 54 34 38 35 85 45 48 43 
83 18 a1 8a 53 58 54 84 34 35 
38 45 48 43 83 84 18 a1 53 54 
34 3a 35 a5 45 4a 43 a3 53 5a 
54 65 a4 1a 81 68 63 64 34 36 
46 43 63 64 34 36 46 43 28 63 
64 16 13 12 a1 13 61 1a 16 36 
a3 1a 1h 15 21 82 18 a1 2a 21 
81 82 12 a1 3a 38 34 84 64 a6 
2a 28 a8 2a 27 a7 1a 17 87 81 
71 a7 2a 23 28 25 42 43 23 62 
64 34 23 16 12 62 76 71 21 27 
52 17 61 56 58 26 35 32 42 43 
23 24 62 68 34 36 46 43 63 64 
34 36 46 43 63 56 28 35 63 64 
54 32 36 35 65 45 46 43 63 53 
56 54 64 34 35 36 45 46 43 63 
64 23 16 12 72 71 21 27 32 34 
54 53 43 24 17 61 85 82 86 52 
c5 85 65 3c 38 36 86 c6 3c 38 
c8 2c 25 c5 3c 32 c2 8c 82 c2 
3c 38 c8 3c ah 7h 2h 2h 7h 35 
28 3a 