#130211737 Attempt: 1 NumFcs=3 (FCPro - Solved)
13 35 3c 3b 18 16 3a 81 31 32 
82 37 47 13 12 32 b3 c3 53 5c 
1b 51 58 54 a4 c5 35 3c 3a 13 
15 35 17 c3 1c a1 31 2a 23 a3 
2a b2 3b 32 b2 4b 43 47 37 b7 
5b 53 51 31 b1 8b 83 b3 83 86 
81 c1 83 2c 2b 28 a2 b2 c2 4c 
2b 28 2a b8 2b 21 b1 a1 2b 42 
41 81 8a ah 2h 27 2a 6h 8h 67 
6h 65 63 43 12 18 1h 8h 74 78 
8h 6h 61 78 73 76 3h bh 37 63 
7b 76 b6 3b 37 67 63 73 76 36 
37 67 63 b3 1b 16 b6 2b a2 4a 
c4 1c 14 c4 1c 15 c5 4c 45 c5 
6c 65 c5 7c 76 c6 3c 37 67 63 
c6 2c 73 72 32 37 27 23 73 72 
32 37 27 62 c6 7c 27 23 c3 7c 
72 32 c3 4c 24 32 37 47 24 23 
73 47 52 54 24 c2 5c 52 c2 4c 
42 c2 7c 74 34 37 47 43 14 73 
c7 5c 54 51 41 45 c1 7c 74 34 
37 47 43 14 15 73 c7 1c 45 14 
c4 5c 54 c4 5c 51 c1 4c 41 c1 
4c 45 c5 7c 74 34 37 47 43 14 
15 73 c7 45 7c 74 34 37 47 43 
14 73 c7 5c 54 51 41 45 24 c1 
6c 16 15 65 26 46 24 25 45 64 
65 45 76 74 34 37 47 43 c4 73 
67 7c 76 36 37 67 63 56 73 c7 
2c 52 62 c6 5c 56 c6 8c 28 26 
86 72 78 38 37 87 83 18 73 27 
12 82 58 52 82 58 51 81 28 21 
81 28 25 85 72 78 38 37 87 83 
18 15 73 27 12 52 51 21 25 62 
81 68 28 62 61 21 82 81 21 78 
72 32 37 27 23 52 73 87 58 28 
52 53 c3 7c 75 c5 3c 35 c5 3c 
37 c7 5c 57 c7 5c 53 c3 1c 15 
c5 7c 73 c3 8c 82 c2 7c 78 c8 
3c 38 c8 3c 37 c7 8c 87 c7 8c 
83 c3 7c 73 78 c3 4c 74 84 38 
34 84 38 37 87 48 47 87 48 43 
c4 6c 83 16 18 68 76 73 63 16 
12 62 56 58 68 75 76 56 25 c2 
3c 36 c6 2c 52 35 37 57 25 c2 
6c 67 c7 2c 52 65 63 53 16 15 
65 76 73 63 26 25 65 26 21 61 
56 51 61 56 52 62 75 76 56 15 
c1 3c 36 c6 1c 51 35 37 57 15 
c1 6c 67 c7 1c 51 65 63 53 16 
12 15 c2 7c 73 c3 2c 25 21 51 
52 c1 2c 25 c5 2c 12 15 65 c6 
1c 16 c6 4c 54 56 46 54 51 41 
75 74 54 35 34 54 35 37 57 45 
47 57 45 43 53 64 61 65 41 74 
73 43 14 15 16 45 14 64 61 41 
46 c4 2c 16 12 62 61 21 26 52 
51 56 21 75 72 52 15 16 56 35 
32 52 35 37 57 25 27 57 25 23 
53 12 15 25 72 73 23 62 65 25 
62 61 21 52 51 21 52 56 85 26 
12 16 26 82 52 65 c6 8c 86 c6 
7c 78 8h 28 26 86 72 78 74 84 
24 78 71 7h 