#135482307 Attempt: 1 NumFcs=3 (FCPro - Solved)
1h 45 67 28 28 2c 2b 2a 26 c2 
82 18 8c 28 c2 1c 12 a2 6a 61 
a1 61 31 1a 14 a4 2a 28 a8 3a 
38 a8 1a 13 a3 8a c8 1c 18 71 
78 18 c1 3c 31 c1 4c 41 c1 3c 
31 32 36 13 61 36 53 51 31 a3 
53 51 71 71 53 52 1a 15 83 a5 
7a 73 7h a3 4a 47 46 14 16 46 
41 61 6b 48 64 b4 14 1b 16 b6 
46 4b 41 b1 61 6b 64 b4 14 1b 
16 b6 46 4b 41 b1 8b 84 61 b4 
3b 34 b4 3b 38 b8 4b 48 b8 4b 
43 b3 6b 64 b4 14 1b 16 b6 46 
4b 41 b1 8b 83 84 61 b3 5b 51 
56 1h 85 45 64 16 41 34 35 45 
34 38 48 54 58 48 54 53 43 65 
64 14 16 46 41 84 83 61 56 43 
85 84 54 35 34 54 35 38 58 45 
48 58 45 43 53 64 65 15 16 56 
51 85 83 61 46 53 14 15 45 64 
61 51 56 25 16 41 24 54 25 27 
57 62 65 25 12 16 56 51 85 61 
26 82 52 35 32 52 35 38 58 25 
28 58 25 23 53 62 65 15 16 56 
51 85 83 61 26 42 47 53 27 64 
65 62 52 12 15 16 25 26 21 61 
62 41 64 24 62 8h 8h 1h 51 54 
4h 86 85 87 5h 85 75 78 58 57 
15 14 54 87 85 75 78 58 57 15 
12 52 45 42 52 45 41 51 87 84 
85 74 75 78 45 48 58 54 57 84 
87 85 75 78 45 48 58 54 57 47 
87 85 84 54 25 21 51 74 75 78 
45 48 47 58 57 24 25 45 14 15 
45 14 12 42 54 52 42 54 51 41 
87 85 84 54 74 75 78 45 48 47 
14 87 57 58 15 45 24 25 45 24 
21 41 54 51 41 54 52 42 78 75 
74 54 84 85 87 45 47 48 14 12 
57 58 35 3h 42 34 36 3h 1h 1h 
46 37 14 13 43 14 a1 3a 34 a4 
1a 13 a3 4a 43 a3 7a 78 7h a8 
1a c1 4c a4 5a c5 3c 35 c5 3c 
31 c1 8c 83 87 c3 1c 14 c4 3c 
37 c7 2c 23 c3 2c 25 c5 3c 35 
c5 6c 63 67 c3 8c 86 c6 3c 37 
c7 8c 83 c3 84 8h 81 8h 