#188673655 Attempt: 1 NumFcs=3 (FCPro - Solved)
6h 53 1c 4b 4a 31 b4 5b 57 57 
53 15 31 53 45 47 57 b5 45 4b 
41 54 51 41 25 24 a2 1a b1 2b 
27 c2 b7 1c 1b 13 b3 a3 2b 2a 
52 35 c3 4c a4 b4 3b 53 4a 84 
45 a4 5a 35 b3 8b 84 83 81 35 
83 58 35 83 a8 48 4a 43 a3 c4 
83 8c 3a 38 35 85 a5 3a 38 31 
81 a1 3a 38 a8 3a 31 c1 4c a4 
8a 84 a4 51 5a 58 34 a8 38 31 
61 1a 18 26 a8 5a 54 a4 1a 15 
14 54 a4 8a 84 85 a4 8a 81 a1 
51 1a 18 15 a8 4a 48 a8 4a 45 
41 51 54 a1 7a 75 a5 1a 14 a4 
8a 84 a4 8a 81 a1 7a 78 a8 3a 
37 43 41 31 53 58 38 75 73 53 
75 c7 3c 37 75 73 c5 2c 26 72 
32 13 71 76 26 b7 1b 31 73 78 
76 56 57 52 72 62 65 67 25 27 
26 76 72 62 67 52 57 27 25 26 
75 76 72 56 52 38 62 67 65 63 
53 73 23 25 27 26 35 37 36 32 
62 63 72 73 23 27 26 62 72 32 
37 36 52 57 27 23 26 25 73 76 
75 36 35 65 67 63 62 32 72 13 
b1 52 5b 57 56 76 b6 26 2b 25 
27 b5 65 6b 67 62 72 76 b2 52 
5b 56 b6 26 2b 27 25 75 b5 65 
6b 67 62 72 b2 1b 31 52 57 53 
56 73 23 25 26 27 35 36 37 56 
57 67 63 65 62 52 73 72 75 76 
56 32 36 26 27 25 23 75 17 b1 
65 6b 63 62 32 36 b2 4b 43 52 
b3 1b 13 73 17 14 74 37 34 74 
37 31 71 43 41 47 31 43 73 57 
56 76 26 25 27 65 67 62 72 76 
17 13 52 56 73 26 25 27 65 67 
62 72 76 17 14 52 56 74 26 25 
27 65 67 62 72 76 17 52 56 15 
75 37 34 74 37 35 75 26 23 27 
63 67 62 72 76 47 45 32 36 75 
26 23 27 63 67 62 72 76 47 32 
36 43 73 47 41 71 37 31 71 26 
23 27 63 67 62 72 76 17 26 36 
32 53 57 51 71 75 31 62 67 63 
73 23 27 26 76 36 37 32 13 15 
72 62 67 b5 1b 27 26 76 72 17 
62 b7 5b 57 37 53 51 31 53 54 
34 15 14 13 43 41 53 45 15 14 
54 51 65 41 25 26 56 52 35 31 
34 51 23 25 63 65 62 52 56 15 
14 54 32 36 26 25 23 53 63 65 
62 52 75 74 32 54 35 36 25 26 
23 63 62 53 52 75 71 51 32 37 
36 76 45 41 43 47 51 37 45 43 
53 15 17 57 15 13 53 15 14 54 
35 34 54 35 31 43 45 41 51 54 
31 65 63 53 23 25 26 35 36 32 
56 52 13 14 15 34 13 62 53 45 
43 53 45 41 51 35 31 51 35 34 
63 23 26 36 32 13 15 14 35 13 
62 43 41 31 34 63 23 26 36 32 
73 75 62 14 35 13 43 41 31 34 
63 23 26 14 36 32 13 43 41 31 
34 73 71 31 62 67 63 73 23 27 
26 76 36 37 32 13 67 62 72 76 
17 14 74 34 26 27 23 73 63 67 
62 72 32 37 36 43 27 26 76 72 
57 53 54 62 73 57 51 71 41 45 
47 15 17 14 74 71 37 35 34 54 
53 51 31 41 45 43 71 53 47 45 
75 17 13 b3 1b 15 b5 1b 14 b4 
3b 35 75 37 34 74 53 54 57 34 
53 73 47 43 b3 5b 51 b1 4b 41 
45 b1 3b 31 b1 3b 35 b5 1b 15 
13 53 51 73 67 27 26 76 72 37 
31 35 71 62 63 67 23 27 26 76 
72 17 15 62 b5 32 36 26 2b 23 
b3 63 6b 62 b2 32 3b 36 13 b6 
1b 14 b4 34 26 2b 23 b3 63 6b 
62 b2 32 3b 36 23 26 b2 4b 32 
c3 5c 75 a7 5a c5 8c 87 26 c7 
3c 23 63 62 32 36 b3 5b 53 54 
a3 5a 51 a1 41 4a 45 a5 3a 31 
35 a1 26 2a 23 a3 63 6a 62 a2 
32 3a 36 13 15 35 a6 8a 83 82 
86 32 a2 1a 18 14 13 43 41 83 
a3 2a 28 26 86 a6 3a 38 31 34 
81 a1 2a 23 28 a3 5a 51 a1 3a 
38 a8 5a 53 54 a3 1a 13 15 14 
a3 54 1a 15 a5 3a 34 a4 3a 35 
a5 4a 45 43 53 54 a3 7a 76 a6 
3a 34 35 a4 5a 53 a3 4a 43 a3 
4a 45 a5 3a 35 a5 3a 34 a4 c3 
2c 2a 52 54 24 a2 c2 8c 8a 82 
a2 c2 1c 1a 18 a8 c8 1c 1a 13 
12 6h 6h 5h 2h 1h b4 76 6b 61 
62 67 b1 3b 27 26 76 72 62 67 
76 17 12 72 61 67 17 51 5h 58 
a5 c5 2c 2a 27 a7 c7 2c 26 2a 
c6 1c 21 a1 6a 61 a1 6a 62 a2 
6a 63 b6 a3 36 3b 3a 13 12 32 
13 16 36 21 26 23 63 62 13 61 
21 26 16 12 c1 3c 36 32 c6 2c 
23 c3 6c 63 c3 6c 62 c2 3c 32 
c2 3c 36 c6 4c 43 41 31 c1 6c 
63 c3 2c 23 c3 2c 26 c6 4c 48 
c8 2c a2 b2 c2 6c 62 6b 6a c2 
6c 6h 