#49584105 Attempt: 1 NumFcs=3 (FCPro - Solved)
3h 1c 1b 1a 61 c6 1c 13 73 17 
31 c3 2c 26 52 52 a5 3a 13 81 
87 83 17 31 83 81 13 86 b8 1b 
a1 b1 7b 7a 73 71 31 73 a1 41 
41 64 6a 68 75 71 a8 48 4a 4h 
4h 27 2h 25 42 a4 2a 28 b2 a8 
1b 12 1a 13 b2 a3 5b 5a 58 a8 
b8 4b 1a 14 a4 3a 34 a4 3a 31 
a1 4a 41 a1 2a 21 a1 4a 43 24 
a3 1a 14 12 13 42 43 14 a2 3a 
34 31 41 43 a1 3a 34 a4 1a 14 
a4 1a 13 a3 2a 24 a4 2a 23 a3 
1a 12 a2 3a 31 a1 3a 32 a2 1a 
12 a2 4a 42 41 21 24 a1 7a 17 
14 12 42 41 21 24 71 42 47 27 
24 74 72 17 14 12 42 41 72 47 
17 21 27 17 21 24 14 71 74 14 
71 72 12 b7 2b 21 b1 4b 41 b1 
4b 42 b2 4b 43 b3 2b 23 24 b3 
1b 13 b3 1b 14 b4 3b 34 31 41 
43 b1 7b 17 13 14 34 31 74 37 
32 72 12 47 42 41 72 47 43 73 
13 24 23 27 21 71 31 37 32 41 
72 54 17 12 72 17 13 73 21 23 
27 13 21 71 37 31 71 57 5h 5h 
35 32 52 15 12 52 15 13 53 61 
25 23 53 b5 6b 65 61 65 45 26 
24 64 36 34 64 36 32 62 46 42 
62 46 43 63 54 56 46 24 23 43 
54 51 41 25 24 54 35 34 54 35 
32 52 45 42 52 45 43 53 64 61 
41 25 23 26 24 53 64 25 26 56 
35 34 54 35 36 56 35 32 52 45 
46 56 45 42 52 34 35 37 45 34 
8h 2h 1h 2c 25 2b 27 24 