#52897265 Attempt: 1 NumFcs=3 (FCPro - Solved)
8c 5b 3a 37 c7 38 31 1c 15 c5 
4c 45 41 34 34 a4 5a 51 a1 5a 
53 25 a3 1a 13 53 51 31 a3 1a 
31 a3 8a 85 87 a5 7a 75 a5 8a 
82 b2 1b 18 38 31 81 83 78 13 
b1 5b 58 57 87 85 b7 1b 18 38 
31 81 83 78 75 13 b1 4b 85 48 
b8 4b 45 b5 45 85 8b c4 1c 18 
38 31 81 83 58 13 c1 5c b5 85 
1b 18 38 31 81 83 48 a4 13 b1 
8b 1a 18 38 31 81 83 a8 2a 13 
81 28 a8 4a 48 b8 4b c4 2c 24 
25 65 23 c3 6c 67 36 31 61 63 
13 16 36 31 61 63 13 21 82 86 
26 a2 5a 54 a4 1a 31 a3 6a 26 
28 a8 1a 12 a2 3a 31 21 23 52 
13 a1 4a 42 45 25 24 a5 1a 12 
32 31 21 23 42 13 a1 4a 54 52 
42 c4 6c 64 84 86 46 c4 8c 81 
13 18 c3 6c 63 c3 5c 56 a5 c6 
2c 26 25 c6 7c 7a 72 a2 c2 7c 
7a 78 ch 75 65 6c 67 c7 57 5c 
56 c6 76 7c 75 c5 65 6c 67 c7 
57 5c 56 c6 76 7c 75 17 c5 8c 
87 c7 65 6c 68 c8 58 5c 56 c6 
86 8c 85 78 c5 4c 34 3h 65 38 
37 87 83 73 78 87 48 43 47 37 
34 87 38 48 74 78 48 74 73 43 
84 83 43 84 87 47 68 64 84 54 
58 56 86 46 48 45 85 74 78 48 
34 38 48 34 37 47 34 31 65 41 
74 71 41 74 73 43 17 13 14 34 
31 74 37 17 13 73 71 87 84 74 
87 83 73 68 67 87 57 58 56 86 
76 78 75 85 47 43 48 65 73 47 
41 87 64 68 54 58 56 86 85 46 
45 78 71 65 64 67 47 57 54 56 
46 76 74 75 64 65 67 57 56 76 
75 46 45 65 67 64 57 54 56 74 
76 81 46 47 45 75 38 31 34 37 
47 17 14 13 87 43 65 68 64 84 
54 58 56 86 46 48 45 14 85 18 
65 48 74 73 43 74 78 48 67 64 
57 54 56 46 45 76 75 34 38 37 
87 83 47 84 65 34 38 48 43 74 
78 73 83 87 37 38 47 b4 7b 78 
73 83 87 b3 4b 84 74 37 34 74 
37 38 78 47 48 78 47 43 73 64 
67 47 57 54 56 46 76 74 75 45 
37 34 74 37 31 65 71 47 41 71 
64 67 47 57 54 56 46 76 74 75 
45 17 14 74 87 84 65 74 87 81 
71 47 41 71 47 48 78 14 18 17 
87 81 47 84 14 18 48 41 a4 7a 
78 71 a8 1a 17 a7 8a 87 a7 8a 
81 a1 7a 71 a1 7a 78 a8 6a 67 
a7 57 5a 56 a6 76 7a 75 a5 1a 
18 17 87 81 a7 4a 74 71 78 41 
57 54 67 64 65 45 46 14 18 56 
76 75 c8 65 6c 67 c7 57 5c 56 
c6 76 7c 75 67 65 c6 1c 76 a7 
8a 48 14 c4 8c 84 c4 8c 81 c1 
4c 41 c1 4c 48 14 a1 65 6a c8 
5c 56 a5 c6 2c 2a 27 a7 c7 5c 
5a 52 a2 c2 5c 5a 57 b7 c7 62 
6c 6b 67 b7 c7 5c 5b 56 27 b6 
c6 5c 57 1b 18 15 85 81 45 84 
14 18 48 41 c4 5c 58 51 81 85 
c1 4c 84 54 15 14 54 15 18 58 
45 48 58 45 41 51 64 65 45 84 
81 41 c4 64 5c 54 c4 3c 36 35 
65 c5 2c 26 c6 7c 76 c6 7c 72 
c2 6c 62 c2 6c 67 c7 8c 86 c6 
1c 16 c6 1c 18 c8 1c 15 c5 6c 
68 c8 6c 65 c5 1c 16 13 c6 2c 
27 c7 6c 63 c3 1c 16 