#65897093 Attempt: 1 NumFcs=3 (FCPro - Solved)
5h 6c 67 61 63 6b ch 3c 3a a6 
c6 3c 31 36 3h 32 1a 21 a2 6a 
63 a3 6a b6 c6 4c 43 53 5b 51 
12 57 51 25 12 51 b5 85 4b 45 
41 12 84 83 b3 7b 57 b5 8b 84 
34 38 48 43 83 84 18 34 28 21 
81 82 38 48 43 83 84 68 61 81 
34 36 38 46 48 43 83 84 34 38 
83 43 48 63 68 38 36 34 64 84 
86 83 63 78 76 43 86 48 38 34 
84 83 58 57 67 65 16 75 87 18 
12 82 62 43 48 46 86 36 38 34 
84 64 68 63 16 83 18 43 68 16 
15 12 65 46 36 34 64 63 56 57 
67 86 87 43 48 67 38 34 36 84 
86 46 48 43 83 a8 63 6a 64 a4 
34 3a 36 a6 46 4a 43 18 a3 63 
6a 64 a4 34 3a 36 a6 3a 38 46 
a8 4a 48 a8 68 6a 64 a4 1a 36 
31 61 84 83 86 43 46 48 36 38 
68 63 64 26 83 84 34 38 23 63 
26 27 67 36 37 67 48 43 46 83 
86 84 64 68 26 34 38 23 63 a6 
2a 48 24 26 a2 3a 32 a2 7a 73 
a3 7a 72 a2 3a 32 a2 1a 13 16 
31 a1 4a 43 83 84 34 38 a8 1a 
16 13 63 a3 13 4a 41 a1 4a 43 
a3 7a 74 a4 1a 13 a3 2a 21 a1 
2a 24 a4 1a 14 a4 2a 27 21 25 
71 75 15 17 a5 7a 71 a1 5a 51 
a1 5a 57 a7 1a 17 a7 1a 15 a5 
2a 27 27 31 32 12 41 47 a7 2a 
82 83 a3 7a 17 21 28 38 13 72 
a7 4a 41 a1 7a 71 a1 7a 74 a4 
7a 75 a5 1a 14 a4 1a 15 a5 7a 
71 a1 4a 45 a5 1a 17 a7 3a 31 
81 83 13 18 41 38 a3 5a 51 54 
a1 2a 12 14 15 24 31 32 82 83 
23 28 42 45 25 38 32 82 83 23 
12 51 a5 2a 28 38 a3 4a 42 a2 
4a 47 a7 2a 27 a7 3a 34 32 42 
82 84 83 43 23 24 28 34 38 32 
82 83 a2 5a 57 17 21 23 28 43 
48 38 32 34 82 18 71 a7 2a 24 
a4 7a 17 42 84 81 83 13 23 71 
a7 3a 43 42 48 a2 7a 17 54 51 
41 74 71 41 74 75 45 14 15 45 
14 17 47 21 28 18 34 32 31 21 
81 82 83 42 14 13 18 38 31 48 
34 14 21 24 84 82 42 14 51 57 
17 21 42 48 18 71 a7 2a 24 84 
82 42 a4 8a 83 a3 7a 17 21 23 
13 72 a7 3a 31 41 43 a3 7a 27 
12 14 71 a7 5a 34 23 52 a2 7a 
72 12 71 75 15 21 25 15 21 27 
17 32 31 41 43 13 14 51 a5 34 
23 3a 32 42 43 23 24 52 57 34 
a3 5a a5 75 7a 15 71 a1 5a 51 
a1 5a 57 a7 1a 17 a7 1a 15 a5 
7a 27 31 32 42 43 23 24 72 75 
a5 34 13 3a 31 41 43 13 14 81 
34 a3 5a 25 82 86 12 78 71 81 
28 26 86 72 78 28 12 18 28 31 
32 42 43 23 24 52 58 34 13 a8 
3a 31 41 43 13 14 51 34 a3 8a 
81 85 15 18 a5 3a 31 41 43 13 
14 51 58 34 a3 5a 18 51 a1 5a 
57 a7 1a 17 a7 3a 31 41 43 13 
14 71 34 a3 8a 81 87 17 18 a7 
3a 31 41 43 13 14 81 34 a3 2a 
82 12 71 72 12 71 78 18 21 28 
18 21 27 17 32 31 41 43 13 14 
81 87 17 34 31 41 43 13 21 72 
a7 4a 46 a6 7a 27 14 16 36 32 
31 21 61 62 63 12 13 16 36 31 
46 74 a7 2a 21 a1 7a 47 82 84 
24 72 74 24 72 78 28 42 48 28 
42 47 27 14 61 62 63 42 14 13 
16 23 26 36 43 51 52 54 12 51 
41 24 21 41 72 74 24 72 71 21 
42 41 21 74 72 42 74 75 45 24 
25 45 72 74 