#288200460 Attempt: 1 NumFcs=3 (FCPro - Solved)
74 7c ch 6c 6b 64 6h 6a 7h a6 
4a 74 b7 4b 47 b7 4b 4h 41 41 
64 16 41 64 86 86 87 6h 68 26 
23 6h a6 26 2a 21 a2 8a 8h 81 
38 31 32 81 37 76 78 68 67 87 
86 28 27 26 a2 87 1a 18 a8 1a 
14 a4 3a 31 41 85 81 28 27 87 
62 68 51 28 c2 6c b6 2b c2 8c 
82 c2 7c 78 c8 7c 72 c2 8c 82 
c2 7c 78 c8 7c 76 c6 8c 86 c6 
2c 28 c8 2c 26 c6 8c 86 c6 2c 
28 c8 2c b2 3b c3 8c 83 c3 6c 
68 c8 6c 63 c3 8c 83 c3 4c 48 
42 82 c2 46 45 1c 18 12 14 82 
c2 1c 18 c8 48 2c 24 28 48 c8 
2c 24 21 41 c1 8c 84 81 41 c1 
8c 84 82 42 c2 1c 18 12 14 82 
c2 1c 18 c8 48 2c 24 28 48 c8 
2c 24 21 41 c1 8c 84 81 41 c1 
8c 84 82 42 18 14 c2 12 1c 42 
82 14 18 48 24 52 45 c8 2c 24 
28 48 58 54 52 42 82 84 52 c4 
54 56 2c 25 28 58 48 45 42 52 
82 84 85 45 c5 2c 24 28 48 c8 
2c 24 c4 2c 21 c1 4c 41 c1 8c 
84 81 41 c1 8c 84 c4 8c 82 c2 
1c 18 14 c8 1c 12 c2 42 4c 41 
c1 21 2c 24 c4 5c 51 54 81 84 
14 15 18 58 48 c4 1c 12 15 c2 
3c 36 c6 2c 25 21 51 52 c1 2c 
25 c5 1c 15 c5 1c 12 c2 5c 52 
c2 5c 51 c1 8c 85 82 52 c2 4c 
48 45 28 25 24 85 84 28 21 81 
54 58 51 81 41 45 48 58 18 15 
14 85 84 81 41 48 c1 4c 42 c2 
82 1c 12 14 18 52 54 24 25 28 
21 81 82 12 18 52 42 45 48 58 
28 24 25 21 51 41 81 85 84 82 
42 52 12 c1 3c 38 34 35 c8 45 
1c 14 24 21 41 42 84 85 12 18 
28 21 81 c8 45 1c 81 82 c2 1c 
14 18 48 28 24 21 41 81 84 82 
42 12 18 14 28 24 21 41 42 c1 
2c 24 c4 1c 14 84 81 41 c4 6c 
65 68 58 56 c8 7c 87 86 85 76 
18 17 87 18 12 82 78 72 82 67 
65 68 58 56 78 57 67 65 75 76 
c7 8c 85 86 56 58 68 65 c8 7c 
56 57 67 65 75 76 87 85 86 56 
58 76 57 87 68 67 87 68 65 85 
78 75 85 78 76 86 27 28 78 57 
56 76 87 48 42 72 87 84 24 72 
c8 2c 27 47 42 72 74 57 24 c2 
6c 67 65 c7 3c 73 75 76 56 57 
36 53 73 67 63 73 67 65 75 37 
35 75 37 36 76 23 27 47 42 72 
74 57 56 76 24 27 47 42 72 37 
43 41 31 24 21 23 41 24 34 13 
14 34 73 71 41 34 57 53 73 67 
63 73 67 65 75 37 35 75 37 36 
76 13 17 37 13 12 32 c3 7c 72 
c2 6c 67 c7 6c 63 c3 7c 73 c3 
2c 27 c7 6c 68 c8 7c 47 42 c2 
7c 74 24 c2 5c 53 57 37 35 c7 
6c 76 75 73 65 27 26 46 42 62 
64 86 24 72 87 67 56 53 63 c6 
7c 76 c6 2c 27 47 42 72 74 57 
24 c2 8c 58 78 57 56 76 15 17 
57 85 86 56 18 15 85 78 75 85 
27 28 48 42 82 84 68 24 72 67 
87 38 37 87 38 36 86 78 76 86 
78 73 83 27 28 48 42 82 84 68 
63 24 72 67 37 36 87 38 68 63 
83 86 c8 7c 73 76 c3 2c 27 47 
42 72 74 37 36 76 24 27 47 42 
72 c7 4c 45 c5 1c 24 25 45 74 
72 52 45 17 14 