#322437948 Attempt: 1 NumFcs=3 (FCPro - Solved)
2c 52 5b 58 7a 73 53 25 26 42 
41 42 43 56 15 41 b4 14 51 1b 
41 45 46 15 b1 48 6b 64 b4 1b 
14 54 b5 7b 17 14 15 b1 7b 74 
b4 6b 67 b7 3b 23 b2 8b 84 b4 
8b 2h bh 86 1b 16 32 b6 16 16 
3b 36 31 61 b1 37 3b a3 6a 63 
a3 1a 13 a3 4a b4 8b 23 86 85 
16 28 26 86 36 31 38 61 68 63 
83 86 36 38 83 63 68 13 18 38 
31 36 81 86 83 63 68 13 18 38 
31 36 16 86 81 83 13 28 27 24 
63 61 62 31 32 36 12 16 26 21 
23 52 61 63 13 16 51 21 52 57 
27 36 35 32 52 62 65 63 53 23 
25 26 12 17 35 36 31 61 63 51 
53 27 13 15 16 35 36 32 31 21 
61 62 63 51 52 12 15 13 16 36 
31 61 63 51 21 25 23 53 13 12 
15 16 32 35 36 31 61 63 51 53 
45 21 23 42 47 52 13 15 a7 27 
2a 12 16 52 32 31 36 35 21 26 
25 16 15 65 62 61 63 21 62 51 
32 36 26 23 a2 5a 56 53 63 65 
72 a3 13 1a 15 a5 35 3a 31 36 
a1 8a 51 58 56 53 63 65 83 13 
18 15 85 35 31 38 36 51 58 56 
53 63 65 83 85 68 13 15 35 31 
86 51 53 58 56 13 18 38 35 36 
31 61 63 51 65 81 35 36 56 53 
85 86 15 16 18 13 83 56 53 41 
48 45 63 85 15 68 61 81 31 38 
36 86 16 18 13 83 41 48 63 18 
71 75 21 25 b2 42 6b 64 b4 34 
3b 36 15 b6 46 4b 43 b3 7b 74 
78 63 b4 7b 72 b2 82 8b 87 b7 
27 2b 28 b8 4b 47 24 b7 8b 84 
b4 6b 68 b8 38 3b 36 b6 86 8b 
83 b3 7b 78 74 63 84 b4 6b 68 
b8 38 3b 36 b6 86 8b 83 b3 7b 
78 72 82 b2 63 6b 68 b8 38 3b 
36 b6 86 8b 83 68 63 b6 4b 83 
48 42 82 b2 36 3b 38 b8 68 6b 
63 b3 83 8b 86 38 36 b3 4b 83 
48 47 36 34 64 63 6h 43 87 b7 
6b 68 b8 1b c1 4c b4 54 5b 52 
b2 42 4b c4 34 3c 38 c8 48 4c 
34 36 46 b4 1b c1 81 8c 86 24 
c6 16 1c 81 83 13 68 61 63 81 
c3 5c 58 57 87 c7 6c 65 68 13 
c5 2c 27 c7 47 4c 64 84 58 54 
84 65 68 56 68 65 1h 3h 2h 2h 
4h 7h 36 31 34 3h 1h 31 38 18 
31 35 